NUMERO_DE_VERTICES: 605
NUMERO_DE_ARESTAS: 1122
NUMERO_DE_CENARIOS: 5
INFLACAO: 20 %
PRIMEIRO ESTÁGIO:
1 2 22
3 4 26
5 6 33
7 8 29
9 10 33
11 12 23
13 14 27
15 16 15
15 17 24
18 19 47
18 20 12
21 22 31
16 23 42
24 25 34
24 26 33
27 28 19
16 29 37
30 31 27
32 33 31
34 35 13
36 37 29
38 39 28
40 41 29
40 42 38
43 44 26
43 45 30
46 47 49
48 49 13
50 51 40
52 53 19
52 54 19
52 55 23
56 57 45
58 59 35
60 61 35
60 62 18
60 63 11
64 65 38
66 67 10
68 69 28
68 70 24
71 72 42
73 74 42
75 76 28
77 78 36
79 80 36
79 81 34
82 83 13
84 85 28
86 87 17
88 89 24
90 91 22
92 93 18
92 94 36
92 95 28
96 97 13
98 99 49
100 101 35
102 103 1
104 105 26
106 107 38
106 108 34
49 109 42
110 111 55
112 113 22
114 115 32
85 116 38
117 118 11
119 120 16
121 122 32
123 124 22
125 126 21
127 128 9
129 130 17
129 131 26
132 133 15
132 134 18
135 136 24
137 138 28
139 140 22
139 141 36
142 143 20
144 145 31
144 146 20
147 148 33
147 149 6
107 150 34
151 152 24
153 154 20
153 155 18
59 156 49
74 157 22
126 146 31
158 159 20
160 161 9
160 162 35
163 164 46
165 166 25
167 168 6
167 169 31
167 170 28
115 171 25
172 173 38
174 175 33
176 177 19
178 179 8
180 181 7
180 182 27
69 183 32
184 185 20
186 187 29
188 189 28
188 190 16
191 192 40
193 194 46
6 44 41
44 195 12
196 197 24
198 199 45
200 201 42
202 203 47
204 205 31
204 206 22
207 208 7
166 209 31
10 210 14
211 212 36
213 214 13
215 216 20
217 218 34
219 220 9
221 222 24
223 224 9
89 225 39
226 227 33
216 228 31
229 230 10
229 231 16
229 232 12
233 234 40
233 235 22
236 237 33
236 238 37
201 239 45
240 241 26
242 243 17
244 245 30
246 247 36
246 248 40
143 249 33
249 250 24
251 252 19
253 254 31
253 255 26
256 257 11
256 258 24
70 259 11
260 261 28
262 263 21
264 265 16
51 266 66
267 268 3
269 270 27
197 269 17
271 272 25
273 274 14
272 275 33
276 277 19
278 279 34
278 280 29
164 281 31
2 282 14
283 284 29
283 285 22
225 286 14
287 288 14
287 289 43
227 290 25
22 291 21
291 292 26
194 293 22
294 295 24
237 296 44
22 292 20
297 298 35
297 299 20
300 301 23
302 303 30
302 304 29
113 305 27
306 307 21
308 309 31
101 175 14
220 310 13
311 312 21
313 314 31
313 315 32
316 317 46
31 318 34
31 319 33
320 321 26
290 322 8
323 324 21
325 326 43
152 327 26
234 328 40
329 330 17
331 332 35
301 333 15
209 334 16
209 335 19
122 336 23
336 337 13
338 339 34
340 341 16
317 342 23
343 344 34
345 346 23
208 345 31
347 348 33
347 349 18
350 351 39
350 352 25
277 353 30
277 354 19
170 355 24
355 356 29
187 357 19
358 359 20
360 361 22
8 360 43
362 363 30
364 365 18
366 367 33
87 368 28
368 369 15
234 370 42
63 346 35
214 371 27
372 373 18
374 375 37
41 376 28
377 378 26
379 380 40
14 381 12
382 383 2
384 385 23
26 386 19
387 388 19
159 389 29
390 391 4
392 393 21
247 373 33
247 248 15
314 394 34
314 395 30
396 397 9
396 398 29
399 400 38
157 401 29
402 403 40
404 405 12
406 407 30
406 408 19
409 410 23
411 412 23
413 414 36
80 81 34
265 415 29
416 417 33
418 419 7
420 421 18
420 422 40
423 424 30
425 426 40
427 428 13
199 429 25
339 430 33
405 431 32
143 250 30
289 410 7
78 432 27
78 312 33
433 434 42
435 436 25
187 437 27
438 439 15
62 63 8
440 441 61
442 443 27
444 445 18
441 446 40
447 448 60
447 449 4
450 451 23
452 453 27
454 455 19
456 457 43
254 458 25
459 460 20
461 462 20
461 463 21
373 464 17
465 466 13
465 467 22
468 469 21
341 463 23
470 471 26
403 472 40
263 473 29
474 475 25
476 477 38
476 478 45
393 466 18
479 480 23
388 481 8
482 483 21
482 484 14
455 485 33
486 487 30
488 489 26
183 337 25
33 490 28
133 261 29
491 492 38
493 494 19
108 495 24
496 497 41
498 499 32
333 500 15
501 502 15
378 503 11
503 504 17
397 505 23
506 507 27
72 508 35
509 510 13
148 149 38
511 512 32
42 513 38
514 515 9
514 516 31
6 195 40
517 518 33
519 520 22
521 522 33
279 523 11
279 524 45
525 526 16
527 528 5
222 529 8
405 417 20
305 530 14
426 531 16
378 504 10
532 533 30
534 535 23
210 389 28
150 536 34
523 524 46
537 538 32
162 539 32
540 541 36
542 543 16
542 544 27
545 546 12
547 548 8
449 549 18
549 550 21
201 551 29
552 553 41
554 555 24
487 556 28
398 557 6
544 558 37
559 560 19
561 562 24
563 564 42
443 528 43
500 565 14
138 566 35
352 567 22
497 568 32
541 569 36
570 571 43
572 573 16
572 574 21
575 576 38
539 577 38
578 579 27
578 580 15
581 582 28
422 583 45
584 585 47
586 587 16
263 407 34
407 588 26
407 589 36
562 590 8
224 591 27
564 592 29
593 594 33
595 596 14
155 597 6
598 599 30
395 600 22
601 602 40
589 603 15
286 604 10
543 544 27
574 605 36
1 50 141
1 51 122
1 347 41
1 349 36
1 469 28
3 9 55
3 244 25
3 511 15
4 511 18
4 512 18
5 260 15
5 365 92
6 365 62
7 361 88
7 366 63
9 512 50
10 389 23
11 33 50
11 367 46
11 490 46
12 33 38
12 367 24
12 490 34
13 464 27
13 470 14
14 373 22
14 464 23
15 29 36
17 506 103
19 262 55
19 602 14
21 291 12
21 292 28
22 227 21
23 29 29
23 524 53
23 570 81
24 254 68
24 255 106
24 433 114
25 597 27
26 86 23
27 294 20
28 149 25
28 295 59
28 415 44
29 420 80
29 570 102
29 583 32
30 318 42
32 186 44
32 187 58
32 437 46
32 490 26
34 91 20
34 117 19
34 118 9
34 343 46
35 90 18
35 117 7
35 118 8
35 501 40
36 67 113
36 271 89
36 272 96
36 414 33
37 205 38
37 413 23
38 236 40
38 238 32
38 476 100
38 477 65
38 480 34
39 238 18
39 479 24
40 513 6
41 425 85
41 513 33
42 108 30
42 341 25
42 461 28
42 463 24
43 195 35
45 455 40
45 485 30
46 380 48
46 450 39
47 232 54
47 249 42
48 60 45
48 109 42
48 198 25
49 96 42
49 198 37
50 209 37
50 335 37
50 348 93
50 469 168
51 348 74
51 469 149
52 269 63
52 270 62
52 545 16
52 546 25
53 545 10
53 546 21
53 559 27
53 560 26
54 55 7
55 269 41
55 270 40
56 95 111
56 120 103
56 203 114
56 362 114
57 120 77
58 156 62
59 416 28
61 63 34
61 346 30
62 207 21
62 208 26
62 345 31
64 194 25
64 293 25
64 534 13
64 535 16
65 328 28
65 370 21
67 271 90
67 272 97
68 558 212
68 592 86
69 70 45
69 259 55
69 316 63
70 316 25
70 558 206
71 142 95
72 210 152
72 533 134
72 576 121
72 593 137
73 100 15
73 101 28
73 175 34
74 114 35
75 166 35
75 332 77
76 332 63
77 312 9
78 243 46
79 212 35
79 289 71
79 410 76
79 566 53
80 211 37
80 212 9
81 211 54
81 212 26
81 566 64
82 137 86
82 165 74
82 566 54
83 137 82
83 165 70
84 509 3
84 510 12
85 230 63
85 509 30
86 386 27
87 386 31
88 260 28
90 117 22
91 161 61
91 343 46
91 530 32
92 187 21
93 95 31
93 187 11
93 357 16
94 298 20
94 299 23
95 187 40
95 203 111
95 297 31
95 357 45
95 362 111
96 384 49
97 384 53
97 605 2
98 136 29
98 163 38
98 182 141
98 361 90
98 392 109
98 465 99
98 466 97
99 163 83
99 164 71
99 328 57
100 356 22
102 581 28
102 582 4
103 486 47
103 582 4
104 240 53
104 270 53
104 290 66
105 240 41
105 241 32
106 495 20
107 536 5
108 340 22
108 522 52
109 198 44
110 577 36
111 399 48
111 400 28
111 577 78
112 554 68
112 555 61
113 554 73
113 555 66
114 171 55
115 306 101
115 492 92
116 585 2
117 501 35
119 319 70
120 319 66
121 345 48
121 346 45
122 337 34
123 273 24
123 274 31
123 275 42
124 273 41
124 275 32
125 146 23
125 552 76
126 285 32
126 552 94
127 150 48
127 151 86
127 188 38
127 190 23
128 150 56
128 151 94
128 190 24
129 276 14
129 277 20
130 131 14
130 354 25
131 284 26
131 354 16
132 321 10
133 321 24
134 286 25
134 320 20
134 321 9
134 604 26
135 163 29
135 458 28
136 163 12
137 165 96
137 409 13
138 409 16
138 410 25
139 191 29
139 192 31
139 298 30
140 191 28
140 192 13
141 191 13
141 241 110
141 350 81
141 567 77
144 339 63
144 374 87
145 339 50
145 374 83
148 201 51
148 344 49
149 415 54
150 151 104
150 255 182
151 218 76
151 327 17
151 521 140
152 255 80
152 433 103
153 597 21
154 155 12
154 388 21
154 481 22
156 172 129
156 173 165
156 400 154
157 169 84
158 389 17
158 457 37
160 305 25
161 162 43
161 305 21
161 530 34
165 209 11
165 334 18
165 335 28
167 338 70
167 339 71
167 355 47
168 169 29
168 170 23
168 338 71
168 339 72
168 355 42
169 251 69
169 252 86
169 401 88
170 356 27
171 306 116
171 460 20
171 492 107
172 399 41
172 400 34
172 416 137
173 399 10
173 416 173
174 307 6
174 382 6
174 383 7
175 307 33
176 230 64
176 510 23
177 178 107
177 244 98
177 478 187
177 480 146
177 504 257
177 510 28
177 511 94
178 244 151
178 479 34
178 511 147
178 561 28
179 561 22
179 562 44
180 205 7
181 205 10
181 206 26
182 361 142
182 392 50
182 465 101
183 514 32
184 422 71
184 570 118
185 422 74
186 437 5
189 190 36
189 375 35
191 241 110
191 350 81
191 567 77
193 296 27
194 534 23
196 226 65
196 227 46
196 290 52
196 322 54
196 498 22
197 226 67
197 227 48
197 290 54
197 322 56
199 403 38
200 519 28
200 551 21
201 344 78
202 493 23
202 494 31
203 362 25
204 320 21
204 413 31
205 206 27
208 385 23
210 457 37
210 533 68
210 576 153
210 593 185
213 371 16
213 488 34
214 488 34
215 228 46
215 594 53
217 402 25
217 434 8
217 472 12
218 327 71
218 434 27
219 251 167
219 252 170
219 310 16
219 401 170
219 468 24
219 547 65
219 548 70
221 424 33
221 497 96
221 529 21
222 424 17
222 496 89
223 578 33
223 580 26
224 578 26
224 580 23
225 239 155
225 604 17
226 292 25
227 292 25
227 322 20
228 594 8
229 245 28
229 250 19
230 231 12
230 232 15
231 232 26
231 245 29
232 249 22
233 328 78
235 425 46
236 476 79
236 477 44
236 478 98
239 551 41
240 270 70
241 350 77
241 368 106
241 567 73
242 552 44
242 553 21
243 432 38
244 478 231
244 480 190
244 504 301
244 511 26
245 250 13
246 476 88
246 478 52
247 372 36
247 464 19
248 464 28
248 470 30
248 471 26
251 401 25
251 547 188
252 547 191
253 433 78
253 458 29
255 327 91
255 433 71
255 521 164
256 483 21
256 586 24
256 587 9
257 258 29
257 302 37
257 586 23
257 587 14
258 483 23
259 316 17
259 558 216
262 588 39
262 602 65
263 588 28
264 415 16
265 537 44
265 538 27
266 348 48
266 440 7
267 438 69
267 439 61
267 554 28
268 438 70
268 439 62
268 554 27
270 290 65
271 395 29
271 600 35
274 582 4
278 523 41
279 280 27
280 523 24
280 575 32
281 426 29
281 531 30
282 300 22
283 353 44
283 517 52
284 285 14
285 517 44
288 483 48
288 484 39
293 534 14
293 535 36
294 344 25
295 344 44
298 299 16
301 500 14
301 565 27
303 304 26
304 462 25
306 308 45
306 309 27
306 324 160
306 331 170
306 383 16
306 436 154
306 460 133
306 492 63
307 382 4
308 375 20
310 468 10
311 517 35
313 318 76
313 394 5
313 541 72
314 315 13
315 395 35
315 600 39
316 558 224
318 541 72
320 413 32
323 331 15
323 332 23
323 436 51
323 482 121
324 331 11
324 436 62
324 459 52
324 492 122
325 554 47
325 555 29
326 554 82
326 555 66
326 577 41
327 433 114
328 370 9
329 363 28
330 363 37
331 459 62
331 492 132
333 565 28
334 335 14
336 558 118
338 374 68
338 430 9
340 495 18
341 461 5
347 469 68
348 440 52
349 469 63
349 548 38
350 368 66
350 567 9
351 352 17
351 567 33
353 354 20
358 448 57
358 550 79
359 421 23
359 507 29
361 392 110
361 465 105
361 466 103
364 397 101
364 444 211
364 445 198
364 505 98
364 549 12
365 397 110
365 444 220
365 445 207
365 449 22
365 505 107
365 549 21
366 540 33
367 540 28
368 386 15
369 386 1
371 503 47
371 578 65
372 464 29
373 381 21
374 430 60
376 381 23
377 503 16
377 504 27
379 451 11
380 442 37
380 451 47
384 542 33
385 542 39
385 543 33
387 481 12
389 457 30
390 546 64
391 412 78
391 499 47
391 515 46
391 516 26
396 557 25
397 398 37
400 416 162
401 547 191
402 472 25
404 417 24
404 431 21
404 537 15
405 416 29
406 588 16
407 473 35
408 588 20
411 498 33
412 499 61
412 516 56
414 604 38
418 427 52
418 502 21
419 427 50
419 502 16
420 507 30
420 583 54
421 507 24
423 496 92
424 496 83
425 522 82
426 522 73
431 537 14
434 472 18
435 482 70
435 586 63
436 459 62
436 492 116
442 584 35
444 505 124
445 505 111
447 549 18
447 550 13
450 475 34
451 474 79
451 475 56
451 568 201
452 518 39
453 518 58
454 589 22
454 603 15
455 589 16
455 603 24
456 532 71
456 533 72
456 571 26
459 492 122
460 492 124
462 463 21
474 568 134
475 568 151
477 478 65
478 480 77
478 504 164
478 511 227
480 504 147
480 511 186
483 484 15
486 520 55
487 596 35
488 527 29
488 528 31
489 527 14
489 528 11
497 529 97
499 516 33
499 546 52
501 581 29
503 578 70
504 511 297
506 601 33
515 516 24
519 551 41
521 536 38
522 531 79
523 575 43
525 593 19
525 594 37
526 594 45
532 571 64
533 571 65
533 576 135
533 593 167
539 598 39
539 599 68
540 569 8
543 558 53
545 559 31
556 595 17
556 596 8
561 590 20
572 605 36
573 574 6
576 593 50
579 591 11
CENÁRIO 1
PROBABILIDADE: 109/725 = 0.150345
QTD_ARESTAS_REQUERIDAS: 598
QTD_ARESTAS_NAO_REQUERIDAS: 524
1 2 26 1
3 4 31 1
5 6 39 1
7 8 34 1
9 10 33 0
11 12 23 0
13 14 32 1
15 16 15 0
15 17 24 0
18 19 47 0
18 20 12 0
21 22 37 1
16 23 50 1
24 25 40 1
24 26 33 0
27 28 19 0
16 29 37 0
30 31 27 0
32 33 37 1
34 35 15 1
36 37 34 1
38 39 33 1
40 41 34 1
40 42 38 0
43 44 26 0
43 45 30 0
46 47 58 1
48 49 13 0
50 51 40 0
52 53 22 1
52 54 19 0
52 55 27 1
56 57 45 0
58 59 42 1
60 61 42 1
60 62 21 1
60 63 11 0
64 65 45 1
66 67 12 1
68 69 33 1
68 70 28 1
71 72 42 0
73 74 42 0
75 76 33 1
77 78 36 0
79 80 36 0
79 81 34 0
82 83 13 0
84 85 28 0
86 87 17 0
88 89 28 1
90 91 26 1
92 93 21 1
92 94 36 0
92 95 33 1
96 97 15 1
98 99 58 1
100 101 35 0
102 103 1 0
104 105 31 1
106 107 38 0
106 108 34 0
49 109 50 1
110 111 55 0
112 113 26 1
114 115 38 1
85 116 38 0
117 118 13 1
119 120 19 1
121 122 32 0
123 124 22 0
125 126 21 0
127 128 10 1
129 130 17 0
129 131 26 0
132 133 18 1
132 134 18 0
135 136 28 1
137 138 33 1
139 140 26 1
139 141 36 0
142 143 24 1
144 145 31 0
144 146 20 0
147 148 33 0
147 149 6 0
107 150 40 1
151 152 24 0
153 154 24 1
153 155 21 1
59 156 58 1
74 157 22 0
126 146 37 1
158 159 20 0
160 161 10 1
160 162 35 0
163 164 55 1
165 166 30 1
167 168 6 0
167 169 37 1
167 170 33 1
115 171 30 1
172 173 38 0
174 175 39 1
176 177 22 1
178 179 8 0
180 181 7 0
180 182 27 0
69 183 38 1
184 185 24 1
186 187 34 1
188 189 28 0
188 190 16 0
191 192 48 1
193 194 55 1
6 44 41 0
44 195 14 1
196 197 24 0
198 199 54 1
200 201 50 1
202 203 47 0
204 205 37 1
204 206 26 1
207 208 7 0
166 209 37 1
10 210 14 0
211 212 43 1
213 214 15 1
215 216 24 1
217 218 40 1
219 220 9 0
221 222 28 1
223 224 9 0
89 225 46 1
226 227 39 1
216 228 31 0
229 230 12 1
229 231 19 1
229 232 14 1
233 234 40 0
233 235 22 0
236 237 33 0
236 238 44 1
201 239 45 0
240 241 31 1
242 243 20 1
244 245 36 1
246 247 43 1
246 248 40 0
143 249 33 0
249 250 28 1
251 252 22 1
253 254 31 0
253 255 26 0
256 257 13 1
256 258 28 1
70 259 13 1
260 261 33 1
262 263 21 0
264 265 16 0
51 266 79 1
267 268 3 1
269 270 27 0
197 269 17 0
271 272 30 1
273 274 14 0
272 275 39 1
276 277 19 0
278 279 40 1
278 280 29 0
164 281 37 1
2 282 14 0
283 284 34 1
283 285 26 1
225 286 16 1
287 288 16 1
287 289 43 0
227 290 30 1
22 291 25 1
291 292 26 0
194 293 22 0
294 295 28 1
237 296 44 0
22 292 24 1
297 298 42 1
297 299 20 0
300 301 27 1
302 303 36 1
302 304 34 1
113 305 32 1
306 307 25 1
308 309 31 0
101 175 16 1
220 310 15 1
311 312 21 0
313 314 37 1
313 315 38 1
316 317 55 1
31 318 40 1
31 319 33 0
320 321 26 0
290 322 9 1
323 324 21 0
325 326 51 1
152 327 26 0
234 328 48 1
329 330 20 1
331 332 42 1
301 333 18 1
209 334 16 0
209 335 19 0
122 336 27 1
336 337 13 0
338 339 34 0
340 341 19 1
317 342 23 0
343 344 40 1
345 346 23 0
208 345 37 1
347 348 39 1
347 349 18 0
350 351 46 1
350 352 25 0
277 353 36 1
277 354 19 0
170 355 28 1
355 356 34 1
187 357 19 0
358 359 24 1
360 361 26 1
8 360 51 1
362 363 36 1
364 365 21 1
366 367 39 1
87 368 33 1
368 369 15 0
234 370 42 0
63 346 42 1
214 371 32 1
372 373 18 0
374 375 37 0
41 376 33 1
377 378 31 1
379 380 48 1
14 381 14 1
382 383 2 0
384 385 27 1
26 386 22 1
387 388 19 0
159 389 34 1
390 391 4 1
392 393 21 0
247 373 39 1
247 248 15 0
314 394 40 1
314 395 30 0
396 397 10 1
396 398 34 1
399 400 45 1
157 401 34 1
402 403 40 0
404 405 14 1
406 407 30 0
406 408 19 0
409 410 23 0
411 412 23 0
413 414 36 0
80 81 40 1
265 415 34 1
416 417 33 0
418 419 7 0
420 421 21 1
420 422 48 1
423 424 36 1
425 426 40 0
427 428 15 1
199 429 25 0
339 430 33 0
405 431 32 0
143 250 30 0
289 410 8 1
78 432 27 0
78 312 33 0
433 434 50 1
435 436 30 1
187 437 32 1
438 439 15 0
62 63 8 0
440 441 73 1
442 443 27 0
444 445 21 1
441 446 40 0
447 448 60 0
447 449 4 0
450 451 27 1
452 453 32 1
454 455 22 1
456 457 51 1
254 458 30 1
459 460 24 1
461 462 24 1
461 463 25 1
373 464 20 1
465 466 13 0
465 467 26 1
468 469 21 0
341 463 27 1
470 471 31 1
403 472 48 1
263 473 34 1
474 475 25 0
476 477 38 0
476 478 45 0
393 466 18 0
479 480 27 1
388 481 9 1
482 483 25 1
482 484 14 0
455 485 33 0
486 487 36 1
488 489 31 1
183 337 30 1
33 490 28 0
133 261 34 1
491 492 45 1
493 494 19 0
108 495 28 1
496 497 49 1
498 499 32 0
333 500 18 1
501 502 18 1
378 503 13 1
503 504 17 0
397 505 23 0
506 507 27 0
72 508 42 1
509 510 13 0
148 149 38 0
511 512 32 0
42 513 45 1
514 515 9 0
514 516 37 1
6 195 40 0
517 518 33 0
519 520 26 1
521 522 39 1
279 523 13 1
279 524 54 1
525 526 16 0
527 528 6 1
222 529 8 0
405 417 20 0
305 530 16 1
426 531 19 1
378 504 10 0
532 533 30 0
534 535 23 0
210 389 28 0
150 536 34 0
523 524 46 0
537 538 38 1
162 539 32 0
540 541 43 1
542 543 16 0
542 544 27 0
545 546 14 1
547 548 8 0
449 549 21 1
549 550 21 0
201 551 29 0
552 553 41 0
554 555 24 0
487 556 33 1
398 557 6 0
544 558 44 1
559 560 19 0
561 562 24 0
563 564 42 0
443 528 43 0
500 565 14 0
138 566 35 0
352 567 26 1
497 568 38 1
541 569 36 0
570 571 43 0
572 573 19 1
572 574 25 1
575 576 45 1
539 577 45 1
578 579 32 1
578 580 18 1
581 582 28 0
422 583 54 1
584 585 47 0
586 587 19 1
263 407 40 1
407 588 26 0
407 589 36 0
562 590 9 1
224 591 27 0
564 592 34 1
593 594 39 1
595 596 16 1
155 597 7 1
598 599 36 1
395 600 22 0
601 602 40 0
589 603 18 1
286 604 10 0
543 544 32 1
574 605 43 1
1 50 141 0
1 51 122 0
1 347 41 0
1 349 43 1
1 469 33 1
3 9 55 0
3 244 30 1
3 511 15 0
4 511 18 0
4 512 18 0
5 260 15 0
5 365 110 1
6 365 62 0
7 361 88 0
7 366 63 0
9 512 60 1
10 389 27 1
11 33 50 0
11 367 46 0
11 490 55 1
12 33 38 0
12 367 24 0
12 490 34 0
13 464 27 0
13 470 14 0
14 373 22 0
14 464 27 1
15 29 43 1
17 506 103 0
19 262 66 1
19 602 14 0
21 291 12 0
21 292 33 1
22 227 25 1
23 29 29 0
23 524 63 1
23 570 81 0
24 254 81 1
24 255 127 1
24 433 114 0
25 597 32 1
26 86 27 1
27 294 20 0
28 149 25 0
28 295 59 0
28 415 52 1
29 420 80 0
29 570 122 1
29 583 38 1
30 318 42 0
32 186 52 1
32 187 69 1
32 437 55 1
32 490 26 0
34 91 24 1
34 117 19 0
34 118 10 1
34 343 46 0
35 90 21 1
35 117 8 1
35 118 9 1
35 501 48 1
36 67 135 1
36 271 89 0
36 272 115 1
36 414 39 1
37 205 38 0
37 413 23 0
38 236 48 1
38 238 32 0
38 476 100 0
38 477 65 0
38 480 40 1
39 238 18 0
39 479 24 0
40 513 7 1
41 425 85 0
41 513 33 0
42 108 36 1
42 341 30 1
42 461 28 0
42 463 28 1
43 195 35 0
45 455 40 0
45 485 30 0
46 380 48 0
46 450 46 1
47 232 54 0
47 249 42 0
48 60 54 1
48 109 50 1
48 198 25 0
49 96 50 1
49 198 44 1
50 209 37 0
50 335 37 0
50 348 111 1
50 469 168 0
51 348 88 1
51 469 178 1
52 269 75 1
52 270 62 0
52 545 16 0
52 546 30 1
53 545 10 0
53 546 25 1
53 559 27 0
53 560 26 0
54 55 8 1
55 269 41 0
55 270 40 0
56 95 133 1
56 120 103 0
56 203 114 0
56 362 136 1
57 120 77 0
58 156 74 1
59 416 28 0
61 63 40 1
61 346 36 1
62 207 21 0
62 208 26 0
62 345 37 1
64 194 25 0
64 293 30 1
64 534 15 1
64 535 16 0
65 328 28 0
65 370 25 1
67 271 108 1
67 272 97 0
68 558 212 0
68 592 103 1
69 70 45 0
69 259 66 1
69 316 63 0
70 316 25 0
70 558 247 1
71 142 95 0
72 210 152 0
72 533 134 0
72 576 145 1
72 593 164 1
73 100 15 0
73 101 33 1
73 175 40 1
74 114 42 1
75 166 42 1
75 332 77 0
76 332 75 1
77 312 9 0
78 243 46 0
79 212 35 0
79 289 71 0
79 410 76 0
79 566 63 1
80 211 37 0
80 212 10 1
81 211 64 1
81 212 26 0
81 566 76 1
82 137 86 0
82 165 88 1
82 566 54 0
83 137 98 1
83 165 70 0
84 509 3 0
84 510 14 1
85 230 75 1
85 509 36 1
86 386 32 1
87 386 31 0
88 260 33 1
90 117 22 0
91 161 73 1
91 343 46 0
91 530 38 1
92 187 25 1
93 95 31 0
93 187 11 0
93 357 19 1
94 298 24 1
94 299 23 0
95 187 48 1
95 203 133 1
95 297 31 0
95 357 45 0
95 362 111 0
96 384 49 0
97 384 53 0
97 605 2 0
98 136 34 1
98 163 38 0
98 182 141 0
98 361 90 0
98 392 130 1
98 465 118 1
98 466 97 0
99 163 99 1
99 164 71 0
99 328 68 1
100 356 26 1
102 581 33 1
102 582 4 0
103 486 56 1
103 582 4 1
104 240 63 1
104 270 53 0
104 290 66 0
105 240 49 1
105 241 38 1
106 495 24 1
107 536 5 0
108 340 22 0
108 522 52 0
109 198 44 0
110 577 43 1
111 399 48 0
111 400 33 1
111 577 78 0
112 554 81 1
112 555 61 0
113 554 87 1
113 555 66 0
114 171 55 0
115 306 121 1
115 492 110 1
116 585 2 1
117 501 42 1
119 319 84 1
120 319 66 0
121 345 48 0
121 346 54 1
122 337 34 0
123 273 24 0
123 274 37 1
123 275 50 1
124 273 49 1
124 275 38 1
125 146 23 0
125 552 76 0
126 285 38 1
126 552 112 1
127 150 57 1
127 151 103 1
127 188 38 0
127 190 23 0
128 150 67 1
128 151 112 1
128 190 24 0
129 276 16 1
129 277 24 1
130 131 14 0
130 354 30 1
131 284 26 0
131 354 16 0
132 321 12 1
133 321 28 1
134 286 25 0
134 320 20 0
134 321 9 0
134 604 26 0
135 163 34 1
135 458 33 1
136 163 14 1
137 165 115 1
137 409 15 1
138 409 16 0
138 410 25 0
139 191 34 1
139 192 31 0
139 298 30 0
140 191 28 0
140 192 15 1
141 191 13 0
141 241 132 1
141 350 81 0
141 567 92 1
144 339 75 1
144 374 104 1
145 339 50 0
145 374 83 0
148 201 61 1
148 344 58 1
149 415 54 0
150 151 124 1
150 255 218 1
151 218 76 0
151 327 17 0
151 521 140 0
152 255 96 1
152 433 123 1
153 597 25 1
154 155 12 0
154 388 25 1
154 481 26 1
156 172 154 1
156 173 198 1
156 400 154 0
157 169 84 0
158 389 17 0
158 457 37 0
160 305 25 0
161 162 51 1
161 305 21 0
161 530 34 0
165 209 13 1
165 334 18 0
165 335 28 0
167 338 70 0
167 339 85 1
167 355 47 0
168 169 34 1
168 170 23 0
168 338 85 1
168 339 72 0
168 355 50 1
169 251 69 0
169 252 86 0
169 401 88 0
170 356 27 0
171 306 116 0
171 460 24 1
171 492 128 1
172 399 41 0
172 400 40 1
172 416 137 0
173 399 10 0
173 416 207 1
174 307 7 1
174 382 7 1
174 383 8 1
175 307 39 1
176 230 76 1
176 510 23 0
177 178 107 0
177 244 98 0
177 478 224 1
177 480 146 0
177 504 257 0
177 510 28 0
177 511 94 0
178 244 151 0
178 479 34 0
178 511 176 1
178 561 33 1
179 561 22 0
179 562 52 1
180 205 7 0
181 205 12 1
181 206 26 0
182 361 170 1
182 392 60 1
182 465 101 0
183 514 32 0
184 422 85 1
184 570 118 0
185 422 74 0
186 437 5 0
189 190 43 1
189 375 42 1
191 241 110 0
191 350 97 1
191 567 77 0
193 296 27 0
194 534 27 1
196 226 65 0
196 227 55 1
196 290 62 1
196 322 64 1
196 498 22 0
197 226 80 1
197 227 57 1
197 290 54 0
197 322 56 0
199 403 38 0
200 519 28 0
200 551 25 1
201 344 78 0
202 493 27 1
202 494 37 1
203 362 25 0
204 320 25 1
204 413 31 0
205 206 27 0
208 385 23 0
210 457 44 1
210 533 81 1
210 576 183 1
210 593 185 0
213 371 19 1
213 488 34 0
214 488 40 1
215 228 46 0
215 594 63 1
217 402 25 0
217 434 8 0
217 472 14 1
218 327 71 0
218 434 32 1
219 251 200 1
219 252 204 1
219 310 19 1
219 401 204 1
219 468 24 0
219 547 65 0
219 548 70 0
221 424 39 1
221 497 115 1
221 529 21 0
222 424 17 0
222 496 106 1
223 578 39 1
223 580 31 1
224 578 26 0
224 580 27 1
225 239 186 1
225 604 20 1
226 292 30 1
227 292 30 1
227 322 20 0
228 594 9 1
229 245 33 1
229 250 19 0
230 231 12 0
230 232 15 0
231 232 31 1
231 245 29 0
232 249 26 1
233 328 93 1
235 425 55 1
236 476 79 0
236 477 52 1
236 478 98 0
239 551 49 1
240 270 84 1
241 350 92 1
241 368 127 1
241 567 73 0
242 552 44 0
242 553 21 0
243 432 45 1
244 478 277 1
244 480 190 0
244 504 301 0
244 511 26 0
245 250 13 0
246 476 88 0
246 478 62 1
247 372 43 1
247 464 22 1
248 464 33 1
248 470 36 1
248 471 26 0
251 401 30 1
251 547 188 0
252 547 229 1
253 433 93 1
253 458 34 1
255 327 109 1
255 433 85 1
255 521 196 1
256 483 25 1
256 586 28 1
256 587 10 1
257 258 34 1
257 302 37 0
257 586 27 1
257 587 16 1
258 483 27 1
259 316 20 1
259 558 216 0
262 588 39 0
262 602 65 0
263 588 33 1
264 415 19 1
265 537 44 0
265 538 32 1
266 348 48 0
266 440 7 0
267 438 82 1
267 439 73 1
267 554 33 1
268 438 70 0
268 439 62 0
268 554 32 1
270 290 78 1
271 395 34 1
271 600 42 1
274 582 4 1
278 523 49 1
279 280 32 1
280 523 28 1
280 575 38 1
281 426 29 0
281 531 30 0
282 300 22 0
283 353 52 1
283 517 62 1
284 285 16 1
285 517 52 1
288 483 57 1
288 484 46 1
293 534 16 1
293 535 36 0
294 344 30 1
295 344 44 0
298 299 16 0
301 500 16 1
301 565 32 1
303 304 26 0
304 462 30 1
306 308 54 1
306 309 32 1
306 324 192 1
306 331 170 0
306 383 19 1
306 436 184 1
306 460 133 0
306 492 75 1
307 382 4 0
308 375 20 0
310 468 12 1
311 517 35 0
313 318 76 0
313 394 6 1
313 541 72 0
314 315 15 1
315 395 35 0
315 600 46 1
316 558 268 1
318 541 72 0
320 413 38 1
323 331 18 1
323 332 23 0
323 436 51 0
323 482 145 1
324 331 11 0
324 436 74 1
324 459 62 1
324 492 146 1
325 554 47 0
325 555 29 0
326 554 82 0
326 555 66 0
326 577 49 1
327 433 136 1
328 370 10 1
329 363 33 1
330 363 37 0
331 459 74 1
331 492 132 0
333 565 33 1
334 335 16 1
336 558 141 1
338 374 81 1
338 430 10 1
340 495 21 1
341 461 6 1
347 469 68 0
348 440 62 1
349 469 63 0
349 548 38 0
350 368 66 0
350 567 9 0
351 352 17 0
351 567 39 1
353 354 20 0
358 448 68 1
358 550 79 0
359 421 27 1
359 507 29 0
361 392 110 0
361 465 126 1
361 466 103 0
364 397 101 0
364 444 253 1
364 445 237 1
364 505 117 1
364 549 12 0
365 397 110 0
365 444 264 1
365 445 207 0
365 449 22 0
365 505 128 1
365 549 25 1
366 540 33 0
367 540 33 1
368 386 18 1
369 386 1 1
371 503 56 1
371 578 78 1
372 464 34 1
373 381 21 0
374 430 72 1
376 381 23 0
377 503 16 0
377 504 27 0
379 451 13 1
380 442 37 0
380 451 56 1
384 542 33 0
385 542 46 1
385 543 33 0
387 481 14 1
389 457 30 0
390 546 76 1
391 412 78 0
391 499 56 1
391 515 55 1
391 516 26 0
396 557 30 1
397 398 37 0
400 416 162 0
401 547 229 1
402 472 25 0
404 417 28 1
404 431 21 0
404 537 18 1
405 416 34 1
406 588 16 0
407 473 35 0
408 588 24 1
411 498 33 0
412 499 61 0
412 516 67 1
414 604 45 1
418 427 52 0
418 502 25 1
419 427 50 0
419 502 16 0
420 507 30 0
420 583 64 1
421 507 24 0
423 496 92 0
424 496 83 0
425 522 82 0
426 522 87 1
431 537 16 1
434 472 18 0
435 482 70 0
435 586 63 0
436 459 74 1
436 492 139 1
442 584 42 1
444 505 148 1
445 505 133 1
447 549 18 0
447 550 13 0
450 475 34 0
451 474 79 0
451 475 56 0
451 568 241 1
452 518 39 0
453 518 69 1
454 589 26 1
454 603 15 0
455 589 16 0
455 603 28 1
456 532 85 1
456 533 86 1
456 571 26 0
459 492 122 0
460 492 148 1
462 463 21 0
474 568 160 1
475 568 151 0
477 478 65 0
478 480 92 1
478 504 164 0
478 511 272 1
480 504 147 0
480 511 186 0
483 484 18 1
486 520 66 1
487 596 35 0
488 527 34 1
488 528 37 1
489 527 16 1
489 528 13 1
497 529 97 0
499 516 39 1
499 546 52 0
501 581 29 0
503 578 84 1
504 511 356 1
506 601 33 0
515 516 28 1
519 551 49 1
521 536 45 1
522 531 94 1
523 575 51 1
525 593 22 1
525 594 37 0
526 594 54 1
532 571 76 1
533 571 65 0
533 576 162 1
533 593 200 1
539 598 46 1
539 599 68 0
540 569 9 1
543 558 53 0
545 559 37 1
556 595 17 0
556 596 9 1
561 590 20 0
572 605 43 1
573 574 6 0
576 593 60 1
579 591 11 0

CENÁRIO 2
PROBABILIDADE: 6/725 = 0.00827586
QTD_ARESTAS_REQUERIDAS: 562
QTD_ARESTAS_NAO_REQUERIDAS: 560
1 2 22 0
3 4 31 1
5 6 33 0
7 8 34 1
9 10 33 0
11 12 23 0
13 14 27 0
15 16 15 0
15 17 28 1
18 19 47 0
18 20 14 1
21 22 31 0
16 23 42 0
24 25 34 0
24 26 33 0
27 28 19 0
16 29 37 0
30 31 32 1
32 33 31 0
34 35 13 0
36 37 34 1
38 39 33 1
40 41 29 0
40 42 45 1
43 44 31 1
43 45 30 0
46 47 49 0
48 49 15 1
50 51 48 1
52 53 19 0
52 54 19 0
52 55 23 0
56 57 45 0
58 59 35 0
60 61 42 1
60 62 18 0
60 63 13 1
64 65 45 1
66 67 10 0
68 69 33 1
68 70 28 1
71 72 50 1
73 74 42 0
75 76 28 0
77 78 36 0
79 80 36 0
79 81 40 1
82 83 15 1
84 85 28 0
86 87 20 1
88 89 24 0
90 91 22 0
92 93 18 0
92 94 43 1
92 95 28 0
96 97 15 1
98 99 49 0
100 101 35 0
102 103 1 0
104 105 26 0
106 107 38 0
106 108 40 1
49 109 42 0
110 111 66 1
112 113 22 0
114 115 32 0
85 116 38 0
117 118 13 1
119 120 16 0
121 122 38 1
123 124 22 0
125 126 21 0
127 128 9 0
129 130 20 1
129 131 31 1
132 133 18 1
132 134 21 1
135 136 28 1
137 138 33 1
139 140 26 1
139 141 43 1
142 143 20 0
144 145 31 0
144 146 20 0
147 148 39 1
147 149 6 0
107 150 34 0
151 152 24 0
153 154 20 0
153 155 21 1
59 156 49 0
74 157 22 0
126 146 37 1
158 159 24 1
160 161 10 1
160 162 42 1
163 164 55 1
165 166 30 1
167 168 6 0
167 169 31 0
167 170 33 1
115 171 30 1
172 173 45 1
174 175 33 0
176 177 19 0
178 179 9 1
180 181 7 0
180 182 32 1
69 183 32 0
184 185 20 0
186 187 29 0
188 189 28 0
188 190 19 1
191 192 48 1
193 194 46 0
6 44 41 0
44 195 14 1
196 197 24 0
198 199 54 1
200 201 42 0
202 203 56 1
204 205 31 0
204 206 22 0
207 208 7 0
166 209 31 0
10 210 14 0
211 212 43 1
213 214 13 0
215 216 20 0
217 218 40 1
219 220 9 0
221 222 24 0
223 224 9 0
89 225 39 0
226 227 39 1
216 228 31 0
229 230 10 0
229 231 16 0
229 232 12 0
233 234 40 0
233 235 26 1
236 237 39 1
236 238 44 1
201 239 45 0
240 241 26 0
242 243 17 0
244 245 36 1
246 247 43 1
246 248 48 1
143 249 39 1
249 250 24 0
251 252 19 0
253 254 31 0
253 255 31 1
256 257 11 0
256 258 28 1
70 259 13 1
260 261 33 1
262 263 25 1
264 265 16 0
51 266 79 1
267 268 3 1
269 270 27 0
197 269 20 1
271 272 30 1
273 274 14 0
272 275 39 1
276 277 19 0
278 279 34 0
278 280 34 1
164 281 37 1
2 282 14 0
283 284 29 0
283 285 22 0
225 286 14 0
287 288 16 1
287 289 43 0
227 290 30 1
22 291 25 1
291 292 26 0
194 293 26 1
294 295 28 1
237 296 52 1
22 292 24 1
297 298 35 0
297 299 20 0
300 301 27 1
302 303 30 0
302 304 29 0
113 305 27 0
306 307 21 0
308 309 31 0
101 175 16 1
220 310 15 1
311 312 25 1
313 314 37 1
313 315 38 1
316 317 46 0
31 318 34 0
31 319 33 0
320 321 31 1
290 322 9 1
323 324 21 0
325 326 43 0
152 327 31 1
234 328 48 1
329 330 17 0
331 332 35 0
301 333 18 1
209 334 19 1
209 335 19 0
122 336 27 1
336 337 13 0
338 339 34 0
340 341 16 0
317 342 23 0
343 344 34 0
345 346 23 0
208 345 37 1
347 348 33 0
347 349 18 0
350 351 39 0
350 352 30 1
277 353 30 0
277 354 22 1
170 355 28 1
355 356 34 1
187 357 19 0
358 359 20 0
360 361 22 0
8 360 43 0
362 363 36 1
364 365 21 1
366 367 39 1
87 368 33 1
368 369 18 1
234 370 42 0
63 346 35 0
214 371 27 0
372 373 21 1
374 375 37 0
41 376 28 0
377 378 26 0
379 380 48 1
14 381 14 1
382 383 2 1
384 385 23 0
26 386 19 0
387 388 19 0
159 389 29 0
390 391 4 1
392 393 25 1
247 373 39 1
247 248 15 0
314 394 40 1
314 395 36 1
396 397 10 1
396 398 29 0
399 400 45 1
157 401 29 0
402 403 48 1
404 405 14 1
406 407 36 1
406 408 19 0
409 410 27 1
411 412 23 0
413 414 43 1
80 81 34 0
265 415 34 1
416 417 39 1
418 419 8 1
420 421 18 0
420 422 48 1
423 424 36 1
425 426 48 1
427 428 13 0
199 429 30 1
339 430 33 0
405 431 32 0
143 250 36 1
289 410 7 0
78 432 32 1
78 312 39 1
433 434 50 1
435 436 30 1
187 437 32 1
438 439 18 1
62 63 8 0
440 441 61 0
442 443 27 0
444 445 21 1
441 446 48 1
447 448 60 0
447 449 4 1
450 451 23 0
452 453 27 0
454 455 19 0
456 457 43 0
254 458 25 0
459 460 20 0
461 462 24 1
461 463 25 1
373 464 17 0
465 466 15 1
465 467 26 1
468 469 21 0
341 463 23 0
470 471 31 1
403 472 48 1
263 473 29 0
474 475 25 0
476 477 45 1
476 478 54 1
393 466 18 0
479 480 27 1
388 481 9 1
482 483 25 1
482 484 14 0
455 485 39 1
486 487 30 0
488 489 31 1
183 337 25 0
33 490 28 0
133 261 34 1
491 492 45 1
493 494 22 1
108 495 28 1
496 497 49 1
498 499 38 1
333 500 18 1
501 502 15 0
378 503 11 0
503 504 20 1
397 505 23 0
506 507 27 0
72 508 42 1
509 510 13 0
148 149 45 1
511 512 32 0
42 513 38 0
514 515 10 1
514 516 31 0
6 195 40 0
517 518 39 1
519 520 22 0
521 522 33 0
279 523 11 0
279 524 45 0
525 526 19 1
527 528 6 1
222 529 9 1
405 417 20 0
305 530 14 0
426 531 19 1
378 504 12 1
532 533 30 0
534 535 23 0
210 389 33 1
150 536 40 1
523 524 55 1
537 538 32 0
162 539 38 1
540 541 43 1
542 543 19 1
542 544 32 1
545 546 12 0
547 548 9 1
449 549 18 0
549 550 25 1
201 551 34 1
552 553 49 1
554 555 28 1
487 556 28 0
398 557 6 0
544 558 44 1
559 560 22 1
561 562 28 1
563 564 42 0
443 528 51 1
500 565 16 1
138 566 35 0
352 567 26 1
497 568 38 1
541 569 43 1
570 571 43 0
572 573 16 0
572 574 25 1
575 576 45 1
539 577 38 0
578 579 27 0
578 580 18 1
581 582 33 1
422 583 54 1
584 585 47 0
586 587 16 0
263 407 34 0
407 588 31 1
407 589 43 1
562 590 9 1
224 591 27 0
564 592 29 0
593 594 39 1
595 596 14 0
155 597 7 1
598 599 36 1
395 600 26 1
601 602 48 1
589 603 15 0
286 604 10 0
543 544 32 1
574 605 43 1
1 50 141 0
1 51 122 0
1 347 41 0
1 349 36 0
1 469 33 1
3 9 55 0
3 244 30 1
3 511 15 0
4 511 21 1
4 512 18 0
5 260 15 0
5 365 92 0
6 365 74 1
7 361 105 1
7 366 63 0
9 512 50 0
10 389 27 1
11 33 50 0
11 367 46 0
11 490 55 1
12 33 45 1
12 367 28 1
12 490 34 0
13 464 27 0
13 470 14 0
14 373 22 0
14 464 23 0
15 29 43 1
17 506 103 0
19 262 66 1
19 602 14 0
21 291 12 0
21 292 33 1
22 227 21 0
23 29 34 1
23 524 53 0
23 570 97 1
24 254 68 0
24 255 127 1
24 433 136 1
25 597 32 1
26 86 27 1
27 294 24 1
28 149 25 0
28 295 70 1
28 415 52 1
29 420 96 1
29 570 122 1
29 583 38 1
30 318 42 0
32 186 44 0
32 187 69 1
32 437 55 1
32 490 26 0
34 91 24 1
34 117 22 1
34 118 10 1
34 343 55 1
35 90 21 1
35 117 8 1
35 118 9 1
35 501 40 0
36 67 135 1
36 271 89 0
36 272 96 0
36 414 33 0
37 205 38 0
37 413 23 0
38 236 40 0
38 238 38 1
38 476 120 1
38 477 65 0
38 480 34 0
39 238 21 1
39 479 24 0
40 513 7 1
41 425 85 0
41 513 33 0
42 108 30 0
42 341 25 0
42 461 28 0
42 463 28 1
43 195 35 0
45 455 40 0
45 485 36 1
46 380 48 0
46 450 39 0
47 232 54 0
47 249 50 1
48 60 54 1
48 109 42 0
48 198 30 1
49 96 42 0
49 198 37 0
50 209 37 0
50 335 44 1
50 348 93 0
50 469 168 0
51 348 88 1
51 469 149 0
52 269 63 0
52 270 62 0
52 545 19 1
52 546 25 0
53 545 12 1
53 546 21 0
53 559 27 0
53 560 31 1
54 55 8 1
55 269 41 0
55 270 40 0
56 95 111 0
56 120 103 0
56 203 114 0
56 362 136 1
57 120 92 1
58 156 62 0
59 416 33 1
61 63 34 0
61 346 36 1
62 207 25 1
62 208 26 0
62 345 31 0
64 194 25 0
64 293 25 0
64 534 15 1
64 535 19 1
65 328 28 0
65 370 21 0
67 271 90 0
67 272 116 1
68 558 254 1
68 592 86 0
69 70 45 0
69 259 55 0
69 316 63 0
70 316 30 1
70 558 206 0
71 142 114 1
72 210 182 1
72 533 160 1
72 576 121 0
72 593 164 1
73 100 15 0
73 101 33 1
73 175 40 1
74 114 35 0
75 166 35 0
75 332 77 0
76 332 75 1
77 312 10 1
78 243 55 1
79 212 42 1
79 289 71 0
79 410 91 1
79 566 53 0
80 211 37 0
80 212 9 0
81 211 64 1
81 212 26 0
81 566 64 0
82 137 103 1
82 165 74 0
82 566 54 0
83 137 82 0
83 165 84 1
84 509 3 1
84 510 12 0
85 230 63 0
85 509 30 0
86 386 32 1
87 386 37 1
88 260 33 1
90 117 26 1
91 161 73 1
91 343 55 1
91 530 38 1
92 187 25 1
93 95 31 0
93 187 11 0
93 357 19 1
94 298 24 1
94 299 27 1
95 187 48 1
95 203 133 1
95 297 31 0
95 357 54 1
95 362 111 0
96 384 49 0
97 384 53 0
97 605 2 1
98 136 34 1
98 163 45 1
98 182 169 1
98 361 90 0
98 392 109 0
98 465 99 0
98 466 97 0
99 163 83 0
99 164 71 0
99 328 68 1
100 356 26 1
102 581 33 1
102 582 4 1
103 486 56 1
103 582 4 0
104 240 63 1
104 270 53 0
104 290 79 1
105 240 49 1
105 241 38 1
106 495 20 0
107 536 5 0
108 340 22 0
108 522 62 1
109 198 44 0
110 577 36 0
111 399 57 1
111 400 33 1
111 577 93 1
112 554 81 1
112 555 73 1
113 554 87 1
113 555 79 1
114 171 66 1
115 306 101 0
115 492 92 0
116 585 2 1
117 501 35 0
119 319 84 1
120 319 79 1
121 345 48 0
121 346 54 1
122 337 40 1
123 273 24 0
123 274 31 0
123 275 42 0
124 273 41 0
124 275 38 1
125 146 23 0
125 552 76 0
126 285 32 0
126 552 94 0
127 150 57 1
127 151 86 0
127 188 45 1
127 190 27 1
128 150 67 1
128 151 112 1
128 190 24 0
129 276 16 1
129 277 20 0
130 131 16 1
130 354 25 0
131 284 31 1
131 354 19 1
132 321 10 0
133 321 28 1
134 286 25 0
134 320 20 0
134 321 10 1
134 604 31 1
135 163 29 0
135 458 33 1
136 163 12 0
137 165 96 0
137 409 13 0
138 409 19 1
138 410 25 0
139 191 29 0
139 192 37 1
139 298 30 0
140 191 28 0
140 192 13 0
141 191 15 1
141 241 132 1
141 350 81 0
141 567 77 0
144 339 63 0
144 374 104 1
145 339 60 1
145 374 83 0
148 201 61 1
148 344 58 1
149 415 54 0
150 151 124 1
150 255 182 0
151 218 91 1
151 327 17 0
151 521 168 1
152 255 80 0
152 433 103 0
153 597 25 1
154 155 12 0
154 388 21 0
154 481 26 1
156 172 154 1
156 173 198 1
156 400 184 1
157 169 84 0
158 389 17 0
158 457 44 1
160 305 30 1
161 162 51 1
161 305 21 0
161 530 40 1
165 209 13 1
165 334 18 0
165 335 33 1
167 338 84 1
167 339 85 1
167 355 47 0
168 169 34 1
168 170 27 1
168 338 85 1
168 339 72 0
168 355 42 0
169 251 69 0
169 252 103 1
169 401 105 1
170 356 32 1
171 306 116 0
171 460 24 1
171 492 128 1
172 399 41 0
172 400 34 0
172 416 164 1
173 399 12 1
173 416 173 0
174 307 7 1
174 382 7 1
174 383 8 1
175 307 39 1
176 230 76 1
176 510 27 1
177 178 107 0
177 244 98 0
177 478 224 1
177 480 175 1
177 504 257 0
177 510 33 1
177 511 112 1
178 244 151 0
178 479 34 0
178 511 176 1
178 561 33 1
179 561 22 0
179 562 52 1
180 205 8 1
181 205 12 1
181 206 26 0
182 361 142 0
182 392 60 1
182 465 101 0
183 514 38 1
184 422 85 1
184 570 118 0
185 422 88 1
186 437 5 0
189 190 36 0
189 375 35 0
191 241 132 1
191 350 81 0
191 567 77 0
193 296 27 0
194 534 23 0
196 226 65 0
196 227 55 1
196 290 52 0
196 322 64 1
196 498 26 1
197 226 67 0
197 227 57 1
197 290 64 1
197 322 67 1
199 403 45 1
200 519 33 1
200 551 25 1
201 344 78 0
202 493 27 1
202 494 31 0
203 362 30 1
204 320 25 1
204 413 37 1
205 206 27 0
208 385 27 1
210 457 44 1
210 533 68 0
210 576 183 1
210 593 222 1
213 371 19 1
213 488 34 0
214 488 34 0
215 228 46 0
215 594 53 0
217 402 25 0
217 434 8 0
217 472 12 0
218 327 71 0
218 434 27 0
219 251 167 0
219 252 204 1
219 310 19 1
219 401 170 0
219 468 28 1
219 547 65 0
219 548 84 1
221 424 33 0
221 497 96 0
221 529 21 0
222 424 20 1
222 496 106 1
223 578 33 0
223 580 26 0
224 578 31 1
224 580 27 1
225 239 186 1
225 604 17 0
226 292 30 1
227 292 30 1
227 322 20 0
228 594 8 0
229 245 28 0
229 250 22 1
230 231 12 0
230 232 15 0
231 232 31 1
231 245 29 0
232 249 26 1
233 328 78 0
235 425 46 0
236 476 79 0
236 477 52 1
236 478 98 0
239 551 41 0
240 270 70 0
241 350 77 0
241 368 106 0
241 567 73 0
242 552 52 1
242 553 25 1
243 432 38 0
244 478 277 1
244 480 228 1
244 504 301 0
244 511 31 1
245 250 13 0
246 476 88 0
246 478 62 1
247 372 43 1
247 464 22 1
248 464 28 0
248 470 36 1
248 471 26 0
251 401 30 1
251 547 188 0
252 547 229 1
253 433 78 0
253 458 34 1
255 327 109 1
255 433 71 0
255 521 196 1
256 483 21 0
256 586 24 0
256 587 10 1
257 258 29 0
257 302 37 0
257 586 27 1
257 587 16 1
258 483 23 0
259 316 17 0
259 558 216 0
262 588 46 1
262 602 78 1
263 588 33 1
264 415 16 0
265 537 52 1
265 538 27 0
266 348 57 1
266 440 7 0
267 438 82 1
267 439 73 1
267 554 28 0
268 438 70 0
268 439 74 1
268 554 32 1
270 290 65 0
271 395 29 0
271 600 42 1
274 582 4 1
278 523 41 0
279 280 27 0
280 523 24 0
280 575 38 1
281 426 34 1
281 531 36 1
282 300 26 1
283 353 44 0
283 517 62 1
284 285 16 1
285 517 44 0
288 483 57 1
288 484 39 0
293 534 16 1
293 535 36 0
294 344 25 0
295 344 44 0
298 299 19 1
301 500 16 1
301 565 27 0
303 304 31 1
304 462 25 0
306 308 54 1
306 309 27 0
306 324 192 1
306 331 204 1
306 383 16 0
306 436 184 1
306 460 133 0
306 492 75 1
307 382 4 0
308 375 24 1
310 468 12 1
311 517 42 1
313 318 91 1
313 394 5 0
313 541 86 1
314 315 15 1
315 395 42 1
315 600 39 0
316 558 224 0
318 541 86 1
320 413 38 1
323 331 18 1
323 332 23 0
323 436 51 0
323 482 121 0
324 331 13 1
324 436 74 1
324 459 62 1
324 492 146 1
325 554 47 0
325 555 29 0
326 554 82 0
326 555 66 0
326 577 41 0
327 433 114 0
328 370 10 1
329 363 28 0
330 363 44 1
331 459 74 1
331 492 132 0
333 565 28 0
334 335 16 1
336 558 118 0
338 374 68 0
338 430 10 1
340 495 18 0
341 461 5 0
347 469 81 1
348 440 52 0
349 469 75 1
349 548 38 0
350 368 79 1
350 567 9 0
351 352 17 0
351 567 33 0
353 354 20 0
358 448 57 0
358 550 79 0
359 421 23 0
359 507 34 1
361 392 110 0
361 465 105 0
361 466 123 1
364 397 121 1
364 444 253 1
364 445 198 0
364 505 117 1
364 549 12 0
365 397 110 0
365 444 220 0
365 445 207 0
365 449 26 1
365 505 128 1
365 549 25 1
366 540 39 1
367 540 28 0
368 386 18 1
369 386 1 1
371 503 56 1
371 578 78 1
372 464 29 0
373 381 25 1
374 430 72 1
376 381 23 0
377 503 16 0
377 504 32 1
379 451 11 0
380 442 44 1
380 451 56 1
384 542 33 0
385 542 46 1
385 543 33 0
387 481 12 0
389 457 36 1
390 546 76 1
391 412 78 0
391 499 47 0
391 515 55 1
391 516 26 0
396 557 30 1
397 398 44 1
400 416 194 1
401 547 229 1
402 472 25 0
404 417 24 0
404 431 25 1
404 537 15 0
405 416 34 1
406 588 19 1
407 473 42 1
408 588 24 1
411 498 33 0
412 499 73 1
412 516 67 1
414 604 38 0
418 427 62 1
418 502 25 1
419 427 50 0
419 502 19 1
420 507 36 1
420 583 54 0
421 507 24 0
423 496 110 1
424 496 83 0
425 522 98 1
426 522 73 0
431 537 14 0
434 472 21 1
435 482 84 1
435 586 63 0
436 459 74 1
436 492 116 0
442 584 42 1
444 505 124 0
445 505 111 0
447 549 21 1
447 550 15 1
450 475 34 0
451 474 94 1
451 475 67 1
451 568 201 0
452 518 39 0
453 518 58 0
454 589 22 0
454 603 18 1
455 589 19 1
455 603 24 0
456 532 85 1
456 533 72 0
456 571 26 0
459 492 122 0
460 492 148 1
462 463 21 0
474 568 160 1
475 568 181 1
477 478 78 1
478 480 77 0
478 504 164 0
478 511 227 0
480 504 147 0
480 511 223 1
483 484 15 0
486 520 66 1
487 596 42 1
488 527 34 1
488 528 37 1
489 527 16 1
489 528 11 0
497 529 116 1
499 516 39 1
499 546 62 1
501 581 34 1
503 578 70 0
504 511 356 1
506 601 33 0
515 516 24 0
519 551 49 1
521 536 45 1
522 531 79 0
523 575 43 0
525 593 19 0
525 594 44 1
526 594 54 1
532 571 76 1
533 571 78 1
533 576 135 0
533 593 200 1
539 598 39 0
539 599 68 0
540 569 8 0
543 558 53 0
545 559 37 1
556 595 20 1
556 596 9 1
561 590 24 1
572 605 36 0
573 574 7 1
576 593 60 1
579 591 11 0

CENÁRIO 3
PROBABILIDADE: 148/725 = 0.204138
QTD_ARESTAS_REQUERIDAS: 573
QTD_ARESTAS_NAO_REQUERIDAS: 549
1 2 26 1
3 4 26 0
5 6 33 0
7 8 34 1
9 10 33 0
11 12 27 1
13 14 32 1
15 16 18 1
15 17 28 1
18 19 56 1
18 20 14 1
21 22 37 1
16 23 42 0
24 25 34 0
24 26 33 0
27 28 22 1
16 29 37 0
30 31 27 0
32 33 37 1
34 35 13 0
36 37 29 0
38 39 33 1
40 41 34 1
40 42 38 0
43 44 26 0
43 45 36 1
46 47 49 0
48 49 15 1
50 51 48 1
52 53 19 0
52 54 19 0
52 55 23 0
56 57 54 1
58 59 42 1
60 61 35 0
60 62 18 0
60 63 11 0
64 65 45 1
66 67 12 1
68 69 28 0
68 70 28 1
71 72 50 1
73 74 50 1
75 76 28 0
77 78 36 0
79 80 43 1
79 81 40 1
82 83 15 1
84 85 28 0
86 87 20 1
88 89 24 0
90 91 22 0
92 93 21 1
92 94 43 1
92 95 28 0
96 97 13 0
98 99 49 0
100 101 42 1
102 103 1 1
104 105 26 0
106 107 45 1
106 108 40 1
49 109 50 1
110 111 55 0
112 113 26 1
114 115 32 0
85 116 38 0
117 118 11 0
119 120 16 0
121 122 38 1
123 124 22 0
125 126 21 0
127 128 10 1
129 130 17 0
129 131 26 0
132 133 15 0
132 134 21 1
135 136 28 1
137 138 28 0
139 140 22 0
139 141 43 1
142 143 24 1
144 145 31 0
144 146 20 0
147 148 33 0
147 149 7 1
107 150 34 0
151 152 28 1
153 154 24 1
153 155 21 1
59 156 49 0
74 157 22 0
126 146 31 0
158 159 24 1
160 161 9 0
160 162 42 1
163 164 46 0
165 166 25 0
167 168 6 0
167 169 37 1
167 170 33 1
115 171 30 1
172 173 45 1
174 175 33 0
176 177 19 0
178 179 8 0
180 181 7 0
180 182 27 0
69 183 32 0
184 185 24 1
186 187 29 0
188 189 33 1
188 190 16 0
191 192 40 0
193 194 46 0
6 44 41 0
44 195 12 0
196 197 24 0
198 199 45 0
200 201 42 0
202 203 47 0
204 205 37 1
204 206 26 1
207 208 8 1
166 209 37 1
10 210 16 1
211 212 43 1
213 214 15 1
215 216 24 1
217 218 34 0
219 220 10 1
221 222 24 0
223 224 10 1
89 225 46 1
226 227 39 1
216 228 31 0
229 230 10 0
229 231 19 1
229 232 12 0
233 234 48 1
233 235 22 0
236 237 39 1
236 238 44 1
201 239 54 1
240 241 26 0
242 243 20 1
244 245 30 0
246 247 43 1
246 248 40 0
143 249 39 1
249 250 24 0
251 252 22 1
253 254 37 1
253 255 26 0
256 257 11 0
256 258 28 1
70 259 11 0
260 261 33 1
262 263 21 0
264 265 16 0
51 266 66 0
267 268 3 0
269 270 27 0
197 269 20 1
271 272 25 0
273 274 16 1
272 275 39 1
276 277 22 1
278 279 34 0
278 280 29 0
164 281 31 0
2 282 16 1
283 284 34 1
283 285 22 0
225 286 14 0
287 288 14 0
287 289 51 1
227 290 30 1
22 291 25 1
291 292 26 0
194 293 22 0
294 295 24 0
237 296 44 0
22 292 20 0
297 298 35 0
297 299 24 1
300 301 27 1
302 303 36 1
302 304 34 1
113 305 27 0
306 307 21 0
308 309 37 1
101 175 16 1
220 310 15 1
311 312 25 1
313 314 31 0
313 315 38 1
316 317 55 1
31 318 34 0
31 319 39 1
320 321 31 1
290 322 9 1
323 324 21 0
325 326 51 1
152 327 26 0
234 328 48 1
329 330 20 1
331 332 42 1
301 333 18 1
209 334 19 1
209 335 19 0
122 336 23 0
336 337 13 0
338 339 34 0
340 341 16 0
317 342 23 0
343 344 34 0
345 346 27 1
208 345 31 0
347 348 39 1
347 349 18 0
350 351 39 0
350 352 30 1
277 353 36 1
277 354 22 1
170 355 28 1
355 356 29 0
187 357 22 1
358 359 20 0
360 361 26 1
8 360 43 0
362 363 30 0
364 365 18 0
366 367 39 1
87 368 28 0
368 369 18 1
234 370 42 0
63 346 42 1
214 371 27 0
372 373 18 0
374 375 44 1
41 376 28 0
377 378 26 0
379 380 40 0
14 381 14 1
382 383 2 0
384 385 23 0
26 386 22 1
387 388 19 0
159 389 34 1
390 391 4 0
392 393 25 1
247 373 33 0
247 248 15 0
314 394 34 0
314 395 36 1
396 397 9 0
396 398 29 0
399 400 38 0
157 401 29 0
402 403 40 0
404 405 14 1
406 407 36 1
406 408 19 0
409 410 27 1
411 412 27 1
413 414 43 1
80 81 34 0
265 415 29 0
416 417 39 1
418 419 7 0
420 421 18 0
420 422 48 1
423 424 30 0
425 426 48 1
427 428 13 0
199 429 25 0
339 430 33 0
405 431 38 1
143 250 36 1
289 410 7 0
78 432 32 1
78 312 39 1
433 434 42 0
435 436 25 0
187 437 27 0
438 439 15 0
62 63 9 1
440 441 73 1
442 443 32 1
444 445 18 0
441 446 48 1
447 448 72 1
447 449 4 0
450 451 27 1
452 453 32 1
454 455 22 1
456 457 51 1
254 458 30 1
459 460 20 0
461 462 20 0
461 463 21 0
373 464 17 0
465 466 13 0
465 467 26 1
468 469 21 0
341 463 27 1
470 471 31 1
403 472 48 1
263 473 29 0
474 475 25 0
476 477 38 0
476 478 45 0
393 466 21 1
479 480 27 1
388 481 8 0
482 483 21 0
482 484 16 1
455 485 33 0
486 487 36 1
488 489 31 1
183 337 30 1
33 490 28 0
133 261 29 0
491 492 45 1
493 494 19 0
108 495 28 1
496 497 49 1
498 499 38 1
333 500 18 1
501 502 18 1
378 503 13 1
503 504 20 1
397 505 27 1
506 507 32 1
72 508 42 1
509 510 15 1
148 149 45 1
511 512 38 1
42 513 38 0
514 515 10 1
514 516 37 1
6 195 48 1
517 518 39 1
519 520 26 1
521 522 33 0
279 523 11 0
279 524 45 0
525 526 19 1
527 528 6 1
222 529 9 1
405 417 20 0
305 530 14 0
426 531 19 1
378 504 10 0
532 533 36 1
534 535 27 1
210 389 28 0
150 536 40 1
523 524 55 1
537 538 38 1
162 539 38 1
540 541 36 0
542 543 16 0
542 544 27 0
545 546 14 1
547 548 8 0
449 549 18 0
549 550 21 0
201 551 29 0
552 553 41 0
554 555 28 1
487 556 33 1
398 557 6 0
544 558 37 0
559 560 19 0
561 562 24 0
563 564 50 1
443 528 51 1
500 565 14 0
138 566 42 1
352 567 22 0
497 568 38 1
541 569 43 1
570 571 51 1
572 573 19 1
572 574 21 0
575 576 38 0
539 577 45 1
578 579 32 1
578 580 18 1
581 582 33 1
422 583 45 0
584 585 56 1
586 587 16 0
263 407 34 0
407 588 31 1
407 589 43 1
562 590 8 0
224 591 27 0
564 592 29 0
593 594 33 0
595 596 14 0
155 597 6 0
598 599 30 0
395 600 22 0
601 602 40 0
589 603 18 1
286 604 10 0
543 544 32 1
574 605 36 0
1 50 169 1
1 51 146 1
1 347 49 1
1 349 36 0
1 469 33 1
3 9 55 0
3 244 25 0
3 511 18 1
4 511 21 1
4 512 21 1
5 260 18 1
5 365 110 1
6 365 62 0
7 361 105 1
7 366 63 0
9 512 50 0
10 389 23 0
11 33 60 1
11 367 46 0
11 490 55 1
12 33 38 0
12 367 24 0
12 490 40 1
13 464 27 0
13 470 14 0
14 373 26 1
14 464 23 0
15 29 43 1
17 506 123 1
19 262 55 0
19 602 16 1
21 291 12 0
21 292 28 0
22 227 21 0
23 29 34 1
23 524 53 0
23 570 97 1
24 254 68 0
24 255 127 1
24 433 114 0
25 597 32 1
26 86 27 1
27 294 24 1
28 149 30 1
28 295 70 1
28 415 52 1
29 420 80 0
29 570 102 0
29 583 32 0
30 318 50 1
32 186 44 0
32 187 58 0
32 437 55 1
32 490 31 1
34 91 24 1
34 117 19 0
34 118 9 0
34 343 46 0
35 90 18 0
35 117 8 1
35 118 9 1
35 501 40 0
36 67 113 0
36 271 89 0
36 272 115 1
36 414 39 1
37 205 38 0
37 413 27 1
38 236 48 1
38 238 38 1
38 476 120 1
38 477 65 0
38 480 34 0
39 238 18 0
39 479 28 1
40 513 6 0
41 425 102 1
41 513 39 1
42 108 30 0
42 341 25 0
42 461 28 0
42 463 28 1
43 195 42 1
45 455 40 0
45 485 36 1
46 380 57 1
46 450 46 1
47 232 64 1
47 249 42 0
48 60 45 0
48 109 50 1
48 198 25 0
49 96 42 0
49 198 44 1
50 209 44 1
50 335 44 1
50 348 93 0
50 469 201 1
51 348 74 0
51 469 178 1
52 269 75 1
52 270 62 0
52 545 16 0
52 546 30 1
53 545 12 1
53 546 21 0
53 559 27 0
53 560 26 0
54 55 8 1
55 269 49 1
55 270 40 0
56 95 111 0
56 120 103 0
56 203 114 0
56 362 114 0
57 120 92 1
58 156 62 0
59 416 28 0
61 63 34 0
61 346 36 1
62 207 21 0
62 208 31 1
62 345 37 1
64 194 25 0
64 293 25 0
64 534 13 0
64 535 19 1
65 328 28 0
65 370 21 0
67 271 108 1
67 272 116 1
68 558 254 1
68 592 86 0
69 70 54 1
69 259 55 0
69 316 63 0
70 316 25 0
70 558 247 1
71 142 95 0
72 210 152 0
72 533 160 1
72 576 145 1
72 593 164 1
73 100 18 1
73 101 33 1
73 175 40 1
74 114 42 1
75 166 35 0
75 332 92 1
76 332 75 1
77 312 10 1
78 243 46 0
79 212 35 0
79 289 85 1
79 410 91 1
79 566 53 0
80 211 44 1
80 212 9 0
81 211 64 1
81 212 26 0
81 566 76 1
82 137 86 0
82 165 74 0
82 566 64 1
83 137 98 1
83 165 70 0
84 509 3 1
84 510 14 1
85 230 75 1
85 509 30 0
86 386 27 0
87 386 31 0
88 260 33 1
90 117 26 1
91 161 61 0
91 343 55 1
91 530 32 0
92 187 25 1
93 95 31 0
93 187 13 1
93 357 19 1
94 298 24 1
94 299 23 0
95 187 48 1
95 203 133 1
95 297 37 1
95 357 54 1
95 362 111 0
96 384 58 1
97 384 53 0
97 605 2 1
98 136 34 1
98 163 38 0
98 182 141 0
98 361 90 0
98 392 130 1
98 465 99 0
98 466 116 1
99 163 83 0
99 164 85 1
99 328 68 1
100 356 22 0
102 581 33 1
102 582 4 1
103 486 47 0
103 582 4 0
104 240 63 1
104 270 53 0
104 290 66 0
105 240 41 0
105 241 38 1
106 495 24 1
107 536 6 1
108 340 22 0
108 522 52 0
109 198 52 1
110 577 43 1
111 399 48 0
111 400 28 0
111 577 93 1
112 554 81 1
112 555 73 1
113 554 87 1
113 555 66 0
114 171 66 1
115 306 101 0
115 492 110 1
116 585 2 1
117 501 35 0
119 319 84 1
120 319 79 1
121 345 57 1
121 346 54 1
122 337 34 0
123 273 28 1
123 274 31 0
123 275 42 0
124 273 41 0
124 275 32 0
125 146 27 1
125 552 76 0
126 285 32 0
126 552 94 0
127 150 57 1
127 151 86 0
127 188 38 0
127 190 27 1
128 150 56 0
128 151 94 0
128 190 24 0
129 276 14 0
129 277 24 1
130 131 16 1
130 354 25 0
131 284 31 1
131 354 19 1
132 321 12 1
133 321 28 1
134 286 25 0
134 320 24 1
134 321 10 1
134 604 31 1
135 163 29 0
135 458 28 0
136 163 12 0
137 165 96 0
137 409 13 0
138 409 16 0
138 410 30 1
139 191 29 0
139 192 31 0
139 298 36 1
140 191 28 0
140 192 15 1
141 191 13 0
141 241 110 0
141 350 81 0
141 567 77 0
144 339 75 1
144 374 87 0
145 339 50 0
145 374 99 1
148 201 61 1
148 344 49 0
149 415 64 1
150 151 124 1
150 255 182 0
151 218 91 1
151 327 17 0
151 521 140 0
152 255 80 0
152 433 103 0
153 597 25 1
154 155 14 1
154 388 21 0
154 481 26 1
156 172 154 1
156 173 198 1
156 400 154 0
157 169 100 1
158 389 20 1
158 457 37 0
160 305 30 1
161 162 51 1
161 305 21 0
161 530 40 1
165 209 11 0
165 334 18 0
165 335 28 0
167 338 84 1
167 339 71 0
167 355 47 0
168 169 34 1
168 170 23 0
168 338 71 0
168 339 86 1
168 355 50 1
169 251 69 0
169 252 86 0
169 401 105 1
170 356 27 0
171 306 116 0
171 460 20 0
171 492 128 1
172 399 41 0
172 400 34 0
172 416 137 0
173 399 10 0
173 416 207 1
174 307 7 1
174 382 6 0
174 383 7 0
175 307 39 1
176 230 76 1
176 510 27 1
177 178 128 1
177 244 98 0
177 478 187 0
177 480 175 1
177 504 308 1
177 510 28 0
177 511 112 1
178 244 181 1
178 479 40 1
178 511 176 1
178 561 28 0
179 561 26 1
179 562 52 1
180 205 8 1
181 205 10 0
181 206 31 1
182 361 170 1
182 392 50 0
182 465 101 0
183 514 38 1
184 422 85 1
184 570 141 1
185 422 74 0
186 437 6 1
189 190 43 1
189 375 42 1
191 241 132 1
191 350 97 1
191 567 77 0
193 296 32 1
194 534 23 0
196 226 65 0
196 227 46 0
196 290 52 0
196 322 54 0
196 498 22 0
197 226 80 1
197 227 57 1
197 290 54 0
197 322 56 0
199 403 38 0
200 519 33 1
200 551 21 0
201 344 93 1
202 493 23 0
202 494 31 0
203 362 25 0
204 320 21 0
204 413 31 0
205 206 32 1
208 385 23 0
210 457 44 1
210 533 81 1
210 576 153 0
210 593 185 0
213 371 16 0
213 488 40 1
214 488 40 1
215 228 46 0
215 594 63 1
217 402 30 1
217 434 8 0
217 472 14 1
218 327 71 0
218 434 32 1
219 251 167 0
219 252 170 0
219 310 19 1
219 401 170 0
219 468 28 1
219 547 78 1
219 548 70 0
221 424 39 1
221 497 115 1
221 529 25 1
222 424 20 1
222 496 89 0
223 578 39 1
223 580 31 1
224 578 31 1
224 580 27 1
225 239 155 0
225 604 20 1
226 292 30 1
227 292 30 1
227 322 24 1
228 594 9 1
229 245 28 0
229 250 22 1
230 231 12 0
230 232 18 1
231 232 31 1
231 245 29 0
232 249 22 0
233 328 93 1
235 425 46 0
236 476 79 0
236 477 44 0
236 478 98 0
239 551 41 0
240 270 70 0
241 350 77 0
241 368 106 0
241 567 73 0
242 552 52 1
242 553 25 1
243 432 38 0
244 478 277 1
244 480 190 0
244 504 361 1
244 511 26 0
245 250 13 0
246 476 88 0
246 478 62 1
247 372 43 1
247 464 22 1
248 464 33 1
248 470 36 1
248 471 31 1
251 401 30 1
251 547 225 1
252 547 229 1
253 433 93 1
253 458 29 0
255 327 109 1
255 433 71 0
255 521 164 0
256 483 25 1
256 586 28 1
256 587 9 0
257 258 34 1
257 302 44 1
257 586 23 0
257 587 14 0
258 483 27 1
259 316 20 1
259 558 259 1
262 588 39 0
262 602 65 0
263 588 28 0
264 415 19 1
265 537 52 1
265 538 32 1
266 348 57 1
266 440 7 0
267 438 69 0
267 439 61 0
267 554 28 0
268 438 70 0
268 439 74 1
268 554 27 0
270 290 65 0
271 395 29 0
271 600 35 0
274 582 4 1
278 523 41 0
279 280 32 1
280 523 28 1
280 575 32 0
281 426 34 1
281 531 36 1
282 300 26 1
283 353 52 1
283 517 52 0
284 285 16 1
285 517 52 1
288 483 48 0
288 484 46 1
293 534 16 1
293 535 43 1
294 344 25 0
295 344 52 1
298 299 16 0
301 500 14 0
301 565 32 1
303 304 26 0
304 462 25 0
306 308 45 0
306 309 27 0
306 324 192 1
306 331 204 1
306 383 16 0
306 436 184 1
306 460 159 1
306 492 63 0
307 382 4 0
308 375 24 1
310 468 10 0
311 517 42 1
313 318 91 1
313 394 5 0
313 541 86 1
314 315 13 0
315 395 42 1
315 600 39 0
316 558 224 0
318 541 86 1
320 413 32 0
323 331 18 1
323 332 23 0
323 436 61 1
323 482 145 1
324 331 11 0
324 436 62 0
324 459 52 0
324 492 146 1
325 554 47 0
325 555 34 1
326 554 82 0
326 555 66 0
326 577 49 1
327 433 136 1
328 370 9 0
329 363 33 1
330 363 37 0
331 459 62 0
331 492 158 1
333 565 33 1
334 335 14 0
336 558 118 0
338 374 81 1
338 430 10 1
340 495 21 1
341 461 6 1
347 469 81 1
348 440 62 1
349 469 75 1
349 548 38 0
350 368 79 1
350 567 9 0
351 352 17 0
351 567 33 0
353 354 24 1
358 448 68 1
358 550 94 1
359 421 27 1
359 507 34 1
361 392 132 1
361 465 126 1
361 466 123 1
364 397 121 1
364 444 211 0
364 445 237 1
364 505 117 1
364 549 14 1
365 397 110 0
365 444 264 1
365 445 207 0
365 449 26 1
365 505 107 0
365 549 25 1
366 540 39 1
367 540 28 0
368 386 18 1
369 386 1 1
371 503 47 0
371 578 65 0
372 464 29 0
373 381 25 1
374 430 72 1
376 381 23 0
377 503 19 1
377 504 27 0
379 451 13 1
380 442 44 1
380 451 47 0
384 542 39 1
385 542 46 1
385 543 39 1
387 481 14 1
389 457 30 0
390 546 64 0
391 412 93 1
391 499 47 0
391 515 46 0
391 516 26 0
396 557 30 1
397 398 44 1
400 416 194 1
401 547 229 1
402 472 30 1
404 417 24 0
404 431 25 1
404 537 15 0
405 416 29 0
406 588 19 1
407 473 42 1
408 588 20 0
411 498 39 1
412 499 61 0
412 516 67 1
414 604 45 1
418 427 52 0
418 502 21 0
419 427 60 1
419 502 19 1
420 507 36 1
420 583 64 1
421 507 28 1
423 496 110 1
424 496 83 0
425 522 98 1
426 522 87 1
431 537 16 1
434 472 21 1
435 482 84 1
435 586 63 0
436 459 62 0
436 492 116 0
442 584 42 1
444 505 124 0
445 505 111 0
447 549 18 0
447 550 15 1
450 475 34 0
451 474 94 1
451 475 56 0
451 568 241 1
452 518 39 0
453 518 69 1
454 589 26 1
454 603 15 0
455 589 19 1
455 603 24 0
456 532 85 1
456 533 72 0
456 571 26 0
459 492 122 0
460 492 124 0
462 463 25 1
474 568 160 1
475 568 151 0
477 478 78 1
478 480 77 0
478 504 164 0
478 511 227 0
480 504 176 1
480 511 186 0
483 484 18 1
486 520 55 0
487 596 42 1
488 527 34 1
488 528 31 0
489 527 14 0
489 528 13 1
497 529 116 1
499 516 33 0
499 546 52 0
501 581 29 0
503 578 70 0
504 511 356 1
506 601 39 1
515 516 24 0
519 551 41 0
521 536 38 0
522 531 79 0
523 575 43 0
525 593 22 1
525 594 44 1
526 594 45 0
532 571 64 0
533 571 78 1
533 576 162 1
533 593 200 1
539 598 39 0
539 599 68 0
540 569 8 0
543 558 63 1
545 559 37 1
556 595 17 0
556 596 9 1
561 590 24 1
572 605 36 0
573 574 7 1
576 593 60 1
579 591 11 0

CENÁRIO 4
PROBABILIDADE: 341/725 = 0.470345
QTD_ARESTAS_REQUERIDAS: 543
QTD_ARESTAS_NAO_REQUERIDAS: 579
1 2 22 0
3 4 31 1
5 6 39 1
7 8 29 0
9 10 33 0
11 12 27 1
13 14 32 1
15 16 18 1
15 17 24 0
18 19 56 1
18 20 12 0
21 22 37 1
16 23 42 0
24 25 34 0
24 26 33 0
27 28 19 0
16 29 37 0
30 31 27 0
32 33 37 1
34 35 13 0
36 37 34 1
38 39 28 0
40 41 34 1
40 42 38 0
43 44 26 0
43 45 30 0
46 47 58 1
48 49 13 0
50 51 40 0
52 53 19 0
52 54 19 0
52 55 23 0
56 57 45 0
58 59 35 0
60 61 35 0
60 62 21 1
60 63 13 1
64 65 38 0
66 67 12 1
68 69 33 1
68 70 28 1
71 72 50 1
73 74 42 0
75 76 33 1
77 78 36 0
79 80 36 0
79 81 34 0
82 83 13 0
84 85 28 0
86 87 17 0
88 89 24 0
90 91 22 0
92 93 21 1
92 94 43 1
92 95 33 1
96 97 15 1
98 99 49 0
100 101 42 1
102 103 1 1
104 105 26 0
106 107 45 1
106 108 34 0
49 109 42 0
110 111 55 0
112 113 22 0
114 115 32 0
85 116 45 1
117 118 13 1
119 120 19 1
121 122 38 1
123 124 22 0
125 126 25 1
127 128 10 1
129 130 20 1
129 131 26 0
132 133 18 1
132 134 21 1
135 136 24 0
137 138 28 0
139 140 22 0
139 141 43 1
142 143 24 1
144 145 37 1
144 146 20 0
147 148 39 1
147 149 6 0
107 150 40 1
151 152 24 0
153 154 24 1
153 155 18 0
59 156 49 0
74 157 22 0
126 146 37 1
158 159 20 0
160 161 10 1
160 162 35 0
163 164 46 0
165 166 25 0
167 168 6 0
167 169 37 1
167 170 33 1
115 171 25 0
172 173 45 1
174 175 33 0
176 177 22 1
178 179 9 1
180 181 7 0
180 182 32 1
69 183 32 0
184 185 24 1
186 187 29 0
188 189 28 0
188 190 16 0
191 192 40 0
193 194 46 0
6 44 41 0
44 195 12 0
196 197 24 0
198 199 45 0
200 201 42 0
202 203 56 1
204 205 31 0
204 206 26 1
207 208 8 1
166 209 31 0
10 210 14 0
211 212 36 0
213 214 13 0
215 216 20 0
217 218 34 0
219 220 10 1
221 222 28 1
223 224 9 0
89 225 46 1
226 227 39 1
216 228 31 0
229 230 10 0
229 231 16 0
229 232 12 0
233 234 40 0
233 235 22 0
236 237 39 1
236 238 37 0
201 239 45 0
240 241 31 1
242 243 20 1
244 245 36 1
246 247 36 0
246 248 40 0
143 249 33 0
249 250 28 1
251 252 19 0
253 254 31 0
253 255 31 1
256 257 13 1
256 258 28 1
70 259 13 1
260 261 33 1
262 263 21 0
264 265 19 1
51 266 66 0
267 268 3 1
269 270 32 1
197 269 20 1
271 272 25 0
273 274 14 0
272 275 33 0
276 277 22 1
278 279 40 1
278 280 34 1
164 281 31 0
2 282 14 0
283 284 34 1
283 285 22 0
225 286 14 0
287 288 14 0
287 289 43 0
227 290 30 1
22 291 21 0
291 292 26 0
194 293 26 1
294 295 24 0
237 296 44 0
22 292 24 1
297 298 35 0
297 299 24 1
300 301 27 1
302 303 36 1
302 304 34 1
113 305 27 0
306 307 21 0
308 309 37 1
101 175 16 1
220 310 13 0
311 312 25 1
313 314 31 0
313 315 38 1
316 317 46 0
31 318 34 0
31 319 33 0
320 321 26 0
290 322 9 1
323 324 25 1
325 326 51 1
152 327 31 1
234 328 40 0
329 330 20 1
331 332 35 0
301 333 15 0
209 334 19 1
209 335 19 0
122 336 23 0
336 337 15 1
338 339 34 0
340 341 19 1
317 342 27 1
343 344 40 1
345 346 27 1
208 345 37 1
347 348 33 0
347 349 21 1
350 351 46 1
350 352 30 1
277 353 30 0
277 354 22 1
170 355 24 0
355 356 29 0
187 357 22 1
358 359 24 1
360 361 22 0
8 360 43 0
362 363 36 1
364 365 18 0
366 367 39 1
87 368 33 1
368 369 18 1
234 370 42 0
63 346 35 0
214 371 27 0
372 373 18 0
374 375 37 0
41 376 33 1
377 378 31 1
379 380 40 0
14 381 14 1
382 383 2 1
384 385 27 1
26 386 19 0
387 388 22 1
159 389 29 0
390 391 4 0
392 393 21 0
247 373 39 1
247 248 18 1
314 394 34 0
314 395 36 1
396 397 10 1
396 398 29 0
399 400 38 0
157 401 34 1
402 403 40 0
404 405 14 1
406 407 30 0
406 408 19 0
409 410 27 1
411 412 27 1
413 414 36 0
80 81 40 1
265 415 29 0
416 417 33 0
418 419 8 1
420 421 21 1
420 422 40 0
423 424 30 0
425 426 48 1
427 428 13 0
199 429 30 1
339 430 39 1
405 431 32 0
143 250 36 1
289 410 8 1
78 432 32 1
78 312 39 1
433 434 42 0
435 436 25 0
187 437 32 1
438 439 18 1
62 63 9 1
440 441 61 0
442 443 32 1
444 445 18 0
441 446 40 0
447 448 60 0
447 449 4 0
450 451 23 0
452 453 27 0
454 455 22 1
456 457 43 0
254 458 30 1
459 460 20 0
461 462 20 0
461 463 21 0
373 464 20 1
465 466 15 1
465 467 26 1
468 469 25 1
341 463 23 0
470 471 31 1
403 472 40 0
263 473 34 1
474 475 30 1
476 477 38 0
476 478 54 1
393 466 18 0
479 480 27 1
388 481 8 0
482 483 25 1
482 484 16 1
455 485 39 1
486 487 30 0
488 489 26 0
183 337 25 0
33 490 28 0
133 261 29 0
491 492 38 0
493 494 19 0
108 495 24 0
496 497 41 0
498 499 32 0
333 500 18 1
501 502 18 1
378 503 11 0
503 504 20 1
397 505 23 0
506 507 32 1
72 508 42 1
509 510 15 1
148 149 45 1
511 512 38 1
42 513 45 1
514 515 9 0
514 516 37 1
6 195 40 0
517 518 33 0
519 520 22 0
521 522 33 0
279 523 11 0
279 524 54 1
525 526 19 1
527 528 5 0
222 529 9 1
405 417 24 1
305 530 16 1
426 531 19 1
378 504 10 0
532 533 36 1
534 535 23 0
210 389 28 0
150 536 34 0
523 524 46 0
537 538 32 0
162 539 32 0
540 541 43 1
542 543 16 0
542 544 32 1
545 546 14 1
547 548 8 0
449 549 18 0
549 550 21 0
201 551 29 0
552 553 49 1
554 555 24 0
487 556 33 1
398 557 7 1
544 558 44 1
559 560 19 0
561 562 24 0
563 564 42 0
443 528 43 0
500 565 16 1
138 566 42 1
352 567 26 1
497 568 32 0
541 569 43 1
570 571 51 1
572 573 16 0
572 574 25 1
575 576 45 1
539 577 45 1
578 579 32 1
578 580 15 0
581 582 28 0
422 583 45 0
584 585 47 0
586 587 19 1
263 407 40 1
407 588 31 1
407 589 43 1
562 590 8 0
224 591 32 1
564 592 29 0
593 594 33 0
595 596 14 0
155 597 6 0
598 599 30 0
395 600 22 0
601 602 40 0
589 603 15 0
286 604 10 0
543 544 27 0
574 605 36 0
1 50 169 1
1 51 146 1
1 347 49 1
1 349 43 1
1 469 28 0
3 9 55 0
3 244 25 0
3 511 15 0
4 511 21 1
4 512 18 0
5 260 15 0
5 365 110 1
6 365 62 0
7 361 88 0
7 366 63 0
9 512 50 0
10 389 23 0
11 33 60 1
11 367 55 1
11 490 55 1
12 33 45 1
12 367 28 1
12 490 34 0
13 464 32 1
13 470 16 1
14 373 26 1
14 464 23 0
15 29 43 1
17 506 103 0
19 262 55 0
19 602 14 0
21 291 12 0
21 292 33 1
22 227 25 1
23 29 29 0
23 524 63 1
23 570 81 0
24 254 68 0
24 255 106 0
24 433 136 1
25 597 27 0
26 86 23 0
27 294 24 1
28 149 30 1
28 295 59 0
28 415 44 0
29 420 96 1
29 570 102 0
29 583 38 1
30 318 42 0
32 186 52 1
32 187 58 0
32 437 55 1
32 490 31 1
34 91 24 1
34 117 19 0
34 118 9 0
34 343 55 1
35 90 18 0
35 117 8 1
35 118 8 0
35 501 48 1
36 67 135 1
36 271 89 0
36 272 115 1
36 414 39 1
37 205 38 0
37 413 23 0
38 236 48 1
38 238 32 0
38 476 100 0
38 477 78 1
38 480 34 0
39 238 21 1
39 479 28 1
40 513 7 1
41 425 85 0
41 513 39 1
42 108 36 1
42 341 25 0
42 461 28 0
42 463 24 0
43 195 42 1
45 455 40 0
45 485 36 1
46 380 48 0
46 450 46 1
47 232 64 1
47 249 50 1
48 60 45 0
48 109 50 1
48 198 30 1
49 96 42 0
49 198 37 0
50 209 37 0
50 335 37 0
50 348 111 1
50 469 168 0
51 348 74 0
51 469 149 0
52 269 75 1
52 270 74 1
52 545 19 1
52 546 25 0
53 545 10 0
53 546 25 1
53 559 27 0
53 560 31 1
54 55 8 1
55 269 41 0
55 270 40 0
56 95 111 0
56 120 103 0
56 203 114 0
56 362 136 1
57 120 77 0
58 156 74 1
59 416 28 0
61 63 34 0
61 346 30 0
62 207 25 1
62 208 26 0
62 345 37 1
64 194 30 1
64 293 25 0
64 534 15 1
64 535 16 0
65 328 33 1
65 370 21 0
67 271 108 1
67 272 116 1
68 558 254 1
68 592 86 0
69 70 45 0
69 259 66 1
69 316 75 1
70 316 25 0
70 558 247 1
71 142 114 1
72 210 182 1
72 533 160 1
72 576 121 0
72 593 137 0
73 100 15 0
73 101 28 0
73 175 40 1
74 114 42 1
75 166 35 0
75 332 77 0
76 332 75 1
77 312 9 0
78 243 46 0
79 212 35 0
79 289 71 0
79 410 91 1
79 566 63 1
80 211 44 1
80 212 10 1
81 211 54 0
81 212 26 0
81 566 64 0
82 137 86 0
82 165 74 0
82 566 64 1
83 137 82 0
83 165 70 0
84 509 3 1
84 510 14 1
85 230 75 1
85 509 36 1
86 386 32 1
87 386 31 0
88 260 33 1
90 117 26 1
91 161 73 1
91 343 46 0
91 530 38 1
92 187 21 0
93 95 31 0
93 187 13 1
93 357 16 0
94 298 24 1
94 299 27 1
95 187 48 1
95 203 111 0
95 297 37 1
95 357 45 0
95 362 111 0
96 384 49 0
97 384 53 0
97 605 2 1
98 136 29 0
98 163 45 1
98 182 169 1
98 361 90 0
98 392 130 1
98 465 118 1
98 466 116 1
99 163 99 1
99 164 71 0
99 328 68 1
100 356 26 1
102 581 28 0
102 582 4 0
103 486 47 0
103 582 4 0
104 240 53 0
104 270 53 0
104 290 66 0
105 240 49 1
105 241 38 1
106 495 24 1
107 536 6 1
108 340 22 0
108 522 52 0
109 198 52 1
110 577 36 0
111 399 48 0
111 400 28 0
111 577 93 1
112 554 68 0
112 555 61 0
113 554 73 0
113 555 79 1
114 171 66 1
115 306 101 0
115 492 92 0
116 585 2 1
117 501 42 1
119 319 84 1
120 319 66 0
121 345 48 0
121 346 54 1
122 337 40 1
123 273 24 0
123 274 31 0
123 275 42 0
124 273 49 1
124 275 32 0
125 146 27 1
125 552 91 1
126 285 38 1
126 552 112 1
127 150 57 1
127 151 86 0
127 188 45 1
127 190 27 1
128 150 56 0
128 151 112 1
128 190 28 1
129 276 16 1
129 277 24 1
130 131 14 0
130 354 25 0
131 284 26 0
131 354 19 1
132 321 12 1
133 321 28 1
134 286 30 1
134 320 24 1
134 321 10 1
134 604 31 1
135 163 34 1
135 458 33 1
136 163 14 1
137 165 115 1
137 409 15 1
138 409 16 0
138 410 25 0
139 191 29 0
139 192 31 0
139 298 30 0
140 191 33 1
140 192 15 1
141 191 15 1
141 241 132 1
141 350 97 1
141 567 77 0
144 339 63 0
144 374 104 1
145 339 60 1
145 374 99 1
148 201 51 0
148 344 58 1
149 415 64 1
150 151 124 1
150 255 182 0
151 218 91 1
151 327 17 0
151 521 140 0
152 255 96 1
152 433 103 0
153 597 21 0
154 155 14 1
154 388 21 0
154 481 26 1
156 172 154 1
156 173 165 0
156 400 154 0
157 169 84 0
158 389 17 0
158 457 44 1
160 305 25 0
161 162 51 1
161 305 21 0
161 530 34 0
165 209 11 0
165 334 21 1
165 335 33 1
167 338 84 1
167 339 85 1
167 355 56 1
168 169 29 0
168 170 23 0
168 338 85 1
168 339 72 0
168 355 50 1
169 251 69 0
169 252 86 0
169 401 105 1
170 356 32 1
171 306 139 1
171 460 20 0
171 492 107 0
172 399 49 1
172 400 40 1
172 416 164 1
173 399 10 0
173 416 207 1
174 307 6 0
174 382 7 1
174 383 8 1
175 307 39 1
176 230 64 0
176 510 23 0
177 178 107 0
177 244 117 1
177 478 224 1
177 480 175 1
177 504 308 1
177 510 33 1
177 511 112 1
178 244 181 1
178 479 40 1
178 511 176 1
178 561 28 0
179 561 22 0
179 562 52 1
180 205 8 1
181 205 10 0
181 206 31 1
182 361 142 0
182 392 60 1
182 465 121 1
183 514 32 0
184 422 71 0
184 570 141 1
185 422 74 0
186 437 6 1
189 190 43 1
189 375 42 1
191 241 132 1
191 350 81 0
191 567 77 0
193 296 27 0
194 534 27 1
196 226 65 0
196 227 55 1
196 290 62 1
196 322 54 0
196 498 22 0
197 226 67 0
197 227 48 0
197 290 54 0
197 322 56 0
199 403 38 0
200 519 33 1
200 551 25 1
201 344 93 1
202 493 27 1
202 494 31 0
203 362 25 0
204 320 21 0
204 413 37 1
205 206 27 0
208 385 23 0
210 457 37 0
210 533 68 0
210 576 183 1
210 593 185 0
213 371 19 1
213 488 40 1
214 488 40 1
215 228 55 1
215 594 63 1
217 402 25 0
217 434 9 1
217 472 14 1
218 327 85 1
218 434 32 1
219 251 200 1
219 252 170 0
219 310 16 0
219 401 204 1
219 468 28 1
219 547 78 1
219 548 70 0
221 424 39 1
221 497 96 0
221 529 25 1
222 424 20 1
222 496 89 0
223 578 39 1
223 580 31 1
224 578 31 1
224 580 23 0
225 239 155 0
225 604 17 0
226 292 25 0
227 292 25 0
227 322 24 1
228 594 8 0
229 245 33 1
229 250 22 1
230 231 12 0
230 232 18 1
231 232 26 0
231 245 34 1
232 249 26 1
233 328 78 0
235 425 46 0
236 476 79 0
236 477 44 0
236 478 117 1
239 551 41 0
240 270 70 0
241 350 92 1
241 368 106 0
241 567 87 1
242 552 44 0
242 553 21 0
243 432 38 0
244 478 277 1
244 480 190 0
244 504 361 1
244 511 26 0
245 250 15 1
246 476 88 0
246 478 52 0
247 372 36 0
247 464 22 1
248 464 28 0
248 470 30 0
248 471 31 1
251 401 30 1
251 547 225 1
252 547 229 1
253 433 78 0
253 458 34 1
255 327 91 0
255 433 71 0
255 521 164 0
256 483 25 1
256 586 24 0
256 587 9 0
257 258 29 0
257 302 37 0
257 586 27 1
257 587 14 0
258 483 27 1
259 316 17 0
259 558 259 1
262 588 46 1
262 602 65 0
263 588 28 0
264 415 19 1
265 537 44 0
265 538 32 1
266 348 57 1
266 440 8 1
267 438 69 0
267 439 61 0
267 554 33 1
268 438 84 1
268 439 74 1
268 554 27 0
270 290 78 1
271 395 34 1
271 600 35 0
274 582 4 1
278 523 41 0
279 280 32 1
280 523 24 0
280 575 32 0
281 426 29 0
281 531 36 1
282 300 26 1
283 353 44 0
283 517 52 0
284 285 16 1
285 517 52 1
288 483 48 0
288 484 46 1
293 534 16 1
293 535 43 1
294 344 25 0
295 344 52 1
298 299 16 0
301 500 14 0
301 565 27 0
303 304 31 1
304 462 30 1
306 308 45 0
306 309 27 0
306 324 192 1
306 331 204 1
306 383 19 1
306 436 154 0
306 460 159 1
306 492 63 0
307 382 4 0
308 375 20 0
310 468 10 0
311 517 42 1
313 318 76 0
313 394 5 0
313 541 86 1
314 315 15 1
315 395 42 1
315 600 46 1
316 558 268 1
318 541 72 0
320 413 32 0
323 331 18 1
323 332 27 1
323 436 51 0
323 482 121 0
324 331 13 1
324 436 74 1
324 459 62 1
324 492 146 1
325 554 56 1
325 555 29 0
326 554 82 0
326 555 66 0
326 577 49 1
327 433 136 1
328 370 10 1
329 363 28 0
330 363 37 0
331 459 74 1
331 492 132 0
333 565 28 0
334 335 14 0
336 558 118 0
338 374 68 0
338 430 9 0
340 495 18 0
341 461 5 0
347 469 81 1
348 440 62 1
349 469 63 0
349 548 45 1
350 368 66 0
350 567 10 1
351 352 17 0
351 567 33 0
353 354 24 1
358 448 57 0
358 550 79 0
359 421 27 1
359 507 34 1
361 392 132 1
361 465 105 0
361 466 103 0
364 397 101 0
364 444 211 0
364 445 237 1
364 505 117 1
364 549 14 1
365 397 110 0
365 444 220 0
365 445 248 1
365 449 26 1
365 505 128 1
365 549 25 1
366 540 33 0
367 540 33 1
368 386 15 0
369 386 1 1
371 503 56 1
371 578 78 1
372 464 29 0
373 381 25 1
374 430 72 1
376 381 23 0
377 503 19 1
377 504 27 0
379 451 13 1
380 442 37 0
380 451 47 0
384 542 39 1
385 542 46 1
385 543 39 1
387 481 12 0
389 457 30 0
390 546 76 1
391 412 78 0
391 499 47 0
391 515 55 1
391 516 26 0
396 557 30 1
397 398 44 1
400 416 162 0
401 547 191 0
402 472 30 1
404 417 24 0
404 431 21 0
404 537 18 1
405 416 34 1
406 588 19 1
407 473 35 0
408 588 24 1
411 498 33 0
412 499 61 0
412 516 56 0
414 604 38 0
418 427 62 1
418 502 21 0
419 427 50 0
419 502 16 0
420 507 36 1
420 583 64 1
421 507 24 0
423 496 92 0
424 496 99 1
425 522 82 0
426 522 87 1
431 537 14 0
434 472 18 0
435 482 84 1
435 586 63 0
436 459 62 0
436 492 116 0
442 584 42 1
444 505 124 0
445 505 111 0
447 549 18 0
447 550 13 0
450 475 34 0
451 474 94 1
451 475 56 0
451 568 241 1
452 518 39 0
453 518 69 1
454 589 26 1
454 603 15 0
455 589 19 1
455 603 24 0
456 532 71 0
456 533 72 0
456 571 26 0
459 492 122 0
460 492 124 0
462 463 25 1
474 568 160 1
475 568 181 1
477 478 78 1
478 480 92 1
478 504 164 0
478 511 227 0
480 504 147 0
480 511 223 1
483 484 18 1
486 520 55 0
487 596 35 0
488 527 29 0
488 528 31 0
489 527 14 0
489 528 13 1
497 529 97 0
499 516 39 1
499 546 52 0
501 581 29 0
503 578 70 0
504 511 297 0
506 601 39 1
515 516 28 1
519 551 41 0
521 536 45 1
522 531 79 0
523 575 51 1
525 593 22 1
525 594 37 0
526 594 54 1
532 571 76 1
533 571 65 0
533 576 162 1
533 593 167 0
539 598 39 0
539 599 81 1
540 569 8 0
543 558 53 0
545 559 31 0
556 595 20 1
556 596 9 1
561 590 24 1
572 605 43 1
573 574 7 1
576 593 60 1
579 591 11 0

CENÁRIO 5
PROBABILIDADE: 121/725 = 0.166897
QTD_ARESTAS_REQUERIDAS: 591
QTD_ARESTAS_NAO_REQUERIDAS: 531
1 2 26 1
3 4 26 0
5 6 33 0
7 8 29 0
9 10 33 0
11 12 23 0
13 14 27 0
15 16 15 0
15 17 24 0
18 19 56 1
18 20 14 1
21 22 37 1
16 23 50 1
24 25 34 0
24 26 39 1
27 28 19 0
16 29 37 0
30 31 32 1
32 33 31 0
34 35 15 1
36 37 34 1
38 39 28 0
40 41 34 1
40 42 38 0
43 44 26 0
43 45 36 1
46 47 49 0
48 49 15 1
50 51 48 1
52 53 22 1
52 54 22 1
52 55 27 1
56 57 45 0
58 59 35 0
60 61 35 0
60 62 18 0
60 63 11 0
64 65 45 1
66 67 10 0
68 69 33 1
68 70 28 1
71 72 42 0
73 74 42 0
75 76 33 1
77 78 36 0
79 80 36 0
79 81 40 1
82 83 13 0
84 85 28 0
86 87 17 0
88 89 24 0
90 91 22 0
92 93 18 0
92 94 43 1
92 95 28 0
96 97 15 1
98 99 58 1
100 101 35 0
102 103 1 0
104 105 31 1
106 107 38 0
106 108 40 1
49 109 50 1
110 111 55 0
112 113 26 1
114 115 38 1
85 116 38 0
117 118 11 0
119 120 19 1
121 122 32 0
123 124 26 1
125 126 21 0
127 128 10 1
129 130 17 0
129 131 26 0
132 133 15 0
132 134 18 0
135 136 24 0
137 138 28 0
139 140 22 0
139 141 43 1
142 143 24 1
144 145 37 1
144 146 24 1
147 148 39 1
147 149 6 0
107 150 40 1
151 152 28 1
153 154 20 0
153 155 18 0
59 156 58 1
74 157 26 1
126 146 37 1
158 159 24 1
160 161 10 1
160 162 35 0
163 164 55 1
165 166 25 0
167 168 6 0
167 169 31 0
167 170 28 0
115 171 30 1
172 173 38 0
174 175 33 0
176 177 22 1
178 179 8 0
180 181 8 1
180 182 27 0
69 183 32 0
184 185 24 1
186 187 34 1
188 189 28 0
188 190 16 0
191 192 40 0
193 194 46 0
6 44 41 0
44 195 14 1
196 197 28 1
198 199 54 1
200 201 50 1
202 203 47 0
204 205 31 0
204 206 22 0
207 208 7 0
166 209 31 0
10 210 14 0
211 212 43 1
213 214 15 1
215 216 24 1
217 218 40 1
219 220 9 0
221 222 28 1
223 224 9 0
89 225 39 0
226 227 39 1
216 228 31 0
229 230 10 0
229 231 19 1
229 232 14 1
233 234 40 0
233 235 26 1
236 237 39 1
236 238 44 1
201 239 45 0
240 241 31 1
242 243 20 1
244 245 30 0
246 247 43 1
246 248 40 0
143 249 33 0
249 250 28 1
251 252 22 1
253 254 31 0
253 255 26 0
256 257 11 0
256 258 24 0
70 259 11 0
260 261 33 1
262 263 25 1
264 265 19 1
51 266 79 1
267 268 3 1
269 270 32 1
197 269 20 1
271 272 30 1
273 274 16 1
272 275 39 1
276 277 19 0
278 279 34 0
278 280 34 1
164 281 37 1
2 282 14 0
283 284 34 1
283 285 22 0
225 286 16 1
287 288 14 0
287 289 43 0
227 290 30 1
22 291 25 1
291 292 31 1
194 293 26 1
294 295 24 0
237 296 44 0
22 292 24 1
297 298 35 0
297 299 20 0
300 301 23 0
302 303 36 1
302 304 29 0
113 305 32 1
306 307 25 1
308 309 31 0
101 175 16 1
220 310 13 0
311 312 21 0
313 314 31 0
313 315 32 0
316 317 46 0
31 318 34 0
31 319 39 1
320 321 31 1
290 322 9 1
323 324 25 1
325 326 51 1
152 327 31 1
234 328 48 1
329 330 17 0
331 332 42 1
301 333 15 0
209 334 19 1
209 335 19 0
122 336 27 1
336 337 15 1
338 339 40 1
340 341 16 0
317 342 27 1
343 344 34 0
345 346 23 0
208 345 31 0
347 348 39 1
347 349 21 1
350 351 39 0
350 352 30 1
277 353 36 1
277 354 19 0
170 355 24 0
355 356 29 0
187 357 19 0
358 359 20 0
360 361 22 0
8 360 43 0
362 363 30 0
364 365 21 1
366 367 33 0
87 368 33 1
368 369 18 1
234 370 42 0
63 346 35 0
214 371 27 0
372 373 21 1
374 375 37 0
41 376 33 1
377 378 26 0
379 380 48 1
14 381 14 1
382 383 2 1
384 385 23 0
26 386 22 1
387 388 22 1
159 389 34 1
390 391 4 0
392 393 25 1
247 373 39 1
247 248 15 0
314 394 34 0
314 395 30 0
396 397 9 0
396 398 34 1
399 400 45 1
157 401 29 0
402 403 40 0
404 405 12 0
406 407 36 1
406 408 22 1
409 410 27 1
411 412 23 0
413 414 36 0
80 81 40 1
265 415 34 1
416 417 39 1
418 419 7 0
420 421 18 0
420 422 48 1
423 424 36 1
425 426 48 1
427 428 13 0
199 429 30 1
339 430 39 1
405 431 32 0
143 250 30 0
289 410 8 1
78 432 32 1
78 312 39 1
433 434 50 1
435 436 30 1
187 437 27 0
438 439 18 1
62 63 8 0
440 441 73 1
442 443 32 1
444 445 21 1
441 446 48 1
447 448 72 1
447 449 4 1
450 451 23 0
452 453 27 0
454 455 19 0
456 457 51 1
254 458 25 0
459 460 20 0
461 462 24 1
461 463 21 0
373 464 20 1
465 466 15 1
465 467 26 1
468 469 25 1
341 463 23 0
470 471 26 0
403 472 40 0
263 473 34 1
474 475 30 1
476 477 45 1
476 478 54 1
393 466 21 1
479 480 23 0
388 481 9 1
482 483 21 0
482 484 14 0
455 485 33 0
486 487 30 0
488 489 31 1
183 337 25 0
33 490 28 0
133 261 34 1
491 492 38 0
493 494 22 1
108 495 28 1
496 497 41 0
498 499 38 1
333 500 15 0
501 502 15 0
378 503 11 0
503 504 20 1
397 505 27 1
506 507 32 1
72 508 42 1
509 510 13 0
148 149 38 0
511 512 38 1
42 513 38 0
514 515 9 0
514 516 37 1
6 195 48 1
517 518 33 0
519 520 22 0
521 522 39 1
279 523 11 0
279 524 45 0
525 526 19 1
527 528 5 0
222 529 8 0
405 417 20 0
305 530 16 1
426 531 19 1
378 504 12 1
532 533 36 1
534 535 23 0
210 389 28 0
150 536 40 1
523 524 55 1
537 538 38 1
162 539 38 1
540 541 36 0
542 543 19 1
542 544 32 1
545 546 12 0
547 548 9 1
449 549 21 1
549 550 21 0
201 551 34 1
552 553 41 0
554 555 28 1
487 556 33 1
398 557 7 1
544 558 44 1
559 560 22 1
561 562 24 0
563 564 50 1
443 528 43 0
500 565 14 0
138 566 35 0
352 567 26 1
497 568 38 1
541 569 43 1
570 571 43 0
572 573 19 1
572 574 25 1
575 576 45 1
539 577 38 0
578 579 27 0
578 580 18 1
581 582 28 0
422 583 45 0
584 585 47 0
586 587 19 1
263 407 34 0
407 588 26 0
407 589 36 0
562 590 8 0
224 591 27 0
564 592 29 0
593 594 33 0
595 596 16 1
155 597 6 0
598 599 30 0
395 600 22 0
601 602 40 0
589 603 18 1
286 604 10 0
543 544 27 0
574 605 43 1
1 50 141 0
1 51 146 1
1 347 41 0
1 349 43 1
1 469 33 1
3 9 55 0
3 244 30 1
3 511 15 0
4 511 18 0
4 512 21 1
5 260 18 1
5 365 92 0
6 365 62 0
7 361 105 1
7 366 63 0
9 512 50 0
10 389 27 1
11 33 60 1
11 367 55 1
11 490 55 1
12 33 38 0
12 367 24 0
12 490 40 1
13 464 27 0
13 470 16 1
14 373 22 0
14 464 23 0
15 29 36 0
17 506 123 1
19 262 66 1
19 602 14 0
21 291 12 0
21 292 33 1
22 227 21 0
23 29 34 1
23 524 63 1
23 570 97 1
24 254 68 0
24 255 127 1
24 433 114 0
25 597 32 1
26 86 23 0
27 294 20 0
28 149 25 0
28 295 70 1
28 415 44 0
29 420 96 1
29 570 122 1
29 583 38 1
30 318 42 0
32 186 52 1
32 187 58 0
32 437 55 1
32 490 26 0
34 91 24 1
34 117 19 0
34 118 10 1
34 343 55 1
35 90 18 0
35 117 8 1
35 118 9 1
35 501 40 0
36 67 113 0
36 271 106 1
36 272 115 1
36 414 33 0
37 205 45 1
37 413 27 1
38 236 40 0
38 238 32 0
38 476 120 1
38 477 78 1
38 480 34 0
39 238 21 1
39 479 28 1
40 513 6 0
41 425 85 0
41 513 33 0
42 108 36 1
42 341 30 1
42 461 28 0
42 463 24 0
43 195 42 1
45 455 48 1
45 485 30 0
46 380 48 0
46 450 46 1
47 232 54 0
47 249 42 0
48 60 54 1
48 109 50 1
48 198 30 1
49 96 50 1
49 198 44 1
50 209 44 1
50 335 44 1
50 348 111 1
50 469 201 1
51 348 88 1
51 469 178 1
52 269 63 0
52 270 74 1
52 545 16 0
52 546 25 0
53 545 10 0
53 546 25 1
53 559 27 0
53 560 26 0
54 55 7 0
55 269 41 0
55 270 40 0
56 95 133 1
56 120 103 0
56 203 114 0
56 362 136 1
57 120 92 1
58 156 74 1
59 416 28 0
61 63 40 1
61 346 30 0
62 207 21 0
62 208 26 0
62 345 31 0
64 194 25 0
64 293 25 0
64 534 15 1
64 535 16 0
65 328 28 0
65 370 21 0
67 271 108 1
67 272 116 1
68 558 254 1
68 592 103 1
69 70 45 0
69 259 66 1
69 316 63 0
70 316 25 0
70 558 206 0
71 142 114 1
72 210 182 1
72 533 160 1
72 576 121 0
72 593 164 1
73 100 15 0
73 101 33 1
73 175 40 1
74 114 42 1
75 166 35 0
75 332 92 1
76 332 75 1
77 312 9 0
78 243 55 1
79 212 35 0
79 289 85 1
79 410 76 0
79 566 53 0
80 211 44 1
80 212 9 0
81 211 54 0
81 212 31 1
81 566 76 1
82 137 103 1
82 165 74 0
82 566 64 1
83 137 98 1
83 165 70 0
84 509 3 0
84 510 14 1
85 230 63 0
85 509 36 1
86 386 27 0
87 386 31 0
88 260 33 1
90 117 26 1
91 161 61 0
91 343 46 0
91 530 38 1
92 187 25 1
93 95 31 0
93 187 13 1
93 357 16 0
94 298 20 0
94 299 23 0
95 187 48 1
95 203 133 1
95 297 37 1
95 357 54 1
95 362 133 1
96 384 49 0
97 384 63 1
97 605 2 0
98 136 34 1
98 163 45 1
98 182 169 1
98 361 108 1
98 392 109 0
98 465 99 0
98 466 97 0
99 163 83 0
99 164 71 0
99 328 68 1
100 356 22 0
102 581 28 0
102 582 4 0
103 486 56 1
103 582 4 0
104 240 63 1
104 270 63 1
104 290 66 0
105 240 41 0
105 241 32 0
106 495 24 1
107 536 5 0
108 340 22 0
108 522 52 0
109 198 52 1
110 577 43 1
111 399 57 1
111 400 33 1
111 577 78 0
112 554 81 1
112 555 61 0
113 554 87 1
113 555 79 1
114 171 55 0
115 306 121 1
115 492 110 1
116 585 2 0
117 501 42 1
119 319 70 0
120 319 79 1
121 345 48 0
121 346 54 1
122 337 34 0
123 273 28 1
123 274 37 1
123 275 50 1
124 273 49 1
124 275 38 1
125 146 23 0
125 552 76 0
126 285 32 0
126 552 112 1
127 150 57 1
127 151 103 1
127 188 45 1
127 190 27 1
128 150 67 1
128 151 94 0
128 190 28 1
129 276 14 0
129 277 20 0
130 131 16 1
130 354 25 0
131 284 31 1
131 354 16 0
132 321 12 1
133 321 28 1
134 286 30 1
134 320 24 1
134 321 9 0
134 604 31 1
135 163 29 0
135 458 28 0
136 163 14 1
137 165 115 1
137 409 15 1
138 409 19 1
138 410 30 1
139 191 29 0
139 192 31 0
139 298 30 0
140 191 28 0
140 192 15 1
141 191 15 1
141 241 132 1
141 350 97 1
141 567 92 1
144 339 63 0
144 374 104 1
145 339 50 0
145 374 83 0
148 201 61 1
148 344 49 0
149 415 64 1
150 151 124 1
150 255 218 1
151 218 91 1
151 327 17 0
151 521 168 1
152 255 96 1
152 433 123 1
153 597 25 1
154 155 14 1
154 388 25 1
154 481 22 0
156 172 154 1
156 173 198 1
156 400 184 1
157 169 100 1
158 389 17 0
158 457 37 0
160 305 30 1
161 162 51 1
161 305 25 1
161 530 34 0
165 209 13 1
165 334 18 0
165 335 28 0
167 338 70 0
167 339 71 0
167 355 47 0
168 169 34 1
168 170 23 0
168 338 85 1
168 339 72 0
168 355 50 1
169 251 69 0
169 252 86 0
169 401 105 1
170 356 27 0
171 306 139 1
171 460 20 0
171 492 128 1
172 399 41 0
172 400 40 1
172 416 137 0
173 399 12 1
173 416 207 1
174 307 7 1
174 382 6 0
174 383 7 0
175 307 33 0
176 230 64 0
176 510 27 1
177 178 107 0
177 244 117 1
177 478 224 1
177 480 146 0
177 504 257 0
177 510 33 1
177 511 112 1
178 244 181 1
178 479 34 0
178 511 147 0
178 561 33 1
179 561 26 1
179 562 44 0
180 205 8 1
181 205 10 0
181 206 31 1
182 361 170 1
182 392 60 1
182 465 101 0
183 514 38 1
184 422 71 0
184 570 118 0
185 422 74 0
186 437 6 1
189 190 43 1
189 375 42 1
191 241 132 1
191 350 97 1
191 567 77 0
193 296 32 1
194 534 23 0
196 226 78 1
196 227 46 0
196 290 62 1
196 322 64 1
196 498 26 1
197 226 67 0
197 227 48 0
197 290 54 0
197 322 67 1
199 403 45 1
200 519 28 0
200 551 25 1
201 344 93 1
202 493 27 1
202 494 37 1
203 362 25 0
204 320 21 0
204 413 31 0
205 206 32 1
208 385 23 0
210 457 37 0
210 533 68 0
210 576 183 1
210 593 185 0
213 371 19 1
213 488 34 0
214 488 34 0
215 228 46 0
215 594 63 1
217 402 30 1
217 434 8 0
217 472 14 1
218 327 85 1
218 434 32 1
219 251 200 1
219 252 170 0
219 310 19 1
219 401 170 0
219 468 28 1
219 547 65 0
219 548 84 1
221 424 39 1
221 497 115 1
221 529 21 0
222 424 20 1
222 496 106 1
223 578 39 1
223 580 26 0
224 578 31 1
224 580 27 1
225 239 186 1
225 604 17 0
226 292 30 1
227 292 30 1
227 322 20 0
228 594 8 0
229 245 28 0
229 250 22 1
230 231 12 0
230 232 15 0
231 232 26 0
231 245 34 1
232 249 22 0
233 328 78 0
235 425 55 1
236 476 94 1
236 477 52 1
236 478 98 0
239 551 49 1
240 270 84 1
241 350 92 1
241 368 127 1
241 567 73 0
242 552 52 1
242 553 25 1
243 432 38 0
244 478 277 1
244 480 190 0
244 504 361 1
244 511 31 1
245 250 15 1
246 476 105 1
246 478 62 1
247 372 36 0
247 464 22 1
248 464 33 1
248 470 30 0
248 471 31 1
251 401 25 0
251 547 225 1
252 547 191 0
253 433 93 1
253 458 34 1
255 327 91 0
255 433 85 1
255 521 196 1
256 483 21 0
256 586 24 0
256 587 10 1
257 258 29 0
257 302 37 0
257 586 23 0
257 587 16 1
258 483 27 1
259 316 20 1
259 558 259 1
262 588 39 0
262 602 78 1
263 588 33 1
264 415 16 0
265 537 52 1
265 538 27 0
266 348 57 1
266 440 7 0
267 438 82 1
267 439 61 0
267 554 28 0
268 438 70 0
268 439 74 1
268 554 27 0
270 290 65 0
271 395 29 0
271 600 42 1
274 582 4 0
278 523 41 0
279 280 32 1
280 523 28 1
280 575 32 0
281 426 34 1
281 531 36 1
282 300 22 0
283 353 52 1
283 517 52 0
284 285 16 1
285 517 52 1
288 483 57 1
288 484 39 0
293 534 16 1
293 535 36 0
294 344 25 0
295 344 52 1
298 299 19 1
301 500 14 0
301 565 27 0
303 304 26 0
304 462 30 1
306 308 45 0
306 309 27 0
306 324 192 1
306 331 170 0
306 383 16 0
306 436 154 0
306 460 133 0
306 492 63 0
307 382 4 0
308 375 24 1
310 468 10 0
311 517 42 1
313 318 76 0
313 394 6 1
313 541 86 1
314 315 13 0
315 395 35 0
315 600 39 0
316 558 268 1
318 541 86 1
320 413 32 0
323 331 15 0
323 332 23 0
323 436 51 0
323 482 121 0
324 331 11 0
324 436 74 1
324 459 62 1
324 492 146 1
325 554 47 0
325 555 34 1
326 554 82 0
326 555 79 1
326 577 49 1
327 433 114 0
328 370 10 1
329 363 28 0
330 363 44 1
331 459 62 0
331 492 132 0
333 565 28 0
334 335 16 1
336 558 141 1
338 374 81 1
338 430 9 0
340 495 21 1
341 461 5 0
347 469 68 0
348 440 62 1
349 469 63 0
349 548 45 1
350 368 66 0
350 567 9 0
351 352 17 0
351 567 33 0
353 354 20 0
358 448 68 1
358 550 94 1
359 421 27 1
359 507 34 1
361 392 132 1
361 465 105 0
361 466 123 1
364 397 101 0
364 444 253 1
364 445 237 1
364 505 98 0
364 549 14 1
365 397 110 0
365 444 220 0
365 445 248 1
365 449 22 0
365 505 128 1
365 549 21 0
366 540 33 0
367 540 28 0
368 386 15 0
369 386 1 1
371 503 56 1
371 578 78 1
372 464 29 0
373 381 21 0
374 430 72 1
376 381 27 1
377 503 19 1
377 504 32 1
379 451 13 1
380 442 44 1
380 451 56 1
384 542 33 0
385 542 39 0
385 543 39 1
387 481 14 1
389 457 36 1
390 546 64 0
391 412 78 0
391 499 47 0
391 515 55 1
391 516 31 1
396 557 30 1
397 398 44 1
400 416 194 1
401 547 191 0
402 472 30 1
404 417 24 0
404 431 21 0
404 537 18 1
405 416 34 1
406 588 16 0
407 473 42 1
408 588 24 1
411 498 39 1
412 499 61 0
412 516 67 1
414 604 45 1
418 427 62 1
418 502 25 1
419 427 50 0
419 502 19 1
420 507 36 1
420 583 64 1
421 507 24 0
423 496 110 1
424 496 99 1
425 522 98 1
426 522 87 1
431 537 14 0
434 472 21 1
435 482 84 1
435 586 63 0
436 459 74 1
436 492 139 1
442 584 42 1
444 505 148 1
445 505 133 1
447 549 18 0
447 550 15 1
450 475 40 1
451 474 94 1
451 475 67 1
451 568 201 0
452 518 39 0
453 518 58 0
454 589 26 1
454 603 18 1
455 589 16 0
455 603 28 1
456 532 85 1
456 533 86 1
456 571 31 1
459 492 122 0
460 492 148 1
462 463 21 0
474 568 134 0
475 568 151 0
477 478 65 0
478 480 92 1
478 504 164 0
478 511 272 1
480 504 176 1
480 511 223 1
483 484 18 1
486 520 66 1
487 596 35 0
488 527 29 0
488 528 37 1
489 527 16 1
489 528 11 0
497 529 116 1
499 516 39 1
499 546 52 0
501 581 34 1
503 578 84 1
504 511 356 1
506 601 39 1
515 516 24 0
519 551 41 0
521 536 45 1
522 531 79 0
523 575 43 0
525 593 19 0
525 594 37 0
526 594 45 0
532 571 76 1
533 571 78 1
533 576 162 1
533 593 167 0
539 598 46 1
539 599 68 0
540 569 8 0
543 558 53 0
545 559 31 0
556 595 20 1
556 596 8 0
561 590 20 0
572 605 43 1
573 574 6 0
576 593 60 1
579 591 13 1

