NUMERO_DE_VERTICES: 298
NUMERO_DE_ARESTAS: 597
NUMERO_DE_CENARIOS: 10
INFLACAO: 20 %
PRIMEIRO ESTÁGIO:
1 2 22
3 4 39
3 5 35
6 7 19
6 8 34
9 10 17
11 12 50
13 14 77
15 16 33
17 18 20
19 20 30
21 22 18
21 23 42
24 25 23
24 26 60
27 28 33
27 29 35
30 31 15
30 32 7
33 34 23
35 36 15
37 38 66
39 40 50
41 42 35
43 44 54
45 46 50
47 48 22
49 50 53
51 52 52
53 54 11
55 56 15
55 57 27
58 59 66
60 61 38
62 63 36
8 64 9
65 66 37
65 67 47
68 69 27
70 71 24
70 72 30
73 74 23
75 76 28
75 77 51
78 79 19
78 80 40
81 82 34
81 83 33
84 85 6
86 87 53
86 88 60
89 90 21
91 92 63
93 94 20
93 95 40
96 97 26
98 99 60
98 100 43
101 102 52
103 104 22
105 106 44
107 108 39
107 109 55
25 110 64
111 112 26
113 114 13
115 116 66
117 118 17
119 120 53
119 121 38
122 123 24
76 77 30
94 95 24
94 124 4
125 126 19
18 50 39
127 128 18
50 129 63
130 131 24
132 133 17
128 134 54
128 135 52
2 136 57
137 138 40
139 140 28
141 142 24
143 144 24
145 146 39
145 147 52
145 148 24
149 150 52
151 152 40
74 153 18
121 154 49
155 156 18
157 158 37
157 159 58
160 161 34
63 162 39
162 163 51
162 164 55
165 166 45
165 167 53
83 168 43
169 170 26
116 171 24
172 173 44
108 174 27
175 176 41
177 178 22
179 180 39
66 181 62
181 182 52
183 184 21
185 186 37
187 188 11
187 189 30
66 67 60
118 190 42
190 191 19
192 193 7
194 195 67
176 196 33
197 198 42
136 199 38
44 200 32
201 202 22
203 204 49
205 206 34
207 208 14
207 209 22
210 211 11
212 213 4
212 214 27
215 216 36
215 217 24
218 219 48
220 221 45
222 223 13
71 224 36
34 225 53
184 226 47
188 227 40
227 228 37
131 229 29
230 231 13
230 232 20
230 233 44
12 234 9
235 236 31
217 237 65
238 239 47
216 217 56
136 240 11
82 241 35
242 243 61
8 225 57
244 245 45
22 246 28
22 23 28
109 247 21
12 248 40
249 250 44
206 251 49
245 252 61
189 253 51
79 236 47
254 255 34
256 257 32
256 258 33
166 167 71
193 259 33
260 261 27
144 262 57
184 263 23
193 264 21
265 266 48
267 268 15
221 269 35
142 270 21
54 180 19
171 271 35
272 273 34
274 275 54
104 276 42
159 270 28
126 277 30
102 278 37
106 279 10
280 281 46
282 283 24
104 284 32
195 258 46
10 285 38
213 214 30
286 287 69
232 288 52
72 289 24
290 291 27
283 292 32
293 294 57
223 295 17
138 296 37
291 297 35
206 298 40
138 271 48
1 28 59
1 93 45
1 199 50
2 199 53
3 195 51
4 5 72
4 263 58
5 195 53
5 266 50
6 64 27
7 8 44
7 64 40
8 33 115
8 34 101
9 63 67
9 197 22
9 285 24
10 197 12
10 198 46
11 234 43
11 248 38
12 38 75
13 87 109
13 173 45
14 119 53
14 121 38
14 154 31
15 244 30
15 245 35
16 212 40
16 213 38
17 50 34
17 60 75
17 122 42
17 168 211
17 241 215
18 60 89
18 168 225
18 241 229
19 29 38
19 51 65
20 29 25
20 199 81
21 238 42
21 246 13
23 246 45
24 107 97
24 110 66
25 107 93
25 141 167
25 142 183
26 132 81
26 181 97
26 251 234
26 298 185
27 199 107
28 94 65
28 124 67
29 199 88
30 139 27
30 140 19
31 32 20
31 139 24
32 140 22
33 185 64
35 41 89
35 42 66
35 201 32
35 202 13
36 202 26
37 115 37
38 115 41
38 216 79
38 234 81
39 72 65
39 77 122
39 224 88
39 289 82
40 77 82
41 151 70
41 152 93
41 201 60
41 202 80
42 201 36
42 202 57
43 272 34
43 273 8
44 273 50
45 238 127
45 239 173
45 240 76
45 272 165
46 203 21
47 101 110
47 149 41
47 212 106
47 214 85
48 130 40
49 122 65
49 123 64
51 58 124
51 59 83
52 58 102
52 59 99
53 150 43
53 179 28
53 180 25
53 289 40
54 179 22
54 289 46
55 208 14
55 209 15
56 57 25
56 209 23
57 200 47
57 209 16
58 254 87
59 177 96
59 178 113
59 254 50
60 97 261
60 168 196
60 211 255
60 231 39
60 241 200
61 230 16
61 231 18
61 232 8
62 113 78
62 114 77
62 285 30
63 285 44
64 225 54
65 205 74
65 244 38
66 74 304
66 134 409
66 135 420
66 152 417
66 153 320
66 251 180
66 294 394
66 298 131
67 182 85
67 252 37
67 257 61
67 258 106
68 136 48
68 240 50
69 177 45
69 178 47
70 224 21
71 179 41
72 224 25
73 134 103
73 135 166
73 152 111
73 153 30
73 293 219
73 294 201
74 134 118
74 135 181
74 152 126
74 251 248
74 293 213
74 294 195
74 298 285
76 80 45
78 235 39
79 80 33
79 235 36
81 111 116
81 112 97
81 241 64
81 288 111
82 111 93
82 112 74
82 288 88
84 97 172
84 243 30
84 253 142
85 97 171
85 243 25
85 253 141
87 92 265
87 294 298
88 92 299
88 222 73
88 294 332
88 295 67
89 157 102
89 158 75
89 159 61
89 270 78
90 265 38
91 293 68
91 294 105
92 294 51
93 124 23
95 124 21
95 196 48
96 210 31
96 211 31
96 223 39
97 123 164
97 168 237
97 210 45
97 211 38
97 241 241
97 253 46
98 186 53
99 100 19
99 186 19
99 229 66
100 186 13
101 212 110
101 214 89
101 297 40
102 267 53
102 268 52
102 297 33
103 276 21
103 284 31
104 151 94
104 220 82
104 221 108
105 126 145
105 163 204
105 279 49
106 126 148
106 163 207
107 165 97
107 167 126
107 190 83
107 191 95
108 109 27
108 247 26
110 181 63
111 288 28
112 288 36
113 277 41
114 277 38
115 171 72
116 137 23
116 172 57
117 174 27
118 191 49
119 138 112
119 154 74
120 138 67
120 173 50
123 168 203
123 211 158
123 241 207
125 163 75
125 277 35
126 163 80
126 279 144
127 175 30
127 176 35
128 175 45
129 156 142
129 218 129
129 219 151
130 192 138
130 193 140
130 229 42
131 192 121
131 193 123
132 153 97
133 153 81
134 135 70
134 152 64
134 251 353
134 298 390
135 152 127
135 181 467
135 293 142
135 294 115
135 298 401
137 171 19
137 172 55
138 171 45
139 226 75
141 159 45
141 270 30
142 159 48
143 262 43
143 281 122
146 148 36
146 283 57
146 292 27
147 250 14
148 200 52
150 179 66
150 275 43
150 289 68
151 221 159
152 251 361
152 298 398
153 251 264
153 298 301
155 218 28
155 228 62
155 274 29
156 218 14
156 274 26
158 159 42
158 270 67
161 269 203
161 279 281
163 279 203
164 198 30
165 190 78
165 191 90
166 170 52
167 190 107
167 191 119
168 211 231
168 241 76
169 198 179
169 280 32
169 281 76
170 280 43
170 281 82
171 296 52
172 237 19
173 237 50
174 247 3
175 196 48
177 255 72
178 255 89
179 289 48
180 219 45
181 251 227
181 294 441
181 298 178
182 256 35
182 257 28
183 226 62
183 263 41
187 228 50
188 189 32
188 228 43
192 259 36
192 264 17
194 256 53
194 258 37
196 204 49
197 285 35
200 207 68
200 249 64
203 261 88
204 261 77
205 298 25
207 249 52
208 209 12
211 241 235
220 269 19
220 284 80
222 295 7
226 263 54
228 274 73
231 233 52
234 248 32
238 240 121
238 246 30
238 272 88
239 240 167
239 246 66
239 272 92
240 272 159
242 286 33
242 287 39
244 252 58
245 259 39
251 286 57
257 258 53
259 264 29
260 282 32
260 283 50
261 282 53
262 281 89
267 278 36
268 278 42
269 279 363
271 296 26
275 278 53
276 284 34
287 293 67
290 297 46
CENÁRIO 1
PROBABILIDADE: 19/103 = 0.184466
QTD_ARESTAS_REQUERIDAS: 287
QTD_ARESTAS_NAO_REQUERIDAS: 310
1 2 26 1
3 4 46 1
3 5 42 1
6 7 22 1
6 8 34 0
9 10 17 0
11 12 50 0
13 14 77 0
15 16 33 0
17 18 20 0
19 20 36 1
21 22 21 1
21 23 50 1
24 25 23 0
24 26 60 0
27 28 39 1
27 29 35 0
30 31 18 1
30 32 8 1
33 34 27 1
35 36 18 1
37 38 79 1
39 40 60 1
41 42 35 0
43 44 64 1
45 46 50 0
47 48 26 1
49 50 63 1
51 52 62 1
53 54 11 0
55 56 15 0
55 57 27 0
58 59 66 0
60 61 38 0
62 63 43 1
8 64 9 0
65 66 44 1
65 67 56 1
68 69 27 0
70 71 28 1
70 72 30 0
73 74 23 0
75 76 28 0
75 77 51 0
78 79 19 0
78 80 48 1
81 82 40 1
81 83 33 0
84 85 7 1
86 87 53 0
86 88 60 0
89 90 25 1
91 92 63 0
93 94 20 0
93 95 48 1
96 97 26 0
98 99 60 0
98 100 51 1
101 102 52 0
103 104 22 0
105 106 52 1
107 108 46 1
107 109 66 1
25 110 64 0
111 112 31 1
113 114 13 0
115 116 66 0
117 118 17 0
119 120 63 1
119 121 38 0
122 123 24 0
76 77 36 1
94 95 28 1
94 124 4 0
125 126 19 0
18 50 46 1
127 128 21 1
50 129 63 0
130 131 24 0
132 133 20 1
128 134 64 1
128 135 62 1
2 136 57 0
137 138 48 1
139 140 28 0
141 142 28 1
143 144 24 0
145 146 46 1
145 147 62 1
145 148 24 0
149 150 52 0
151 152 48 1
74 153 21 1
121 154 49 0
155 156 18 0
157 158 37 0
157 159 58 0
160 161 40 1
63 162 46 1
162 163 51 0
162 164 55 0
165 166 45 0
165 167 63 1
83 168 43 0
169 170 26 0
116 171 28 1
172 173 44 0
108 174 27 0
175 176 49 1
177 178 26 1
179 180 46 1
66 181 74 1
181 182 52 0
183 184 21 0
185 186 37 0
187 188 13 1
187 189 30 0
66 67 72 1
118 190 42 0
190 191 19 0
192 193 7 0
194 195 67 0
176 196 33 0
197 198 50 1
136 199 45 1
44 200 38 1
201 202 26 1
203 204 49 0
205 206 40 1
207 208 14 0
207 209 22 0
210 211 13 1
212 213 4 0
212 214 32 1
215 216 36 0
215 217 24 0
218 219 57 1
220 221 45 0
222 223 13 0
71 224 43 1
34 225 63 1
184 226 47 0
188 227 48 1
227 228 44 1
131 229 29 0
230 231 15 1
230 232 20 0
230 233 44 0
12 234 10 1
235 236 37 1
217 237 65 0
238 239 47 0
216 217 67 1
136 240 11 0
82 241 42 1
242 243 73 1
8 225 57 0
244 245 45 0
22 246 28 0
22 23 28 0
109 247 21 0
12 248 40 0
249 250 52 1
206 251 49 0
245 252 61 0
189 253 61 1
79 236 56 1
254 255 34 0
256 257 32 0
256 258 33 0
166 167 71 0
193 259 39 1
260 261 27 0
144 262 68 1
184 263 23 0
193 264 25 1
265 266 48 0
267 268 18 1
221 269 35 0
142 270 25 1
54 180 22 1
171 271 35 0
272 273 34 0
274 275 64 1
104 276 50 1
159 270 28 0
126 277 30 0
102 278 44 1
106 279 12 1
280 281 46 0
282 283 24 0
104 284 38 1
195 258 46 0
10 285 38 0
213 214 30 0
286 287 69 0
232 288 62 1
72 289 28 1
290 291 27 0
283 292 38 1
293 294 68 1
223 295 17 0
138 296 37 0
291 297 42 1
206 298 48 1
138 271 57 1
1 28 70 1
1 93 45 0
1 199 60 1
2 199 53 0
3 195 61 1
4 5 86 1
4 263 58 0
5 195 53 0
5 266 60 1
6 64 27 0
7 8 52 1
7 64 40 0
8 33 138 1
8 34 101 0
9 63 67 0
9 197 22 0
9 285 24 0
10 197 14 1
10 198 55 1
11 234 43 0
11 248 38 0
12 38 75 0
13 87 130 1
13 173 45 0
14 119 53 0
14 121 45 1
14 154 31 0
15 244 36 1
15 245 42 1
16 212 40 0
16 213 38 0
17 50 40 1
17 60 75 0
17 122 42 0
17 168 253 1
17 241 258 1
18 60 106 1
18 168 225 0
18 241 229 0
19 29 38 0
19 51 78 1
20 29 30 1
20 199 81 0
21 238 42 0
21 246 15 1
23 246 45 0
24 107 97 0
24 110 79 1
25 107 111 1
25 141 200 1
25 142 183 0
26 132 81 0
26 181 116 1
26 251 234 0
26 298 185 0
27 199 107 0
28 94 78 1
28 124 67 0
29 199 88 0
30 139 27 0
30 140 19 0
31 32 24 1
31 139 24 0
32 140 22 0
33 185 64 0
35 41 106 1
35 42 66 0
35 201 32 0
35 202 13 0
36 202 26 0
37 115 44 1
38 115 41 0
38 216 79 0
38 234 97 1
39 72 78 1
39 77 122 0
39 224 105 1
39 289 82 0
40 77 98 1
41 151 84 1
41 152 93 0
41 201 72 1
41 202 96 1
42 201 36 0
42 202 57 0
43 272 40 1
43 273 9 1
44 273 60 1
45 238 127 0
45 239 173 0
45 240 76 0
45 272 198 1
46 203 21 0
47 101 132 1
47 149 49 1
47 212 106 0
47 214 102 1
48 130 40 0
49 122 78 1
49 123 76 1
51 58 124 0
51 59 99 1
52 58 102 0
52 59 118 1
53 150 51 1
53 179 33 1
53 180 25 0
53 289 40 0
54 179 26 1
54 289 55 1
55 208 16 1
55 209 18 1
56 57 30 1
56 209 23 0
57 200 47 0
57 209 16 0
58 254 104 1
59 177 96 0
59 178 135 1
59 254 50 0
60 97 261 0
60 168 235 1
60 211 255 0
60 231 46 1
60 241 240 1
61 230 16 0
61 231 21 1
61 232 9 1
62 113 93 1
62 114 92 1
62 285 30 0
63 285 44 0
64 225 54 0
65 205 88 1
65 244 45 1
66 74 304 0
66 134 490 1
66 135 420 0
66 152 500 1
66 153 320 0
66 251 180 0
66 294 394 0
66 298 131 0
67 182 102 1
67 252 44 1
67 257 61 0
67 258 106 0
68 136 48 0
68 240 60 1
69 177 45 0
69 178 47 0
70 224 21 0
71 179 49 1
72 224 25 0
73 134 123 1
73 135 166 0
73 152 133 1
73 153 30 0
73 293 262 1
73 294 241 1
74 134 118 0
74 135 181 0
74 152 126 0
74 251 248 0
74 293 213 0
74 294 234 1
74 298 342 1
76 80 54 1
78 235 39 0
79 80 39 1
79 235 43 1
81 111 139 1
81 112 116 1
81 241 76 1
81 288 111 0
82 111 93 0
82 112 74 0
82 288 88 0
84 97 206 1
84 243 36 1
84 253 142 0
85 97 171 0
85 243 25 0
85 253 141 0
87 92 265 0
87 294 298 0
88 92 299 0
88 222 87 1
88 294 332 0
88 295 80 1
89 157 122 1
89 158 90 1
89 159 61 0
89 270 93 1
90 265 38 0
91 293 81 1
91 294 105 0
92 294 61 1
93 124 27 1
95 124 25 1
95 196 57 1
96 210 31 0
96 211 37 1
96 223 46 1
97 123 196 1
97 168 284 1
97 210 54 1
97 211 45 1
97 241 241 0
97 253 55 1
98 186 53 0
99 100 22 1
99 186 22 1
99 229 66 0
100 186 13 0
101 212 132 1
101 214 89 0
101 297 40 0
102 267 53 0
102 268 62 1
102 297 39 1
103 276 25 1
103 284 37 1
104 151 94 0
104 220 98 1
104 221 108 0
105 126 145 0
105 163 244 1
105 279 58 1
106 126 148 0
106 163 248 1
107 165 97 0
107 167 126 0
107 190 99 1
107 191 114 1
108 109 32 1
108 247 31 1
110 181 63 0
111 288 28 0
112 288 43 1
113 277 41 0
114 277 45 1
115 171 72 0
116 137 27 1
116 172 57 0
117 174 32 1
118 191 58 1
119 138 134 1
119 154 88 1
120 138 80 1
120 173 50 0
123 168 203 0
123 211 158 0
123 241 207 0
125 163 90 1
125 277 35 0
126 163 96 1
126 279 172 1
127 175 36 1
127 176 35 0
128 175 54 1
129 156 142 0
129 218 129 0
129 219 151 0
130 192 165 1
130 193 140 0
130 229 50 1
131 192 145 1
131 193 123 0
132 153 97 0
133 153 81 0
134 135 70 0
134 152 76 1
134 251 353 0
134 298 468 1
135 152 152 1
135 181 560 1
135 293 142 0
135 294 138 1
135 298 481 1
137 171 22 1
137 172 66 1
138 171 45 0
139 226 75 0
141 159 54 1
141 270 36 1
142 159 57 1
143 262 43 0
143 281 146 1
146 148 43 1
146 283 57 0
146 292 27 0
147 250 14 0
148 200 62 1
150 179 66 0
150 275 51 1
150 289 81 1
151 221 159 0
152 251 361 0
152 298 398 0
153 251 264 0
153 298 361 1
155 218 28 0
155 228 74 1
155 274 29 0
156 218 14 0
156 274 31 1
158 159 42 0
158 270 67 0
161 269 243 1
161 279 337 1
163 279 203 0
164 198 30 0
165 190 78 0
165 191 90 0
166 170 62 1
167 190 128 1
167 191 142 1
168 211 277 1
168 241 91 1
169 198 179 0
169 280 38 1
169 281 91 1
170 280 51 1
170 281 98 1
171 296 52 0
172 237 19 0
173 237 60 1
174 247 3 1
175 196 57 1
177 255 72 0
178 255 106 1
179 289 57 1
180 219 45 0
181 251 227 0
181 294 441 0
181 298 178 0
182 256 35 0
182 257 28 0
183 226 62 0
183 263 41 0
187 228 60 1
188 189 38 1
188 228 43 0
192 259 36 0
192 264 20 1
194 256 53 0
194 258 44 1
196 204 58 1
197 285 35 0
200 207 81 1
200 249 64 0
203 261 88 0
204 261 77 0
205 298 25 0
207 249 52 0
208 209 12 0
211 241 235 0
220 269 19 0
220 284 96 1
222 295 8 1
226 263 54 0
228 274 73 0
231 233 62 1
234 248 38 1
238 240 145 1
238 246 36 1
238 272 105 1
239 240 167 0
239 246 66 0
239 272 110 1
240 272 190 1
242 286 39 1
242 287 46 1
244 252 69 1
245 259 39 0
251 286 68 1
257 258 53 0
259 264 29 0
260 282 38 1
260 283 50 0
261 282 63 1
262 281 89 0
267 278 43 1
268 278 42 0
269 279 435 1
271 296 31 1
275 278 53 0
276 284 40 1
287 293 67 0
290 297 46 0

CENÁRIO 2
PROBABILIDADE: 556/5253 = 0.105844
QTD_ARESTAS_REQUERIDAS: 327
QTD_ARESTAS_NAO_REQUERIDAS: 270
1 2 26 1
3 4 39 0
3 5 35 0
6 7 19 0
6 8 40 1
9 10 17 0
11 12 50 0
13 14 92 1
15 16 39 1
17 18 24 1
19 20 30 0
21 22 21 1
21 23 50 1
24 25 23 0
24 26 60 0
27 28 39 1
27 29 42 1
30 31 18 1
30 32 8 1
33 34 23 0
35 36 15 0
37 38 79 1
39 40 50 0
41 42 35 0
43 44 64 1
45 46 60 1
47 48 22 0
49 50 53 0
51 52 62 1
53 54 11 0
55 56 18 1
55 57 27 0
58 59 79 1
60 61 38 0
62 63 36 0
8 64 10 1
65 66 37 0
65 67 56 1
68 69 32 1
70 71 28 1
70 72 36 1
73 74 27 1
75 76 28 0
75 77 61 1
78 79 19 0
78 80 40 0
81 82 34 0
81 83 39 1
84 85 6 0
86 87 53 0
86 88 60 0
89 90 21 0
91 92 63 0
93 94 20 0
93 95 40 0
96 97 26 0
98 99 72 1
98 100 43 0
101 102 52 0
103 104 26 1
105 106 44 0
107 108 39 0
107 109 66 1
25 110 64 0
111 112 26 0
113 114 15 1
115 116 66 0
117 118 17 0
119 120 53 0
119 121 45 1
122 123 28 1
76 77 30 0
94 95 24 0
94 124 4 1
125 126 19 0
18 50 46 1
127 128 21 1
50 129 63 0
130 131 24 0
132 133 17 0
128 134 54 0
128 135 52 0
2 136 57 0
137 138 40 0
139 140 28 0
141 142 24 0
143 144 24 0
145 146 46 1
145 147 52 0
145 148 28 1
149 150 62 1
151 152 48 1
74 153 18 0
121 154 58 1
155 156 21 1
157 158 37 0
157 159 69 1
160 161 34 0
63 162 46 1
162 163 61 1
162 164 66 1
165 166 54 1
165 167 63 1
83 168 51 1
169 170 26 0
116 171 28 1
172 173 44 0
108 174 32 1
175 176 41 0
177 178 26 1
179 180 46 1
66 181 74 1
181 182 62 1
183 184 25 1
185 186 44 1
187 188 13 1
187 189 30 0
66 67 72 1
118 190 50 1
190 191 19 0
192 193 8 1
194 195 80 1
176 196 39 1
197 198 42 0
136 199 45 1
44 200 32 0
201 202 22 0
203 204 49 0
205 206 34 0
207 208 16 1
207 209 26 1
210 211 13 1
212 213 4 1
212 214 32 1
215 216 36 0
215 217 28 1
218 219 48 0
220 221 54 1
222 223 15 1
71 224 36 0
34 225 63 1
184 226 47 0
188 227 48 1
227 228 44 1
131 229 34 1
230 231 13 0
230 232 20 0
230 233 44 0
12 234 10 1
235 236 31 0
217 237 65 0
238 239 47 0
216 217 67 1
136 240 11 0
82 241 42 1
242 243 61 0
8 225 57 0
244 245 54 1
22 246 33 1
22 23 33 1
109 247 25 1
12 248 48 1
249 250 52 1
206 251 58 1
245 252 61 0
189 253 61 1
79 236 47 0
254 255 40 1
256 257 32 0
256 258 39 1
166 167 85 1
193 259 33 0
260 261 32 1
144 262 57 0
184 263 27 1
193 264 21 0
265 266 57 1
267 268 15 0
221 269 42 1
142 270 21 0
54 180 22 1
171 271 42 1
272 273 40 1
274 275 64 1
104 276 42 0
159 270 33 1
126 277 36 1
102 278 37 0
106 279 10 0
280 281 46 0
282 283 24 0
104 284 38 1
195 258 55 1
10 285 38 0
213 214 36 1
286 287 82 1
232 288 62 1
72 289 28 1
290 291 32 1
283 292 38 1
293 294 57 0
223 295 20 1
138 296 37 0
291 297 42 1
206 298 40 0
138 271 57 1
1 28 70 1
1 93 45 0
1 199 60 1
2 199 63 1
3 195 61 1
4 5 72 0
4 263 69 1
5 195 63 1
5 266 60 1
6 64 32 1
7 8 52 1
7 64 40 0
8 33 115 0
8 34 121 1
9 63 67 0
9 197 26 1
9 285 24 0
10 197 14 1
10 198 55 1
11 234 43 0
11 248 38 0
12 38 90 1
13 87 130 1
13 173 54 1
14 119 63 1
14 121 45 1
14 154 31 0
15 244 36 1
15 245 35 0
16 212 40 0
16 213 45 1
17 50 40 1
17 60 90 1
17 122 42 0
17 168 211 0
17 241 258 1
18 60 106 1
18 168 270 1
18 241 229 0
19 29 38 0
19 51 65 0
20 29 25 0
20 199 97 1
21 238 42 0
21 246 15 1
23 246 45 0
24 107 97 0
24 110 79 1
25 107 111 1
25 141 167 0
25 142 183 0
26 132 97 1
26 181 116 1
26 251 234 0
26 298 222 1
27 199 128 1
28 94 78 1
28 124 67 0
29 199 88 0
30 139 32 1
30 140 19 0
31 32 20 0
31 139 24 0
32 140 22 0
33 185 76 1
35 41 106 1
35 42 79 1
35 201 32 0
35 202 15 1
36 202 26 0
37 115 37 0
38 115 49 1
38 216 79 0
38 234 81 0
39 72 65 0
39 77 146 1
39 224 105 1
39 289 82 0
40 77 98 1
41 151 70 0
41 152 93 0
41 201 72 1
41 202 80 0
42 201 43 1
42 202 57 0
43 272 40 1
43 273 8 0
44 273 50 0
45 238 127 0
45 239 173 0
45 240 91 1
45 272 165 0
46 203 25 1
47 101 110 0
47 149 41 0
47 212 127 1
47 214 102 1
48 130 40 0
49 122 65 0
49 123 64 0
51 58 124 0
51 59 83 0
52 58 122 1
52 59 118 1
53 150 43 0
53 179 33 1
53 180 30 1
53 289 48 1
54 179 22 0
54 289 46 0
55 208 14 0
55 209 18 1
56 57 30 1
56 209 23 0
57 200 56 1
57 209 16 0
58 254 87 0
59 177 96 0
59 178 135 1
59 254 60 1
60 97 313 1
60 168 196 0
60 211 306 1
60 231 46 1
60 241 240 1
61 230 19 1
61 231 18 0
61 232 9 1
62 113 78 0
62 114 92 1
62 285 30 0
63 285 52 1
64 225 54 0
65 205 88 1
65 244 38 0
66 74 364 1
66 134 490 1
66 135 504 1
66 152 417 0
66 153 320 0
66 251 180 0
66 294 394 0
66 298 131 0
67 182 102 1
67 252 37 0
67 257 61 0
67 258 127 1
68 136 57 1
68 240 60 1
69 177 45 0
69 178 56 1
70 224 21 0
71 179 41 0
72 224 30 1
73 134 103 0
73 135 199 1
73 152 133 1
73 153 30 0
73 293 262 1
73 294 201 0
74 134 141 1
74 135 217 1
74 152 151 1
74 251 248 0
74 293 213 0
74 294 234 1
74 298 342 1
76 80 54 1
78 235 46 1
79 80 39 1
79 235 36 0
81 111 116 0
81 112 116 1
81 241 76 1
81 288 133 1
82 111 93 0
82 112 88 1
82 288 88 0
84 97 172 0
84 243 36 1
84 253 170 1
85 97 205 1
85 243 30 1
85 253 169 1
87 92 265 0
87 294 357 1
88 92 358 1
88 222 87 1
88 294 332 0
88 295 80 1
89 157 102 0
89 158 90 1
89 159 73 1
89 270 78 0
90 265 45 1
91 293 81 1
91 294 105 0
92 294 61 1
93 124 23 0
95 124 21 0
95 196 57 1
96 210 31 0
96 211 31 0
96 223 46 1
97 123 196 1
97 168 237 0
97 210 54 1
97 211 45 1
97 241 289 1
97 253 46 0
98 186 53 0
99 100 22 1
99 186 19 0
99 229 66 0
100 186 13 0
101 212 110 0
101 214 106 1
101 297 48 1
102 267 63 1
102 268 52 0
102 297 33 0
103 276 25 1
103 284 37 1
104 151 112 1
104 220 98 1
104 221 108 0
105 126 174 1
105 163 244 1
105 279 49 0
106 126 177 1
106 163 207 0
107 165 116 1
107 167 126 0
107 190 83 0
107 191 114 1
108 109 27 0
108 247 31 1
110 181 63 0
111 288 33 1
112 288 36 0
113 277 41 0
114 277 38 0
115 171 86 1
116 137 23 0
116 172 57 0
117 174 32 1
118 191 58 1
119 138 134 1
119 154 74 0
120 138 80 1
120 173 60 1
123 168 243 1
123 211 189 1
123 241 248 1
125 163 90 1
125 277 42 1
126 163 96 1
126 279 172 1
127 175 30 0
127 176 42 1
128 175 54 1
129 156 142 0
129 218 154 1
129 219 151 0
130 192 165 1
130 193 140 0
130 229 50 1
131 192 145 1
131 193 147 1
132 153 116 1
133 153 81 0
134 135 84 1
134 152 76 1
134 251 423 1
134 298 468 1
135 152 127 0
135 181 467 0
135 293 142 0
135 294 138 1
135 298 481 1
137 171 22 1
137 172 55 0
138 171 45 0
139 226 75 0
141 159 45 0
141 270 36 1
142 159 57 1
143 262 43 0
143 281 146 1
146 148 43 1
146 283 68 1
146 292 32 1
147 250 16 1
148 200 62 1
150 179 79 1
150 275 43 0
150 289 68 0
151 221 159 0
152 251 433 1
152 298 398 0
153 251 316 1
153 298 361 1
155 218 28 0
155 228 62 0
155 274 29 0
156 218 16 1
156 274 26 0
158 159 42 0
158 270 80 1
161 269 203 0
161 279 281 0
163 279 243 1
164 198 36 1
165 190 93 1
165 191 90 0
166 170 62 1
167 190 107 0
167 191 142 1
168 211 231 0
168 241 91 1
169 198 214 1
169 280 32 0
169 281 91 1
170 280 51 1
170 281 98 1
171 296 52 0
172 237 19 0
173 237 50 0
174 247 3 0
175 196 57 1
177 255 72 0
178 255 89 0
179 289 48 0
180 219 45 0
181 251 227 0
181 294 441 0
181 298 178 0
182 256 42 1
182 257 28 0
183 226 74 1
183 263 41 0
187 228 60 1
188 189 38 1
188 228 51 1
192 259 43 1
192 264 17 0
194 256 63 1
194 258 37 0
196 204 58 1
197 285 42 1
200 207 81 1
200 249 76 1
203 261 105 1
204 261 92 1
205 298 25 0
207 249 52 0
208 209 14 1
211 241 282 1
220 269 22 1
220 284 96 1
222 295 8 1
226 263 54 0
228 274 73 0
231 233 62 1
234 248 38 1
238 240 121 0
238 246 36 1
238 272 88 0
239 240 200 1
239 246 79 1
239 272 110 1
240 272 190 1
242 286 33 0
242 287 46 1
244 252 69 1
245 259 39 0
251 286 68 1
257 258 63 1
259 264 29 0
260 282 38 1
260 283 50 0
261 282 53 0
262 281 106 1
267 278 43 1
268 278 42 0
269 279 435 1
271 296 31 1
275 278 63 1
276 284 40 1
287 293 67 0
290 297 55 1

CENÁRIO 3
PROBABILIDADE: 436/5253 = 0.0830002
QTD_ARESTAS_REQUERIDAS: 303
QTD_ARESTAS_NAO_REQUERIDAS: 294
1 2 22 0
3 4 46 1
3 5 35 0
6 7 22 1
6 8 34 0
9 10 17 0
11 12 60 1
13 14 92 1
15 16 33 0
17 18 24 1
19 20 36 1
21 22 18 0
21 23 42 0
24 25 27 1
24 26 60 0
27 28 39 1
27 29 35 0
30 31 18 1
30 32 7 0
33 34 23 0
35 36 15 0
37 38 79 1
39 40 50 0
41 42 35 0
43 44 64 1
45 46 60 1
47 48 22 0
49 50 63 1
51 52 52 0
53 54 13 1
55 56 15 0
55 57 27 0
58 59 66 0
60 61 38 0
62 63 43 1
8 64 9 0
65 66 37 0
65 67 47 0
68 69 32 1
70 71 28 1
70 72 30 0
73 74 23 0
75 76 33 1
75 77 51 0
78 79 19 0
78 80 48 1
81 82 40 1
81 83 33 0
84 85 6 0
86 87 53 0
86 88 72 1
89 90 25 1
91 92 75 1
93 94 24 1
93 95 40 0
96 97 26 0
98 99 72 1
98 100 51 1
101 102 52 0
103 104 22 0
105 106 52 1
107 108 46 1
107 109 55 0
25 110 76 1
111 112 31 1
113 114 13 0
115 116 79 1
117 118 17 0
119 120 53 0
119 121 45 1
122 123 24 0
76 77 30 0
94 95 24 0
94 124 4 1
125 126 19 0
18 50 39 0
127 128 18 0
50 129 63 0
130 131 28 1
132 133 20 1
128 134 64 1
128 135 62 1
2 136 57 0
137 138 48 1
139 140 28 0
141 142 24 0
143 144 24 0
145 146 46 1
145 147 62 1
145 148 28 1
149 150 52 0
151 152 40 0
74 153 18 0
121 154 58 1
155 156 18 0
157 158 37 0
157 159 58 0
160 161 40 1
63 162 46 1
162 163 51 0
162 164 66 1
165 166 45 0
165 167 53 0
83 168 43 0
169 170 26 0
116 171 28 1
172 173 52 1
108 174 27 0
175 176 49 1
177 178 22 0
179 180 46 1
66 181 62 0
181 182 62 1
183 184 25 1
185 186 37 0
187 188 13 1
187 189 30 0
66 67 60 0
118 190 42 0
190 191 19 0
192 193 7 0
194 195 80 1
176 196 39 1
197 198 50 1
136 199 45 1
44 200 32 0
201 202 22 0
203 204 58 1
205 206 34 0
207 208 14 0
207 209 26 1
210 211 13 1
212 213 4 1
212 214 27 0
215 216 43 1
215 217 28 1
218 219 48 0
220 221 45 0
222 223 15 1
71 224 43 1
34 225 53 0
184 226 56 1
188 227 48 1
227 228 37 0
131 229 29 0
230 231 15 1
230 232 20 0
230 233 44 0
12 234 9 0
235 236 31 0
217 237 65 0
238 239 47 0
216 217 67 1
136 240 13 1
82 241 35 0
242 243 73 1
8 225 57 0
244 245 45 0
22 246 28 0
22 23 33 1
109 247 25 1
12 248 40 0
249 250 52 1
206 251 49 0
245 252 73 1
189 253 51 0
79 236 47 0
254 255 34 0
256 257 38 1
256 258 33 0
166 167 85 1
193 259 33 0
260 261 27 0
144 262 57 0
184 263 23 0
193 264 25 1
265 266 48 0
267 268 18 1
221 269 35 0
142 270 25 1
54 180 19 0
171 271 42 1
272 273 34 0
274 275 64 1
104 276 50 1
159 270 28 0
126 277 30 0
102 278 44 1
106 279 10 0
280 281 55 1
282 283 24 0
104 284 32 0
195 258 46 0
10 285 45 1
213 214 36 1
286 287 82 1
232 288 62 1
72 289 24 0
290 291 27 0
283 292 32 0
293 294 57 0
223 295 20 1
138 296 37 0
291 297 35 0
206 298 48 1
138 271 57 1
1 28 70 1
1 93 54 1
1 199 50 0
2 199 53 0
3 195 61 1
4 5 72 0
4 263 69 1
5 195 53 0
5 266 50 0
6 64 32 1
7 8 44 0
7 64 48 1
8 33 138 1
8 34 101 0
9 63 67 0
9 197 22 0
9 285 28 1
10 197 14 1
10 198 55 1
11 234 51 1
11 248 45 1
12 38 75 0
13 87 130 1
13 173 45 0
14 119 63 1
14 121 38 0
14 154 31 0
15 244 30 0
15 245 35 0
16 212 40 0
16 213 45 1
17 50 40 1
17 60 75 0
17 122 42 0
17 168 211 0
17 241 215 0
18 60 106 1
18 168 270 1
18 241 229 0
19 29 38 0
19 51 78 1
20 29 25 0
20 199 81 0
21 238 42 0
21 246 15 1
23 246 54 1
24 107 116 1
24 110 79 1
25 107 111 1
25 141 200 1
25 142 219 1
26 132 97 1
26 181 97 0
26 251 234 0
26 298 222 1
27 199 107 0
28 94 78 1
28 124 67 0
29 199 88 0
30 139 27 0
30 140 22 1
31 32 24 1
31 139 28 1
32 140 22 0
33 185 76 1
35 41 106 1
35 42 79 1
35 201 38 1
35 202 15 1
36 202 31 1
37 115 37 0
38 115 41 0
38 216 79 0
38 234 81 0
39 72 78 1
39 77 146 1
39 224 88 0
39 289 82 0
40 77 98 1
41 151 84 1
41 152 111 1
41 201 60 0
41 202 96 1
42 201 43 1
42 202 68 1
43 272 40 1
43 273 9 1
44 273 50 0
45 238 152 1
45 239 207 1
45 240 76 0
45 272 165 0
46 203 25 1
47 101 132 1
47 149 41 0
47 212 106 0
47 214 102 1
48 130 40 0
49 122 65 0
49 123 76 1
51 58 148 1
51 59 99 1
52 58 102 0
52 59 99 0
53 150 43 0
53 179 28 0
53 180 25 0
53 289 48 1
54 179 22 0
54 289 55 1
55 208 16 1
55 209 15 0
56 57 25 0
56 209 27 1
57 200 56 1
57 209 19 1
58 254 87 0
59 177 96 0
59 178 135 1
59 254 60 1
60 97 261 0
60 168 196 0
60 211 306 1
60 231 39 0
60 241 200 0
61 230 19 1
61 231 18 0
61 232 9 1
62 113 78 0
62 114 92 1
62 285 36 1
63 285 52 1
64 225 64 1
65 205 74 0
65 244 45 1
66 74 304 0
66 134 409 0
66 135 420 0
66 152 500 1
66 153 384 1
66 251 180 0
66 294 472 1
66 298 157 1
67 182 85 0
67 252 37 0
67 257 61 0
67 258 127 1
68 136 48 0
68 240 50 0
69 177 54 1
69 178 47 0
70 224 25 1
71 179 41 0
72 224 25 0
73 134 103 0
73 135 166 0
73 152 133 1
73 153 30 0
73 293 262 1
73 294 201 0
74 134 141 1
74 135 181 0
74 152 126 0
74 251 297 1
74 293 213 0
74 294 234 1
74 298 342 1
76 80 45 0
78 235 39 0
79 80 39 1
79 235 43 1
81 111 139 1
81 112 97 0
81 241 64 0
81 288 133 1
82 111 111 1
82 112 88 1
82 288 88 0
84 97 206 1
84 243 36 1
84 253 170 1
85 97 171 0
85 243 25 0
85 253 169 1
87 92 265 0
87 294 357 1
88 92 358 1
88 222 87 1
88 294 332 0
88 295 67 0
89 157 122 1
89 158 75 0
89 159 73 1
89 270 93 1
90 265 38 0
91 293 81 1
91 294 105 0
92 294 51 0
93 124 27 1
95 124 25 1
95 196 57 1
96 210 37 1
96 211 37 1
96 223 46 1
97 123 196 1
97 168 237 0
97 210 45 0
97 211 38 0
97 241 289 1
97 253 46 0
98 186 53 0
99 100 22 1
99 186 19 0
99 229 79 1
100 186 15 1
101 212 132 1
101 214 89 0
101 297 40 0
102 267 63 1
102 268 62 1
102 297 33 0
103 276 25 1
103 284 31 0
104 151 112 1
104 220 98 1
104 221 108 0
105 126 174 1
105 163 204 0
105 279 58 1
106 126 148 0
106 163 207 0
107 165 116 1
107 167 151 1
107 190 83 0
107 191 95 0
108 109 32 1
108 247 31 1
110 181 63 0
111 288 33 1
112 288 43 1
113 277 49 1
114 277 45 1
115 171 86 1
116 137 27 1
116 172 68 1
117 174 27 0
118 191 49 0
119 138 134 1
119 154 88 1
120 138 80 1
120 173 60 1
123 168 243 1
123 211 189 1
123 241 207 0
125 163 90 1
125 277 35 0
126 163 96 1
126 279 172 1
127 175 36 1
127 176 42 1
128 175 54 1
129 156 142 0
129 218 129 0
129 219 181 1
130 192 138 0
130 193 168 1
130 229 50 1
131 192 145 1
131 193 147 1
132 153 97 0
133 153 81 0
134 135 70 0
134 152 64 0
134 251 423 1
134 298 468 1
135 152 152 1
135 181 560 1
135 293 142 0
135 294 138 1
135 298 401 0
137 171 19 0
137 172 55 0
138 171 45 0
139 226 90 1
141 159 45 0
141 270 36 1
142 159 48 0
143 262 43 0
143 281 122 0
146 148 43 1
146 283 57 0
146 292 27 0
147 250 14 0
148 200 62 1
150 179 66 0
150 275 43 0
150 289 81 1
151 221 159 0
152 251 361 0
152 298 477 1
153 251 264 0
153 298 301 0
155 218 33 1
155 228 74 1
155 274 34 1
156 218 14 0
156 274 31 1
158 159 42 0
158 270 80 1
161 269 203 0
161 279 337 1
163 279 203 0
164 198 36 1
165 190 93 1
165 191 108 1
166 170 62 1
167 190 107 0
167 191 142 1
168 211 277 1
168 241 76 0
169 198 179 0
169 280 38 1
169 281 76 0
170 280 43 0
170 281 82 0
171 296 62 1
172 237 22 1
173 237 50 0
174 247 3 0
175 196 48 0
177 255 86 1
178 255 106 1
179 289 57 1
180 219 54 1
181 251 272 1
181 294 441 0
181 298 178 0
182 256 42 1
182 257 33 1
183 226 74 1
183 263 41 0
187 228 60 1
188 189 32 0
188 228 51 1
192 259 43 1
192 264 17 0
194 256 63 1
194 258 44 1
196 204 49 0
197 285 42 1
200 207 81 1
200 249 76 1
203 261 105 1
204 261 92 1
205 298 25 0
207 249 62 1
208 209 12 0
211 241 235 0
220 269 22 1
220 284 80 0
222 295 8 1
226 263 54 0
228 274 87 1
231 233 52 0
234 248 32 0
238 240 121 0
238 246 36 1
238 272 105 1
239 240 200 1
239 246 79 1
239 272 92 0
240 272 190 1
242 286 33 0
242 287 39 0
244 252 58 0
245 259 46 1
251 286 57 0
257 258 63 1
259 264 29 0
260 282 38 1
260 283 50 0
261 282 63 1
262 281 106 1
267 278 43 1
268 278 50 1
269 279 363 0
271 296 31 1
275 278 63 1
276 284 40 1
287 293 67 0
290 297 46 0

CENÁRIO 4
PROBABILIDADE: 242/1751 = 0.138207
QTD_ARESTAS_REQUERIDAS: 307
QTD_ARESTAS_NAO_REQUERIDAS: 290
1 2 26 1
3 4 46 1
3 5 42 1
6 7 19 0
6 8 40 1
9 10 17 0
11 12 60 1
13 14 92 1
15 16 39 1
17 18 24 1
19 20 30 0
21 22 18 0
21 23 42 0
24 25 23 0
24 26 72 1
27 28 33 0
27 29 42 1
30 31 15 0
30 32 8 1
33 34 27 1
35 36 18 1
37 38 79 1
39 40 50 0
41 42 42 1
43 44 64 1
45 46 60 1
47 48 26 1
49 50 63 1
51 52 62 1
53 54 11 0
55 56 15 0
55 57 27 0
58 59 66 0
60 61 38 0
62 63 43 1
8 64 9 0
65 66 37 0
65 67 47 0
68 69 27 0
70 71 28 1
70 72 36 1
73 74 23 0
75 76 28 0
75 77 61 1
78 79 19 0
78 80 40 0
81 82 40 1
81 83 33 0
84 85 7 1
86 87 63 1
86 88 72 1
89 90 25 1
91 92 75 1
93 94 24 1
93 95 40 0
96 97 31 1
98 99 72 1
98 100 43 0
101 102 52 0
103 104 26 1
105 106 44 0
107 108 39 0
107 109 55 0
25 110 76 1
111 112 26 0
113 114 15 1
115 116 79 1
117 118 17 0
119 120 53 0
119 121 45 1
122 123 24 0
76 77 36 1
94 95 28 1
94 124 4 0
125 126 22 1
18 50 46 1
127 128 21 1
50 129 75 1
130 131 28 1
132 133 17 0
128 134 54 0
128 135 62 1
2 136 57 0
137 138 48 1
139 140 33 1
141 142 24 0
143 144 28 1
145 146 46 1
145 147 52 0
145 148 28 1
149 150 62 1
151 152 40 0
74 153 18 0
121 154 49 0
155 156 21 1
157 158 37 0
157 159 58 0
160 161 40 1
63 162 46 1
162 163 51 0
162 164 66 1
165 166 45 0
165 167 53 0
83 168 43 0
169 170 26 0
116 171 28 1
172 173 52 1
108 174 32 1
175 176 41 0
177 178 26 1
179 180 39 0
66 181 62 0
181 182 62 1
183 184 25 1
185 186 44 1
187 188 11 0
187 189 36 1
66 67 60 0
118 190 42 0
190 191 19 0
192 193 8 1
194 195 80 1
176 196 39 1
197 198 50 1
136 199 38 0
44 200 32 0
201 202 22 0
203 204 58 1
205 206 34 0
207 208 14 0
207 209 22 0
210 211 13 1
212 213 4 1
212 214 32 1
215 216 36 0
215 217 28 1
218 219 48 0
220 221 45 0
222 223 15 1
71 224 36 0
34 225 53 0
184 226 47 0
188 227 40 0
227 228 37 0
131 229 34 1
230 231 13 0
230 232 24 1
230 233 44 0
12 234 9 0
235 236 37 1
217 237 78 1
238 239 56 1
216 217 56 0
136 240 11 0
82 241 42 1
242 243 61 0
8 225 57 0
244 245 54 1
22 246 28 0
22 23 28 0
109 247 25 1
12 248 40 0
249 250 52 1
206 251 58 1
245 252 73 1
189 253 51 0
79 236 56 1
254 255 34 0
256 257 32 0
256 258 33 0
166 167 85 1
193 259 39 1
260 261 32 1
144 262 68 1
184 263 23 0
193 264 25 1
265 266 48 0
267 268 15 0
221 269 42 1
142 270 21 0
54 180 19 0
171 271 42 1
272 273 34 0
274 275 64 1
104 276 50 1
159 270 28 0
126 277 30 0
102 278 37 0
106 279 10 0
280 281 46 0
282 283 28 1
104 284 38 1
195 258 55 1
10 285 45 1
213 214 36 1
286 287 82 1
232 288 62 1
72 289 28 1
290 291 27 0
283 292 32 0
293 294 57 0
223 295 20 1
138 296 37 0
291 297 42 1
206 298 48 1
138 271 48 0
1 28 59 0
1 93 54 1
1 199 50 0
2 199 63 1
3 195 51 0
4 5 72 0
4 263 69 1
5 195 63 1
5 266 60 1
6 64 32 1
7 8 44 0
7 64 40 0
8 33 115 0
8 34 121 1
9 63 67 0
9 197 26 1
9 285 24 0
10 197 14 1
10 198 55 1
11 234 43 0
11 248 38 0
12 38 75 0
13 87 109 0
13 173 45 0
14 119 63 1
14 121 38 0
14 154 31 0
15 244 30 0
15 245 35 0
16 212 48 1
16 213 38 0
17 50 34 0
17 60 75 0
17 122 50 1
17 168 253 1
17 241 215 0
18 60 106 1
18 168 270 1
18 241 229 0
19 29 45 1
19 51 65 0
20 29 25 0
20 199 97 1
21 238 42 0
21 246 13 0
23 246 54 1
24 107 116 1
24 110 66 0
25 107 93 0
25 141 167 0
25 142 219 1
26 132 97 1
26 181 97 0
26 251 280 1
26 298 222 1
27 199 107 0
28 94 65 0
28 124 80 1
29 199 88 0
30 139 27 0
30 140 19 0
31 32 24 1
31 139 24 0
32 140 22 0
33 185 76 1
35 41 89 0
35 42 79 1
35 201 38 1
35 202 13 0
36 202 31 1
37 115 37 0
38 115 49 1
38 216 79 0
38 234 97 1
39 72 65 0
39 77 146 1
39 224 105 1
39 289 82 0
40 77 98 1
41 151 70 0
41 152 111 1
41 201 60 0
41 202 96 1
42 201 43 1
42 202 68 1
43 272 40 1
43 273 8 0
44 273 50 0
45 238 152 1
45 239 173 0
45 240 76 0
45 272 165 0
46 203 25 1
47 101 132 1
47 149 41 0
47 212 127 1
47 214 102 1
48 130 40 0
49 122 78 1
49 123 76 1
51 58 124 0
51 59 83 0
52 58 122 1
52 59 118 1
53 150 43 0
53 179 33 1
53 180 30 1
53 289 48 1
54 179 22 0
54 289 46 0
55 208 16 1
55 209 18 1
56 57 25 0
56 209 27 1
57 200 47 0
57 209 19 1
58 254 104 1
59 177 96 0
59 178 135 1
59 254 60 1
60 97 313 1
60 168 235 1
60 211 255 0
60 231 46 1
60 241 200 0
61 230 19 1
61 231 18 0
61 232 9 1
62 113 78 0
62 114 92 1
62 285 30 0
63 285 52 1
64 225 64 1
65 205 74 0
65 244 38 0
66 74 364 1
66 134 490 1
66 135 504 1
66 152 417 0
66 153 320 0
66 251 180 0
66 294 472 1
66 298 157 1
67 182 85 0
67 252 37 0
67 257 73 1
67 258 127 1
68 136 57 1
68 240 50 0
69 177 45 0
69 178 47 0
70 224 21 0
71 179 49 1
72 224 25 0
73 134 123 1
73 135 166 0
73 152 111 0
73 153 36 1
73 293 219 0
73 294 201 0
74 134 118 0
74 135 217 1
74 152 151 1
74 251 297 1
74 293 213 0
74 294 234 1
74 298 342 1
76 80 45 0
78 235 46 1
79 80 33 0
79 235 43 1
81 111 139 1
81 112 116 1
81 241 64 0
81 288 133 1
82 111 93 0
82 112 74 0
82 288 105 1
84 97 206 1
84 243 36 1
84 253 170 1
85 97 171 0
85 243 30 1
85 253 169 1
87 92 318 1
87 294 357 1
88 92 358 1
88 222 73 0
88 294 398 1
88 295 80 1
89 157 122 1
89 158 90 1
89 159 73 1
89 270 78 0
90 265 45 1
91 293 68 0
91 294 105 0
92 294 61 1
93 124 23 0
95 124 21 0
95 196 57 1
96 210 37 1
96 211 31 0
96 223 39 0
97 123 164 0
97 168 237 0
97 210 54 1
97 211 45 1
97 241 241 0
97 253 55 1
98 186 63 1
99 100 19 0
99 186 22 1
99 229 79 1
100 186 15 1
101 212 132 1
101 214 89 0
101 297 48 1
102 267 53 0
102 268 52 0
102 297 33 0
103 276 25 1
103 284 37 1
104 151 94 0
104 220 98 1
104 221 108 0
105 126 145 0
105 163 244 1
105 279 49 0
106 126 177 1
106 163 207 0
107 165 116 1
107 167 151 1
107 190 83 0
107 191 114 1
108 109 32 1
108 247 26 0
110 181 75 1
111 288 28 0
112 288 36 0
113 277 49 1
114 277 38 0
115 171 86 1
116 137 27 1
116 172 68 1
117 174 27 0
118 191 49 0
119 138 112 0
119 154 74 0
120 138 80 1
120 173 60 1
123 168 243 1
123 211 189 1
123 241 248 1
125 163 75 0
125 277 42 1
126 163 96 1
126 279 144 0
127 175 36 1
127 176 42 1
128 175 54 1
129 156 142 0
129 218 154 1
129 219 151 0
130 192 138 0
130 193 140 0
130 229 42 0
131 192 121 0
131 193 123 0
132 153 97 0
133 153 81 0
134 135 70 0
134 152 76 1
134 251 353 0
134 298 468 1
135 152 152 1
135 181 467 0
135 293 170 1
135 294 115 0
135 298 401 0
137 171 22 1
137 172 66 1
138 171 54 1
139 226 90 1
141 159 54 1
141 270 30 0
142 159 57 1
143 262 43 0
143 281 122 0
146 148 36 0
146 283 68 1
146 292 27 0
147 250 16 1
148 200 62 1
150 179 66 0
150 275 51 1
150 289 68 0
151 221 159 0
152 251 361 0
152 298 477 1
153 251 264 0
153 298 301 0
155 218 28 0
155 228 62 0
155 274 34 1
156 218 16 1
156 274 26 0
158 159 42 0
158 270 80 1
161 269 243 1
161 279 281 0
163 279 203 0
164 198 36 1
165 190 93 1
165 191 108 1
166 170 62 1
167 190 128 1
167 191 119 0
168 211 231 0
168 241 91 1
169 198 214 1
169 280 32 0
169 281 91 1
170 280 51 1
170 281 82 0
171 296 62 1
172 237 22 1
173 237 50 0
174 247 3 1
175 196 48 0
177 255 86 1
178 255 106 1
179 289 48 0
180 219 45 0
181 251 272 1
181 294 529 1
181 298 213 1
182 256 42 1
182 257 33 1
183 226 62 0
183 263 41 0
187 228 50 0
188 189 32 0
188 228 43 0
192 259 43 1
192 264 20 1
194 256 63 1
194 258 37 0
196 204 49 0
197 285 35 0
200 207 68 0
200 249 76 1
203 261 88 0
204 261 92 1
205 298 30 1
207 249 52 0
208 209 12 0
211 241 282 1
220 269 22 1
220 284 96 1
222 295 8 1
226 263 54 0
228 274 87 1
231 233 62 1
234 248 32 0
238 240 121 0
238 246 36 1
238 272 105 1
239 240 200 1
239 246 66 0
239 272 110 1
240 272 190 1
242 286 33 0
242 287 39 0
244 252 58 0
245 259 39 0
251 286 57 0
257 258 63 1
259 264 34 1
260 282 32 0
260 283 50 0
261 282 53 0
262 281 106 1
267 278 36 0
268 278 50 1
269 279 363 0
271 296 26 0
275 278 53 0
276 284 34 0
287 293 80 1
290 297 55 1

CENÁRIO 5
PROBABILIDADE: 868/5253 = 0.165239
QTD_ARESTAS_REQUERIDAS: 286
QTD_ARESTAS_NAO_REQUERIDAS: 311
1 2 26 1
3 4 46 1
3 5 42 1
6 7 22 1
6 8 40 1
9 10 20 1
11 12 50 0
13 14 92 1
15 16 33 0
17 18 20 0
19 20 36 1
21 22 21 1
21 23 50 1
24 25 23 0
24 26 60 0
27 28 33 0
27 29 35 0
30 31 15 0
30 32 7 0
33 34 23 0
35 36 18 1
37 38 79 1
39 40 60 1
41 42 35 0
43 44 54 0
45 46 50 0
47 48 22 0
49 50 53 0
51 52 62 1
53 54 11 0
55 56 15 0
55 57 27 0
58 59 79 1
60 61 45 1
62 63 43 1
8 64 10 1
65 66 44 1
65 67 56 1
68 69 27 0
70 71 28 1
70 72 30 0
73 74 27 1
75 76 28 0
75 77 51 0
78 79 22 1
78 80 40 0
81 82 40 1
81 83 33 0
84 85 7 1
86 87 63 1
86 88 72 1
89 90 21 0
91 92 63 0
93 94 24 1
93 95 48 1
96 97 31 1
98 99 60 0
98 100 43 0
101 102 52 0
103 104 26 1
105 106 52 1
107 108 46 1
107 109 55 0
25 110 76 1
111 112 31 1
113 114 15 1
115 116 79 1
117 118 20 1
119 120 63 1
119 121 38 0
122 123 28 1
76 77 30 0
94 95 24 0
94 124 4 0
125 126 19 0
18 50 39 0
127 128 18 0
50 129 63 0
130 131 24 0
132 133 17 0
128 134 64 1
128 135 52 0
2 136 68 1
137 138 48 1
139 140 33 1
141 142 24 0
143 144 28 1
145 146 39 0
145 147 52 0
145 148 28 1
149 150 52 0
151 152 40 0
74 153 18 0
121 154 58 1
155 156 18 0
157 158 37 0
157 159 58 0
160 161 40 1
63 162 39 0
162 163 61 1
162 164 66 1
165 166 45 0
165 167 63 1
83 168 43 0
169 170 26 0
116 171 24 0
172 173 52 1
108 174 27 0
175 176 49 1
177 178 26 1
179 180 39 0
66 181 62 0
181 182 62 1
183 184 25 1
185 186 37 0
187 188 13 1
187 189 30 0
66 67 60 0
118 190 50 1
190 191 19 0
192 193 8 1
194 195 67 0
176 196 39 1
197 198 42 0
136 199 45 1
44 200 32 0
201 202 26 1
203 204 49 0
205 206 40 1
207 208 16 1
207 209 22 0
210 211 13 1
212 213 4 1
212 214 32 1
215 216 36 0
215 217 28 1
218 219 48 0
220 221 54 1
222 223 13 0
71 224 43 1
34 225 63 1
184 226 56 1
188 227 40 0
227 228 37 0
131 229 29 0
230 231 15 1
230 232 20 0
230 233 44 0
12 234 10 1
235 236 31 0
217 237 65 0
238 239 47 0
216 217 67 1
136 240 11 0
82 241 35 0
242 243 73 1
8 225 68 1
244 245 45 0
22 246 28 0
22 23 28 0
109 247 21 0
12 248 40 0
249 250 52 1
206 251 49 0
245 252 61 0
189 253 51 0
79 236 56 1
254 255 34 0
256 257 32 0
256 258 39 1
166 167 71 0
193 259 33 0
260 261 27 0
144 262 57 0
184 263 23 0
193 264 25 1
265 266 48 0
267 268 15 0
221 269 42 1
142 270 21 0
54 180 22 1
171 271 42 1
272 273 40 1
274 275 64 1
104 276 42 0
159 270 33 1
126 277 30 0
102 278 37 0
106 279 10 0
280 281 46 0
282 283 24 0
104 284 32 0
195 258 46 0
10 285 38 0
213 214 30 0
286 287 69 0
232 288 52 0
72 289 24 0
290 291 27 0
283 292 32 0
293 294 57 0
223 295 17 0
138 296 37 0
291 297 42 1
206 298 48 1
138 271 48 0
1 28 70 1
1 93 54 1
1 199 50 0
2 199 63 1
3 195 61 1
4 5 72 0
4 263 58 0
5 195 63 1
5 266 50 0
6 64 32 1
7 8 44 0
7 64 48 1
8 33 115 0
8 34 121 1
9 63 80 1
9 197 22 0
9 285 24 0
10 197 12 0
10 198 46 0
11 234 51 1
11 248 38 0
12 38 90 1
13 87 109 0
13 173 45 0
14 119 63 1
14 121 45 1
14 154 37 1
15 244 30 0
15 245 35 0
16 212 40 0
16 213 38 0
17 50 34 0
17 60 75 0
17 122 42 0
17 168 211 0
17 241 258 1
18 60 89 0
18 168 270 1
18 241 274 1
19 29 45 1
19 51 65 0
20 29 25 0
20 199 81 0
21 238 42 0
21 246 15 1
23 246 45 0
24 107 116 1
24 110 79 1
25 107 93 0
25 141 167 0
25 142 183 0
26 132 81 0
26 181 97 0
26 251 280 1
26 298 222 1
27 199 128 1
28 94 78 1
28 124 80 1
29 199 105 1
30 139 27 0
30 140 22 1
31 32 20 0
31 139 24 0
32 140 26 1
33 185 76 1
35 41 106 1
35 42 79 1
35 201 38 1
35 202 13 0
36 202 31 1
37 115 44 1
38 115 41 0
38 216 94 1
38 234 97 1
39 72 65 0
39 77 146 1
39 224 88 0
39 289 82 0
40 77 82 0
41 151 70 0
41 152 111 1
41 201 72 1
41 202 96 1
42 201 36 0
42 202 68 1
43 272 40 1
43 273 8 0
44 273 60 1
45 238 127 0
45 239 173 0
45 240 91 1
45 272 198 1
46 203 25 1
47 101 110 0
47 149 49 1
47 212 106 0
47 214 85 0
48 130 40 0
49 122 78 1
49 123 64 0
51 58 148 1
51 59 99 1
52 58 122 1
52 59 118 1
53 150 51 1
53 179 28 0
53 180 30 1
53 289 40 0
54 179 26 1
54 289 46 0
55 208 14 0
55 209 18 1
56 57 30 1
56 209 23 0
57 200 47 0
57 209 16 0
58 254 104 1
59 177 96 0
59 178 135 1
59 254 60 1
60 97 261 0
60 168 196 0
60 211 306 1
60 231 46 1
60 241 240 1
61 230 16 0
61 231 18 0
61 232 9 1
62 113 93 1
62 114 77 0
62 285 30 0
63 285 44 0
64 225 54 0
65 205 74 0
65 244 45 1
66 74 364 1
66 134 409 0
66 135 504 1
66 152 500 1
66 153 384 1
66 251 216 1
66 294 394 0
66 298 157 1
67 182 85 0
67 252 37 0
67 257 73 1
67 258 106 0
68 136 57 1
68 240 60 1
69 177 54 1
69 178 56 1
70 224 25 1
71 179 49 1
72 224 25 0
73 134 123 1
73 135 166 0
73 152 111 0
73 153 36 1
73 293 219 0
73 294 241 1
74 134 141 1
74 135 217 1
74 152 151 1
74 251 297 1
74 293 213 0
74 294 234 1
74 298 342 1
76 80 54 1
78 235 39 0
79 80 39 1
79 235 36 0
81 111 116 0
81 112 116 1
81 241 76 1
81 288 111 0
82 111 111 1
82 112 88 1
82 288 88 0
84 97 206 1
84 243 30 0
84 253 170 1
85 97 171 0
85 243 25 0
85 253 141 0
87 92 318 1
87 294 298 0
88 92 299 0
88 222 87 1
88 294 398 1
88 295 80 1
89 157 102 0
89 158 90 1
89 159 73 1
89 270 93 1
90 265 45 1
91 293 81 1
91 294 126 1
92 294 61 1
93 124 23 0
95 124 21 0
95 196 48 0
96 210 37 1
96 211 37 1
96 223 46 1
97 123 196 1
97 168 237 0
97 210 45 0
97 211 45 1
97 241 289 1
97 253 46 0
98 186 63 1
99 100 22 1
99 186 19 0
99 229 79 1
100 186 15 1
101 212 110 0
101 214 106 1
101 297 48 1
102 267 63 1
102 268 62 1
102 297 33 0
103 276 21 0
103 284 31 0
104 151 94 0
104 220 82 0
104 221 108 0
105 126 145 0
105 163 204 0
105 279 49 0
106 126 148 0
106 163 248 1
107 165 97 0
107 167 126 0
107 190 83 0
107 191 95 0
108 109 27 0
108 247 26 0
110 181 75 1
111 288 33 1
112 288 43 1
113 277 41 0
114 277 45 1
115 171 72 0
116 137 23 0
116 172 68 1
117 174 32 1
118 191 58 1
119 138 134 1
119 154 74 0
120 138 80 1
120 173 50 0
123 168 243 1
123 211 189 1
123 241 248 1
125 163 90 1
125 277 35 0
126 163 96 1
126 279 144 0
127 175 30 0
127 176 42 1
128 175 54 1
129 156 142 0
129 218 129 0
129 219 181 1
130 192 138 0
130 193 140 0
130 229 50 1
131 192 145 1
131 193 147 1
132 153 116 1
133 153 81 0
134 135 84 1
134 152 64 0
134 251 353 0
134 298 390 0
135 152 152 1
135 181 467 0
135 293 142 0
135 294 115 0
135 298 401 0
137 171 19 0
137 172 55 0
138 171 45 0
139 226 75 0
141 159 45 0
141 270 30 0
142 159 48 0
143 262 43 0
143 281 122 0
146 148 36 0
146 283 57 0
146 292 32 1
147 250 16 1
148 200 52 0
150 179 79 1
150 275 43 0
150 289 68 0
151 221 159 0
152 251 361 0
152 298 398 0
153 251 316 1
153 298 301 0
155 218 28 0
155 228 74 1
155 274 29 0
156 218 16 1
156 274 26 0
158 159 42 0
158 270 67 0
161 269 243 1
161 279 337 1
163 279 243 1
164 198 30 0
165 190 78 0
165 191 90 0
166 170 52 0
167 190 107 0
167 191 119 0
168 211 277 1
168 241 91 1
169 198 214 1
169 280 38 1
169 281 76 0
170 280 43 0
170 281 98 1
171 296 52 0
172 237 22 1
173 237 60 1
174 247 3 0
175 196 48 0
177 255 86 1
178 255 89 0
179 289 57 1
180 219 45 0
181 251 227 0
181 294 441 0
181 298 213 1
182 256 35 0
182 257 33 1
183 226 74 1
183 263 49 1
187 228 50 0
188 189 38 1
188 228 51 1
192 259 43 1
192 264 17 0
194 256 63 1
194 258 37 0
196 204 58 1
197 285 35 0
200 207 68 0
200 249 76 1
203 261 105 1
204 261 92 1
205 298 25 0
207 249 52 0
208 209 14 1
211 241 235 0
220 269 19 0
220 284 96 1
222 295 8 1
226 263 54 0
228 274 87 1
231 233 62 1
234 248 38 1
238 240 145 1
238 246 30 0
238 272 105 1
239 240 200 1
239 246 66 0
239 272 92 0
240 272 190 1
242 286 39 1
242 287 46 1
244 252 58 0
245 259 46 1
251 286 57 0
257 258 63 1
259 264 29 0
260 282 32 0
260 283 50 0
261 282 63 1
262 281 106 1
267 278 36 0
268 278 50 1
269 279 435 1
271 296 31 1
275 278 53 0
276 284 34 0
287 293 80 1
290 297 55 1

CENÁRIO 6
PROBABILIDADE: 8/1751 = 0.00456882
QTD_ARESTAS_REQUERIDAS: 286
QTD_ARESTAS_NAO_REQUERIDAS: 311
1 2 26 1
3 4 39 0
3 5 42 1
6 7 22 1
6 8 40 1
9 10 20 1
11 12 50 0
13 14 92 1
15 16 33 0
17 18 24 1
19 20 30 0
21 22 21 1
21 23 50 1
24 25 27 1
24 26 72 1
27 28 39 1
27 29 35 0
30 31 15 0
30 32 8 1
33 34 23 0
35 36 15 0
37 38 66 0
39 40 60 1
41 42 35 0
43 44 64 1
45 46 60 1
47 48 22 0
49 50 53 0
51 52 52 0
53 54 11 0
55 56 18 1
55 57 27 0
58 59 79 1
60 61 45 1
62 63 43 1
8 64 9 0
65 66 44 1
65 67 47 0
68 69 32 1
70 71 24 0
70 72 36 1
73 74 23 0
75 76 28 0
75 77 61 1
78 79 22 1
78 80 48 1
81 82 40 1
81 83 33 0
84 85 7 1
86 87 63 1
86 88 72 1
89 90 21 0
91 92 63 0
93 94 24 1
93 95 40 0
96 97 31 1
98 99 72 1
98 100 51 1
101 102 52 0
103 104 26 1
105 106 44 0
107 108 46 1
107 109 66 1
25 110 64 0
111 112 31 1
113 114 15 1
115 116 79 1
117 118 17 0
119 120 53 0
119 121 38 0
122 123 28 1
76 77 30 0
94 95 28 1
94 124 4 1
125 126 22 1
18 50 39 0
127 128 18 0
50 129 63 0
130 131 28 1
132 133 20 1
128 134 54 0
128 135 52 0
2 136 57 0
137 138 40 0
139 140 33 1
141 142 24 0
143 144 24 0
145 146 39 0
145 147 62 1
145 148 24 0
149 150 52 0
151 152 40 0
74 153 21 1
121 154 58 1
155 156 18 0
157 158 44 1
157 159 69 1
160 161 34 0
63 162 39 0
162 163 61 1
162 164 66 1
165 166 54 1
165 167 53 0
83 168 43 0
169 170 31 1
116 171 28 1
172 173 44 0
108 174 27 0
175 176 41 0
177 178 22 0
179 180 39 0
66 181 62 0
181 182 62 1
183 184 21 0
185 186 37 0
187 188 13 1
187 189 30 0
66 67 60 0
118 190 42 0
190 191 22 1
192 193 7 0
194 195 67 0
176 196 39 1
197 198 50 1
136 199 38 0
44 200 32 0
201 202 22 0
203 204 49 0
205 206 34 0
207 208 14 0
207 209 22 0
210 211 11 0
212 213 4 0
212 214 32 1
215 216 36 0
215 217 24 0
218 219 48 0
220 221 45 0
222 223 13 0
71 224 36 0
34 225 53 0
184 226 47 0
188 227 40 0
227 228 37 0
131 229 29 0
230 231 15 1
230 232 20 0
230 233 44 0
12 234 10 1
235 236 31 0
217 237 65 0
238 239 56 1
216 217 56 0
136 240 13 1
82 241 35 0
242 243 61 0
8 225 57 0
244 245 54 1
22 246 33 1
22 23 28 0
109 247 21 0
12 248 40 0
249 250 44 0
206 251 58 1
245 252 61 0
189 253 61 1
79 236 47 0
254 255 40 1
256 257 32 0
256 258 33 0
166 167 85 1
193 259 39 1
260 261 32 1
144 262 57 0
184 263 23 0
193 264 25 1
265 266 48 0
267 268 18 1
221 269 35 0
142 270 25 1
54 180 22 1
171 271 35 0
272 273 34 0
274 275 54 0
104 276 50 1
159 270 28 0
126 277 36 1
102 278 37 0
106 279 10 0
280 281 46 0
282 283 24 0
104 284 32 0
195 258 55 1
10 285 38 0
213 214 36 1
286 287 82 1
232 288 62 1
72 289 24 0
290 291 27 0
283 292 38 1
293 294 68 1
223 295 20 1
138 296 44 1
291 297 35 0
206 298 40 0
138 271 48 0
1 28 70 1
1 93 45 0
1 199 60 1
2 199 53 0
3 195 61 1
4 5 86 1
4 263 58 0
5 195 53 0
5 266 60 1
6 64 32 1
7 8 52 1
7 64 40 0
8 33 138 1
8 34 121 1
9 63 67 0
9 197 22 0
9 285 24 0
10 197 14 1
10 198 55 1
11 234 51 1
11 248 38 0
12 38 75 0
13 87 109 0
13 173 45 0
14 119 53 0
14 121 38 0
14 154 37 1
15 244 36 1
15 245 42 1
16 212 40 0
16 213 45 1
17 50 34 0
17 60 90 1
17 122 50 1
17 168 253 1
17 241 258 1
18 60 106 1
18 168 270 1
18 241 274 1
19 29 38 0
19 51 78 1
20 29 25 0
20 199 81 0
21 238 42 0
21 246 13 0
23 246 54 1
24 107 97 0
24 110 79 1
25 107 93 0
25 141 200 1
25 142 183 0
26 132 97 1
26 181 97 0
26 251 234 0
26 298 185 0
27 199 107 0
28 94 78 1
28 124 80 1
29 199 88 0
30 139 27 0
30 140 22 1
31 32 24 1
31 139 24 0
32 140 22 0
33 185 76 1
35 41 89 0
35 42 66 0
35 201 38 1
35 202 13 0
36 202 31 1
37 115 37 0
38 115 41 0
38 216 79 0
38 234 97 1
39 72 65 0
39 77 122 0
39 224 105 1
39 289 98 1
40 77 98 1
41 151 84 1
41 152 111 1
41 201 72 1
41 202 80 0
42 201 43 1
42 202 68 1
43 272 40 1
43 273 8 0
44 273 50 0
45 238 127 0
45 239 207 1
45 240 91 1
45 272 198 1
46 203 25 1
47 101 110 0
47 149 41 0
47 212 106 0
47 214 85 0
48 130 40 0
49 122 65 0
49 123 64 0
51 58 148 1
51 59 99 1
52 58 122 1
52 59 99 0
53 150 51 1
53 179 33 1
53 180 25 0
53 289 40 0
54 179 26 1
54 289 46 0
55 208 14 0
55 209 15 0
56 57 30 1
56 209 27 1
57 200 47 0
57 209 19 1
58 254 87 0
59 177 96 0
59 178 113 0
59 254 60 1
60 97 261 0
60 168 196 0
60 211 255 0
60 231 39 0
60 241 240 1
61 230 19 1
61 231 21 1
61 232 9 1
62 113 78 0
62 114 92 1
62 285 36 1
63 285 44 0
64 225 54 0
65 205 88 1
65 244 45 1
66 74 364 1
66 134 409 0
66 135 420 0
66 152 417 0
66 153 320 0
66 251 216 1
66 294 394 0
66 298 157 1
67 182 85 0
67 252 44 1
67 257 73 1
67 258 106 0
68 136 48 0
68 240 60 1
69 177 54 1
69 178 47 0
70 224 21 0
71 179 49 1
72 224 30 1
73 134 123 1
73 135 166 0
73 152 133 1
73 153 36 1
73 293 219 0
73 294 201 0
74 134 118 0
74 135 181 0
74 152 151 1
74 251 297 1
74 293 213 0
74 294 234 1
74 298 285 0
76 80 45 0
78 235 46 1
79 80 33 0
79 235 36 0
81 111 139 1
81 112 116 1
81 241 76 1
81 288 133 1
82 111 93 0
82 112 74 0
82 288 105 1
84 97 206 1
84 243 36 1
84 253 170 1
85 97 205 1
85 243 25 0
85 253 141 0
87 92 318 1
87 294 298 0
88 92 358 1
88 222 73 0
88 294 332 0
88 295 80 1
89 157 102 0
89 158 75 0
89 159 61 0
89 270 78 0
90 265 38 0
91 293 81 1
91 294 126 1
92 294 51 0
93 124 23 0
95 124 25 1
95 196 57 1
96 210 31 0
96 211 37 1
96 223 39 0
97 123 164 0
97 168 284 1
97 210 45 0
97 211 45 1
97 241 241 0
97 253 46 0
98 186 63 1
99 100 22 1
99 186 19 0
99 229 66 0
100 186 15 1
101 212 132 1
101 214 106 1
101 297 40 0
102 267 63 1
102 268 52 0
102 297 39 1
103 276 21 0
103 284 37 1
104 151 112 1
104 220 82 0
104 221 108 0
105 126 174 1
105 163 244 1
105 279 49 0
106 126 148 0
106 163 248 1
107 165 97 0
107 167 126 0
107 190 99 1
107 191 114 1
108 109 32 1
108 247 31 1
110 181 75 1
111 288 33 1
112 288 43 1
113 277 41 0
114 277 38 0
115 171 86 1
116 137 27 1
116 172 57 0
117 174 27 0
118 191 58 1
119 138 134 1
119 154 74 0
120 138 80 1
120 173 60 1
123 168 243 1
123 211 158 0
123 241 248 1
125 163 90 1
125 277 42 1
126 163 80 0
126 279 172 1
127 175 36 1
127 176 42 1
128 175 45 0
129 156 142 0
129 218 129 0
129 219 181 1
130 192 138 0
130 193 140 0
130 229 42 0
131 192 145 1
131 193 123 0
132 153 97 0
133 153 81 0
134 135 84 1
134 152 76 1
134 251 353 0
134 298 468 1
135 152 152 1
135 181 560 1
135 293 142 0
135 294 115 0
135 298 401 0
137 171 22 1
137 172 66 1
138 171 45 0
139 226 90 1
141 159 45 0
141 270 30 0
142 159 57 1
143 262 43 0
143 281 146 1
146 148 36 0
146 283 57 0
146 292 32 1
147 250 14 0
148 200 52 0
150 179 66 0
150 275 43 0
150 289 68 0
151 221 190 1
152 251 361 0
152 298 477 1
153 251 316 1
153 298 301 0
155 218 33 1
155 228 62 0
155 274 34 1
156 218 14 0
156 274 31 1
158 159 42 0
158 270 67 0
161 269 243 1
161 279 337 1
163 279 243 1
164 198 36 1
165 190 93 1
165 191 90 0
166 170 52 0
167 190 107 0
167 191 119 0
168 211 277 1
168 241 91 1
169 198 214 1
169 280 32 0
169 281 76 0
170 280 51 1
170 281 82 0
171 296 62 1
172 237 22 1
173 237 50 0
174 247 3 0
175 196 48 0
177 255 86 1
178 255 106 1
179 289 57 1
180 219 54 1
181 251 227 0
181 294 529 1
181 298 213 1
182 256 42 1
182 257 28 0
183 226 62 0
183 263 41 0
187 228 60 1
188 189 32 0
188 228 51 1
192 259 43 1
192 264 20 1
194 256 63 1
194 258 44 1
196 204 49 0
197 285 42 1
200 207 68 0
200 249 76 1
203 261 88 0
204 261 77 0
205 298 25 0
207 249 52 0
208 209 14 1
211 241 282 1
220 269 22 1
220 284 96 1
222 295 7 0
226 263 64 1
228 274 73 0
231 233 62 1
234 248 32 0
238 240 145 1
238 246 30 0
238 272 88 0
239 240 167 0
239 246 66 0
239 272 92 0
240 272 190 1
242 286 39 1
242 287 39 0
244 252 69 1
245 259 46 1
251 286 57 0
257 258 53 0
259 264 29 0
260 282 38 1
260 283 50 0
261 282 53 0
262 281 106 1
267 278 43 1
268 278 42 0
269 279 363 0
271 296 31 1
275 278 63 1
276 284 40 1
287 293 67 0
290 297 55 1

CENÁRIO 7
PROBABILIDADE: 88/5253 = 0.0167523
QTD_ARESTAS_REQUERIDAS: 308
QTD_ARESTAS_NAO_REQUERIDAS: 289
1 2 22 0
3 4 39 0
3 5 35 0
6 7 22 1
6 8 34 0
9 10 17 0
11 12 50 0
13 14 92 1
15 16 39 1
17 18 24 1
19 20 36 1
21 22 18 0
21 23 50 1
24 25 23 0
24 26 72 1
27 28 33 0
27 29 42 1
30 31 15 0
30 32 8 1
33 34 23 0
35 36 15 0
37 38 79 1
39 40 60 1
41 42 42 1
43 44 54 0
45 46 60 1
47 48 26 1
49 50 53 0
51 52 52 0
53 54 11 0
55 56 15 0
55 57 27 0
58 59 79 1
60 61 45 1
62 63 36 0
8 64 9 0
65 66 37 0
65 67 47 0
68 69 32 1
70 71 28 1
70 72 30 0
73 74 27 1
75 76 33 1
75 77 61 1
78 79 19 0
78 80 40 0
81 82 34 0
81 83 33 0
84 85 7 1
86 87 63 1
86 88 72 1
89 90 21 0
91 92 75 1
93 94 20 0
93 95 48 1
96 97 31 1
98 99 60 0
98 100 43 0
101 102 52 0
103 104 22 0
105 106 52 1
107 108 46 1
107 109 66 1
25 110 64 0
111 112 26 0
113 114 13 0
115 116 66 0
117 118 20 1
119 120 63 1
119 121 38 0
122 123 28 1
76 77 30 0
94 95 24 0
94 124 4 0
125 126 22 1
18 50 46 1
127 128 18 0
50 129 75 1
130 131 28 1
132 133 20 1
128 134 54 0
128 135 62 1
2 136 68 1
137 138 40 0
139 140 28 0
141 142 24 0
143 144 28 1
145 146 39 0
145 147 52 0
145 148 28 1
149 150 52 0
151 152 40 0
74 153 21 1
121 154 49 0
155 156 21 1
157 158 37 0
157 159 69 1
160 161 40 1
63 162 46 1
162 163 51 0
162 164 55 0
165 166 54 1
165 167 63 1
83 168 43 0
169 170 31 1
116 171 28 1
172 173 52 1
108 174 27 0
175 176 41 0
177 178 22 0
179 180 46 1
66 181 62 0
181 182 62 1
183 184 25 1
185 186 37 0
187 188 11 0
187 189 36 1
66 67 60 0
118 190 50 1
190 191 22 1
192 193 8 1
194 195 67 0
176 196 33 0
197 198 42 0
136 199 45 1
44 200 38 1
201 202 26 1
203 204 58 1
205 206 40 1
207 208 14 0
207 209 26 1
210 211 13 1
212 213 4 0
212 214 32 1
215 216 43 1
215 217 28 1
218 219 57 1
220 221 45 0
222 223 15 1
71 224 36 0
34 225 53 0
184 226 56 1
188 227 40 0
227 228 44 1
131 229 34 1
230 231 15 1
230 232 20 0
230 233 44 0
12 234 10 1
235 236 37 1
217 237 65 0
238 239 47 0
216 217 56 0
136 240 11 0
82 241 42 1
242 243 73 1
8 225 68 1
244 245 45 0
22 246 33 1
22 23 28 0
109 247 25 1
12 248 48 1
249 250 44 0
206 251 58 1
245 252 61 0
189 253 61 1
79 236 56 1
254 255 40 1
256 257 32 0
256 258 33 0
166 167 85 1
193 259 39 1
260 261 27 0
144 262 68 1
184 263 23 0
193 264 21 0
265 266 48 0
267 268 18 1
221 269 35 0
142 270 21 0
54 180 19 0
171 271 42 1
272 273 34 0
274 275 54 0
104 276 42 0
159 270 33 1
126 277 30 0
102 278 37 0
106 279 12 1
280 281 46 0
282 283 28 1
104 284 32 0
195 258 55 1
10 285 38 0
213 214 30 0
286 287 82 1
232 288 52 0
72 289 28 1
290 291 27 0
283 292 32 0
293 294 57 0
223 295 20 1
138 296 37 0
291 297 42 1
206 298 40 0
138 271 48 0
1 28 59 0
1 93 54 1
1 199 60 1
2 199 53 0
3 195 51 0
4 5 72 0
4 263 69 1
5 195 63 1
5 266 60 1
6 64 27 0
7 8 52 1
7 64 48 1
8 33 138 1
8 34 101 0
9 63 80 1
9 197 26 1
9 285 28 1
10 197 12 0
10 198 46 0
11 234 43 0
11 248 45 1
12 38 75 0
13 87 130 1
13 173 45 0
14 119 63 1
14 121 45 1
14 154 31 0
15 244 36 1
15 245 35 0
16 212 40 0
16 213 45 1
17 50 40 1
17 60 75 0
17 122 42 0
17 168 211 0
17 241 215 0
18 60 89 0
18 168 225 0
18 241 274 1
19 29 38 0
19 51 78 1
20 29 30 1
20 199 97 1
21 238 50 1
21 246 13 0
23 246 45 0
24 107 97 0
24 110 79 1
25 107 93 0
25 141 200 1
25 142 219 1
26 132 81 0
26 181 116 1
26 251 234 0
26 298 222 1
27 199 107 0
28 94 78 1
28 124 67 0
29 199 105 1
30 139 32 1
30 140 22 1
31 32 24 1
31 139 28 1
32 140 22 0
33 185 76 1
35 41 106 1
35 42 79 1
35 201 38 1
35 202 15 1
36 202 31 1
37 115 37 0
38 115 41 0
38 216 79 0
38 234 97 1
39 72 78 1
39 77 122 0
39 224 105 1
39 289 82 0
40 77 82 0
41 151 84 1
41 152 93 0
41 201 72 1
41 202 80 0
42 201 36 0
42 202 68 1
43 272 34 0
43 273 9 1
44 273 60 1
45 238 127 0
45 239 207 1
45 240 91 1
45 272 198 1
46 203 21 0
47 101 132 1
47 149 49 1
47 212 106 0
47 214 102 1
48 130 40 0
49 122 78 1
49 123 64 0
51 58 148 1
51 59 99 1
52 58 102 0
52 59 118 1
53 150 51 1
53 179 28 0
53 180 30 1
53 289 48 1
54 179 26 1
54 289 55 1
55 208 16 1
55 209 18 1
56 57 25 0
56 209 23 0
57 200 56 1
57 209 19 1
58 254 87 0
59 177 115 1
59 178 135 1
59 254 50 0
60 97 313 1
60 168 196 0
60 211 306 1
60 231 39 0
60 241 240 1
61 230 19 1
61 231 18 0
61 232 8 0
62 113 93 1
62 114 92 1
62 285 30 0
63 285 44 0
64 225 64 1
65 205 88 1
65 244 45 1
66 74 364 1
66 134 409 0
66 135 420 0
66 152 417 0
66 153 320 0
66 251 180 0
66 294 472 1
66 298 131 0
67 182 85 0
67 252 44 1
67 257 73 1
67 258 106 0
68 136 57 1
68 240 60 1
69 177 54 1
69 178 56 1
70 224 25 1
71 179 49 1
72 224 25 0
73 134 123 1
73 135 199 1
73 152 111 0
73 153 30 0
73 293 262 1
73 294 201 0
74 134 141 1
74 135 217 1
74 152 126 0
74 251 248 0
74 293 213 0
74 294 195 0
74 298 285 0
76 80 45 0
78 235 39 0
79 80 33 0
79 235 36 0
81 111 139 1
81 112 97 0
81 241 64 0
81 288 111 0
82 111 111 1
82 112 74 0
82 288 88 0
84 97 172 0
84 243 36 1
84 253 170 1
85 97 171 0
85 243 25 0
85 253 141 0
87 92 265 0
87 294 298 0
88 92 299 0
88 222 73 0
88 294 332 0
88 295 80 1
89 157 102 0
89 158 75 0
89 159 61 0
89 270 78 0
90 265 38 0
91 293 68 0
91 294 105 0
92 294 61 1
93 124 23 0
95 124 25 1
95 196 48 0
96 210 31 0
96 211 37 1
96 223 46 1
97 123 196 1
97 168 284 1
97 210 54 1
97 211 38 0
97 241 241 0
97 253 55 1
98 186 63 1
99 100 22 1
99 186 22 1
99 229 66 0
100 186 13 0
101 212 132 1
101 214 89 0
101 297 48 1
102 267 63 1
102 268 62 1
102 297 33 0
103 276 25 1
103 284 37 1
104 151 94 0
104 220 98 1
104 221 108 0
105 126 145 0
105 163 244 1
105 279 58 1
106 126 148 0
106 163 248 1
107 165 97 0
107 167 151 1
107 190 99 1
107 191 114 1
108 109 27 0
108 247 26 0
110 181 63 0
111 288 33 1
112 288 36 0
113 277 49 1
114 277 45 1
115 171 86 1
116 137 23 0
116 172 57 0
117 174 27 0
118 191 58 1
119 138 134 1
119 154 88 1
120 138 80 1
120 173 60 1
123 168 203 0
123 211 189 1
123 241 207 0
125 163 90 1
125 277 42 1
126 163 96 1
126 279 144 0
127 175 36 1
127 176 42 1
128 175 45 0
129 156 142 0
129 218 154 1
129 219 151 0
130 192 138 0
130 193 140 0
130 229 50 1
131 192 121 0
131 193 123 0
132 153 116 1
133 153 97 1
134 135 70 0
134 152 64 0
134 251 423 1
134 298 390 0
135 152 152 1
135 181 560 1
135 293 142 0
135 294 138 1
135 298 401 0
137 171 19 0
137 172 66 1
138 171 54 1
139 226 75 0
141 159 54 1
141 270 36 1
142 159 48 0
143 262 43 0
143 281 146 1
146 148 36 0
146 283 68 1
146 292 32 1
147 250 16 1
148 200 52 0
150 179 66 0
150 275 43 0
150 289 81 1
151 221 159 0
152 251 361 0
152 298 477 1
153 251 316 1
153 298 361 1
155 218 33 1
155 228 62 0
155 274 34 1
156 218 16 1
156 274 31 1
158 159 50 1
158 270 80 1
161 269 203 0
161 279 281 0
163 279 243 1
164 198 30 0
165 190 78 0
165 191 90 0
166 170 52 0
167 190 107 0
167 191 119 0
168 211 231 0
168 241 91 1
169 198 179 0
169 280 38 1
169 281 91 1
170 280 51 1
170 281 82 0
171 296 62 1
172 237 19 0
173 237 50 0
174 247 3 1
175 196 57 1
177 255 86 1
178 255 106 1
179 289 57 1
180 219 45 0
181 251 227 0
181 294 441 0
181 298 178 0
182 256 42 1
182 257 28 0
183 226 62 0
183 263 49 1
187 228 50 0
188 189 38 1
188 228 43 0
192 259 43 1
192 264 20 1
194 256 63 1
194 258 44 1
196 204 49 0
197 285 35 0
200 207 81 1
200 249 64 0
203 261 105 1
204 261 92 1
205 298 25 0
207 249 52 0
208 209 14 1
211 241 282 1
220 269 22 1
220 284 96 1
222 295 7 0
226 263 64 1
228 274 87 1
231 233 62 1
234 248 38 1
238 240 121 0
238 246 30 0
238 272 105 1
239 240 167 0
239 246 79 1
239 272 92 0
240 272 190 1
242 286 39 1
242 287 46 1
244 252 69 1
245 259 46 1
251 286 68 1
257 258 53 0
259 264 34 1
260 282 38 1
260 283 60 1
261 282 53 0
262 281 106 1
267 278 36 0
268 278 50 1
269 279 363 0
271 296 31 1
275 278 53 0
276 284 34 0
287 293 80 1
290 297 55 1

CENÁRIO 8
PROBABILIDADE: 503/5253 = 0.0957548
QTD_ARESTAS_REQUERIDAS: 302
QTD_ARESTAS_NAO_REQUERIDAS: 295
1 2 26 1
3 4 46 1
3 5 42 1
6 7 22 1
6 8 40 1
9 10 20 1
11 12 50 0
13 14 77 0
15 16 39 1
17 18 24 1
19 20 36 1
21 22 21 1
21 23 50 1
24 25 27 1
24 26 60 0
27 28 39 1
27 29 35 0
30 31 15 0
30 32 7 0
33 34 27 1
35 36 18 1
37 38 66 0
39 40 50 0
41 42 35 0
43 44 64 1
45 46 60 1
47 48 22 0
49 50 63 1
51 52 52 0
53 54 11 0
55 56 15 0
55 57 32 1
58 59 66 0
60 61 45 1
62 63 43 1
8 64 10 1
65 66 44 1
65 67 47 0
68 69 32 1
70 71 28 1
70 72 36 1
73 74 23 0
75 76 28 0
75 77 61 1
78 79 19 0
78 80 48 1
81 82 34 0
81 83 39 1
84 85 7 1
86 87 53 0
86 88 60 0
89 90 21 0
91 92 75 1
93 94 24 1
93 95 40 0
96 97 26 0
98 99 60 0
98 100 51 1
101 102 62 1
103 104 26 1
105 106 52 1
107 108 46 1
107 109 66 1
25 110 64 0
111 112 31 1
113 114 15 1
115 116 66 0
117 118 20 1
119 120 63 1
119 121 45 1
122 123 24 0
76 77 36 1
94 95 24 0
94 124 4 0
125 126 19 0
18 50 39 0
127 128 21 1
50 129 63 0
130 131 28 1
132 133 17 0
128 134 64 1
128 135 52 0
2 136 68 1
137 138 40 0
139 140 28 0
141 142 28 1
143 144 24 0
145 146 46 1
145 147 62 1
145 148 24 0
149 150 52 0
151 152 48 1
74 153 18 0
121 154 49 0
155 156 18 0
157 158 44 1
157 159 58 0
160 161 34 0
63 162 39 0
162 163 61 1
162 164 66 1
165 166 45 0
165 167 53 0
83 168 43 0
169 170 26 0
116 171 28 1
172 173 44 0
108 174 32 1
175 176 49 1
177 178 22 0
179 180 39 0
66 181 62 0
181 182 52 0
183 184 25 1
185 186 37 0
187 188 11 0
187 189 36 1
66 67 72 1
118 190 50 1
190 191 22 1
192 193 8 1
194 195 67 0
176 196 33 0
197 198 42 0
136 199 45 1
44 200 32 0
201 202 26 1
203 204 58 1
205 206 34 0
207 208 14 0
207 209 22 0
210 211 13 1
212 213 4 0
212 214 27 0
215 216 43 1
215 217 24 0
218 219 57 1
220 221 54 1
222 223 15 1
71 224 36 0
34 225 53 0
184 226 56 1
188 227 40 0
227 228 44 1
131 229 34 1
230 231 13 0
230 232 24 1
230 233 44 0
12 234 9 0
235 236 37 1
217 237 65 0
238 239 47 0
216 217 56 0
136 240 11 0
82 241 42 1
242 243 73 1
8 225 57 0
244 245 45 0
22 246 28 0
22 23 28 0
109 247 21 0
12 248 40 0
249 250 52 1
206 251 58 1
245 252 61 0
189 253 51 0
79 236 56 1
254 255 34 0
256 257 32 0
256 258 39 1
166 167 71 0
193 259 33 0
260 261 27 0
144 262 68 1
184 263 27 1
193 264 25 1
265 266 57 1
267 268 18 1
221 269 42 1
142 270 25 1
54 180 19 0
171 271 42 1
272 273 34 0
274 275 54 0
104 276 42 0
159 270 33 1
126 277 36 1
102 278 44 1
106 279 12 1
280 281 55 1
282 283 28 1
104 284 32 0
195 258 55 1
10 285 38 0
213 214 30 0
286 287 82 1
232 288 52 0
72 289 24 0
290 291 27 0
283 292 38 1
293 294 57 0
223 295 17 0
138 296 44 1
291 297 42 1
206 298 40 0
138 271 57 1
1 28 70 1
1 93 54 1
1 199 60 1
2 199 53 0
3 195 51 0
4 5 86 1
4 263 58 0
5 195 53 0
5 266 50 0
6 64 27 0
7 8 52 1
7 64 48 1
8 33 115 0
8 34 121 1
9 63 80 1
9 197 26 1
9 285 24 0
10 197 12 0
10 198 46 0
11 234 51 1
11 248 38 0
12 38 75 0
13 87 109 0
13 173 54 1
14 119 53 0
14 121 45 1
14 154 37 1
15 244 30 0
15 245 42 1
16 212 48 1
16 213 38 0
17 50 34 0
17 60 90 1
17 122 50 1
17 168 211 0
17 241 215 0
18 60 89 0
18 168 270 1
18 241 229 0
19 29 38 0
19 51 78 1
20 29 25 0
20 199 81 0
21 238 42 0
21 246 13 0
23 246 54 1
24 107 116 1
24 110 79 1
25 107 93 0
25 141 167 0
25 142 219 1
26 132 97 1
26 181 116 1
26 251 280 1
26 298 185 0
27 199 107 0
28 94 78 1
28 124 67 0
29 199 88 0
30 139 32 1
30 140 22 1
31 32 20 0
31 139 24 0
32 140 22 0
33 185 64 0
35 41 106 1
35 42 79 1
35 201 38 1
35 202 15 1
36 202 26 0
37 115 37 0
38 115 49 1
38 216 94 1
38 234 81 0
39 72 78 1
39 77 122 0
39 224 88 0
39 289 98 1
40 77 82 0
41 151 70 0
41 152 111 1
41 201 72 1
41 202 96 1
42 201 36 0
42 202 57 0
43 272 40 1
43 273 8 0
44 273 60 1
45 238 152 1
45 239 173 0
45 240 76 0
45 272 198 1
46 203 21 0
47 101 132 1
47 149 49 1
47 212 127 1
47 214 85 0
48 130 40 0
49 122 65 0
49 123 76 1
51 58 124 0
51 59 83 0
52 58 122 1
52 59 99 0
53 150 43 0
53 179 33 1
53 180 30 1
53 289 40 0
54 179 22 0
54 289 46 0
55 208 16 1
55 209 18 1
56 57 25 0
56 209 23 0
57 200 47 0
57 209 19 1
58 254 104 1
59 177 96 0
59 178 135 1
59 254 60 1
60 97 261 0
60 168 196 0
60 211 255 0
60 231 46 1
60 241 240 1
61 230 19 1
61 231 21 1
61 232 8 0
62 113 93 1
62 114 77 0
62 285 36 1
63 285 52 1
64 225 64 1
65 205 74 0
65 244 45 1
66 74 304 0
66 134 409 0
66 135 504 1
66 152 500 1
66 153 384 1
66 251 216 1
66 294 394 0
66 298 131 0
67 182 102 1
67 252 44 1
67 257 73 1
67 258 106 0
68 136 57 1
68 240 50 0
69 177 54 1
69 178 47 0
70 224 21 0
71 179 49 1
72 224 30 1
73 134 123 1
73 135 199 1
73 152 111 0
73 153 36 1
73 293 262 1
73 294 241 1
74 134 141 1
74 135 181 0
74 152 151 1
74 251 297 1
74 293 213 0
74 294 234 1
74 298 342 1
76 80 45 0
78 235 39 0
79 80 39 1
79 235 36 0
81 111 116 0
81 112 116 1
81 241 64 0
81 288 133 1
82 111 111 1
82 112 88 1
82 288 88 0
84 97 206 1
84 243 30 0
84 253 142 0
85 97 171 0
85 243 25 0
85 253 169 1
87 92 318 1
87 294 298 0
88 92 358 1
88 222 73 0
88 294 332 0
88 295 80 1
89 157 122 1
89 158 90 1
89 159 73 1
89 270 78 0
90 265 38 0
91 293 68 0
91 294 126 1
92 294 51 0
93 124 23 0
95 124 21 0
95 196 48 0
96 210 31 0
96 211 37 1
96 223 39 0
97 123 196 1
97 168 237 0
97 210 54 1
97 211 38 0
97 241 241 0
97 253 55 1
98 186 63 1
99 100 19 0
99 186 22 1
99 229 79 1
100 186 13 0
101 212 132 1
101 214 106 1
101 297 48 1
102 267 53 0
102 268 62 1
102 297 39 1
103 276 21 0
103 284 37 1
104 151 112 1
104 220 82 0
104 221 108 0
105 126 174 1
105 163 204 0
105 279 58 1
106 126 148 0
106 163 207 0
107 165 97 0
107 167 151 1
107 190 83 0
107 191 114 1
108 109 27 0
108 247 26 0
110 181 75 1
111 288 28 0
112 288 43 1
113 277 41 0
114 277 38 0
115 171 72 0
116 137 23 0
116 172 68 1
117 174 27 0
118 191 49 0
119 138 112 0
119 154 88 1
120 138 80 1
120 173 60 1
123 168 203 0
123 211 189 1
123 241 248 1
125 163 90 1
125 277 42 1
126 163 80 0
126 279 172 1
127 175 30 0
127 176 42 1
128 175 54 1
129 156 170 1
129 218 154 1
129 219 151 0
130 192 138 0
130 193 168 1
130 229 50 1
131 192 121 0
131 193 123 0
132 153 97 0
133 153 81 0
134 135 70 0
134 152 76 1
134 251 423 1
134 298 390 0
135 152 127 0
135 181 560 1
135 293 142 0
135 294 138 1
135 298 481 1
137 171 19 0
137 172 55 0
138 171 45 0
139 226 75 0
141 159 54 1
141 270 36 1
142 159 48 0
143 262 51 1
143 281 146 1
146 148 43 1
146 283 68 1
146 292 32 1
147 250 16 1
148 200 62 1
150 179 66 0
150 275 51 1
150 289 81 1
151 221 190 1
152 251 361 0
152 298 477 1
153 251 264 0
153 298 361 1
155 218 33 1
155 228 62 0
155 274 29 0
156 218 14 0
156 274 31 1
158 159 42 0
158 270 67 0
161 269 203 0
161 279 281 0
163 279 203 0
164 198 30 0
165 190 93 1
165 191 108 1
166 170 62 1
167 190 128 1
167 191 142 1
168 211 231 0
168 241 91 1
169 198 214 1
169 280 38 1
169 281 76 0
170 280 51 1
170 281 82 0
171 296 62 1
172 237 19 0
173 237 60 1
174 247 3 0
175 196 48 0
177 255 86 1
178 255 106 1
179 289 48 0
180 219 54 1
181 251 227 0
181 294 441 0
181 298 213 1
182 256 35 0
182 257 33 1
183 226 74 1
183 263 41 0
187 228 60 1
188 189 32 0
188 228 51 1
192 259 43 1
192 264 20 1
194 256 53 0
194 258 44 1
196 204 49 0
197 285 42 1
200 207 81 1
200 249 64 0
203 261 88 0
204 261 92 1
205 298 25 0
207 249 62 1
208 209 12 0
211 241 235 0
220 269 22 1
220 284 80 0
222 295 8 1
226 263 54 0
228 274 73 0
231 233 62 1
234 248 32 0
238 240 145 1
238 246 30 0
238 272 88 0
239 240 167 0
239 246 79 1
239 272 92 0
240 272 190 1
242 286 33 0
242 287 39 0
244 252 69 1
245 259 46 1
251 286 68 1
257 258 63 1
259 264 34 1
260 282 32 0
260 283 50 0
261 282 63 1
262 281 89 0
267 278 36 0
268 278 50 1
269 279 363 0
271 296 31 1
275 278 53 0
276 284 34 0
287 293 80 1
290 297 55 1

CENÁRIO 9
PROBABILIDADE: 995/5253 = 0.189416
QTD_ARESTAS_REQUERIDAS: 291
QTD_ARESTAS_NAO_REQUERIDAS: 306
1 2 22 0
3 4 39 0
3 5 42 1
6 7 19 0
6 8 34 0
9 10 20 1
11 12 50 0
13 14 77 0
15 16 33 0
17 18 24 1
19 20 30 0
21 22 21 1
21 23 42 0
24 25 23 0
24 26 72 1
27 28 33 0
27 29 42 1
30 31 15 0
30 32 8 1
33 34 23 0
35 36 15 0
37 38 79 1
39 40 50 0
41 42 35 0
43 44 54 0
45 46 60 1
47 48 22 0
49 50 53 0
51 52 52 0
53 54 11 0
55 56 15 0
55 57 27 0
58 59 66 0
60 61 45 1
62 63 36 0
8 64 10 1
65 66 44 1
65 67 47 0
68 69 32 1
70 71 28 1
70 72 30 0
73 74 27 1
75 76 28 0
75 77 51 0
78 79 22 1
78 80 40 0
81 82 34 0
81 83 33 0
84 85 7 1
86 87 53 0
86 88 72 1
89 90 25 1
91 92 75 1
93 94 24 1
93 95 40 0
96 97 31 1
98 99 72 1
98 100 51 1
101 102 52 0
103 104 22 0
105 106 44 0
107 108 39 0
107 109 55 0
25 110 76 1
111 112 31 1
113 114 15 1
115 116 66 0
117 118 17 0
119 120 53 0
119 121 45 1
122 123 28 1
76 77 30 0
94 95 24 0
94 124 4 0
125 126 22 1
18 50 39 0
127 128 21 1
50 129 63 0
130 131 28 1
132 133 17 0
128 134 54 0
128 135 62 1
2 136 68 1
137 138 48 1
139 140 33 1
141 142 28 1
143 144 28 1
145 146 39 0
145 147 52 0
145 148 24 0
149 150 62 1
151 152 48 1
74 153 21 1
121 154 58 1
155 156 21 1
157 158 37 0
157 159 58 0
160 161 40 1
63 162 46 1
162 163 61 1
162 164 55 0
165 166 45 0
165 167 53 0
83 168 51 1
169 170 26 0
116 171 24 0
172 173 44 0
108 174 27 0
175 176 49 1
177 178 22 0
179 180 39 0
66 181 74 1
181 182 52 0
183 184 21 0
185 186 44 1
187 188 11 0
187 189 36 1
66 67 72 1
118 190 50 1
190 191 22 1
192 193 7 0
194 195 80 1
176 196 39 1
197 198 50 1
136 199 38 0
44 200 38 1
201 202 22 0
203 204 49 0
205 206 40 1
207 208 16 1
207 209 26 1
210 211 11 0
212 213 4 0
212 214 27 0
215 216 36 0
215 217 28 1
218 219 48 0
220 221 54 1
222 223 15 1
71 224 36 0
34 225 63 1
184 226 56 1
188 227 40 0
227 228 37 0
131 229 29 0
230 231 15 1
230 232 20 0
230 233 52 1
12 234 10 1
235 236 37 1
217 237 78 1
238 239 56 1
216 217 67 1
136 240 13 1
82 241 42 1
242 243 61 0
8 225 68 1
244 245 54 1
22 246 28 0
22 23 33 1
109 247 21 0
12 248 48 1
249 250 44 0
206 251 49 0
245 252 73 1
189 253 61 1
79 236 56 1
254 255 40 1
256 257 32 0
256 258 39 1
166 167 71 0
193 259 33 0
260 261 27 0
144 262 57 0
184 263 23 0
193 264 21 0
265 266 57 1
267 268 15 0
221 269 42 1
142 270 21 0
54 180 22 1
171 271 35 0
272 273 34 0
274 275 64 1
104 276 42 0
159 270 28 0
126 277 36 1
102 278 37 0
106 279 12 1
280 281 55 1
282 283 28 1
104 284 38 1
195 258 55 1
10 285 38 0
213 214 30 0
286 287 82 1
232 288 52 0
72 289 24 0
290 291 27 0
283 292 32 0
293 294 57 0
223 295 17 0
138 296 37 0
291 297 42 1
206 298 40 0
138 271 57 1
1 28 59 0
1 93 45 0
1 199 50 0
2 199 53 0
3 195 61 1
4 5 86 1
4 263 69 1
5 195 63 1
5 266 60 1
6 64 27 0
7 8 52 1
7 64 48 1
8 33 138 1
8 34 101 0
9 63 80 1
9 197 22 0
9 285 28 1
10 197 12 0
10 198 46 0
11 234 43 0
11 248 38 0
12 38 75 0
13 87 109 0
13 173 54 1
14 119 53 0
14 121 38 0
14 154 37 1
15 244 30 0
15 245 42 1
16 212 48 1
16 213 38 0
17 50 40 1
17 60 75 0
17 122 42 0
17 168 253 1
17 241 258 1
18 60 89 0
18 168 270 1
18 241 229 0
19 29 38 0
19 51 78 1
20 29 30 1
20 199 97 1
21 238 42 0
21 246 15 1
23 246 54 1
24 107 97 0
24 110 66 0
25 107 93 0
25 141 167 0
25 142 219 1
26 132 81 0
26 181 116 1
26 251 234 0
26 298 185 0
27 199 128 1
28 94 78 1
28 124 80 1
29 199 105 1
30 139 32 1
30 140 22 1
31 32 20 0
31 139 24 0
32 140 22 0
33 185 64 0
35 41 106 1
35 42 79 1
35 201 32 0
35 202 15 1
36 202 26 0
37 115 44 1
38 115 49 1
38 216 94 1
38 234 97 1
39 72 65 0
39 77 122 0
39 224 88 0
39 289 98 1
40 77 98 1
41 151 84 1
41 152 93 0
41 201 72 1
41 202 96 1
42 201 36 0
42 202 57 0
43 272 40 1
43 273 9 1
44 273 50 0
45 238 152 1
45 239 173 0
45 240 91 1
45 272 198 1
46 203 21 0
47 101 132 1
47 149 49 1
47 212 106 0
47 214 102 1
48 130 40 0
49 122 65 0
49 123 76 1
51 58 124 0
51 59 83 0
52 58 122 1
52 59 99 0
53 150 43 0
53 179 28 0
53 180 25 0
53 289 48 1
54 179 26 1
54 289 46 0
55 208 14 0
55 209 15 0
56 57 25 0
56 209 23 0
57 200 47 0
57 209 19 1
58 254 104 1
59 177 96 0
59 178 135 1
59 254 50 0
60 97 313 1
60 168 196 0
60 211 255 0
60 231 39 0
60 241 240 1
61 230 16 0
61 231 21 1
61 232 9 1
62 113 78 0
62 114 77 0
62 285 30 0
63 285 52 1
64 225 64 1
65 205 74 0
65 244 45 1
66 74 304 0
66 134 409 0
66 135 420 0
66 152 500 1
66 153 320 0
66 251 216 1
66 294 472 1
66 298 131 0
67 182 85 0
67 252 37 0
67 257 73 1
67 258 106 0
68 136 57 1
68 240 60 1
69 177 45 0
69 178 47 0
70 224 25 1
71 179 49 1
72 224 30 1
73 134 103 0
73 135 199 1
73 152 133 1
73 153 30 0
73 293 219 0
73 294 241 1
74 134 141 1
74 135 217 1
74 152 151 1
74 251 248 0
74 293 213 0
74 294 234 1
74 298 342 1
76 80 45 0
78 235 46 1
79 80 33 0
79 235 43 1
81 111 116 0
81 112 116 1
81 241 64 0
81 288 133 1
82 111 93 0
82 112 88 1
82 288 105 1
84 97 172 0
84 243 36 1
84 253 142 0
85 97 171 0
85 243 25 0
85 253 169 1
87 92 318 1
87 294 357 1
88 92 299 0
88 222 73 0
88 294 398 1
88 295 80 1
89 157 102 0
89 158 90 1
89 159 73 1
89 270 78 0
90 265 38 0
91 293 68 0
91 294 105 0
92 294 51 0
93 124 23 0
95 124 21 0
95 196 48 0
96 210 31 0
96 211 31 0
96 223 39 0
97 123 164 0
97 168 237 0
97 210 45 0
97 211 38 0
97 241 241 0
97 253 55 1
98 186 53 0
99 100 22 1
99 186 22 1
99 229 79 1
100 186 15 1
101 212 132 1
101 214 89 0
101 297 48 1
102 267 53 0
102 268 52 0
102 297 33 0
103 276 21 0
103 284 31 0
104 151 112 1
104 220 98 1
104 221 129 1
105 126 174 1
105 163 244 1
105 279 58 1
106 126 177 1
106 163 207 0
107 165 97 0
107 167 151 1
107 190 83 0
107 191 114 1
108 109 32 1
108 247 26 0
110 181 75 1
111 288 28 0
112 288 36 0
113 277 49 1
114 277 38 0
115 171 86 1
116 137 27 1
116 172 57 0
117 174 27 0
118 191 58 1
119 138 134 1
119 154 88 1
120 138 80 1
120 173 60 1
123 168 243 1
123 211 189 1
123 241 248 1
125 163 75 0
125 277 35 0
126 163 96 1
126 279 144 0
127 175 30 0
127 176 35 0
128 175 54 1
129 156 142 0
129 218 129 0
129 219 181 1
130 192 165 1
130 193 168 1
130 229 50 1
131 192 145 1
131 193 123 0
132 153 97 0
133 153 81 0
134 135 84 1
134 152 76 1
134 251 353 0
134 298 468 1
135 152 152 1
135 181 467 0
135 293 170 1
135 294 138 1
135 298 401 0
137 171 22 1
137 172 55 0
138 171 54 1
139 226 90 1
141 159 54 1
141 270 30 0
142 159 48 0
143 262 43 0
143 281 146 1
146 148 36 0
146 283 57 0
146 292 27 0
147 250 14 0
148 200 52 0
150 179 66 0
150 275 43 0
150 289 68 0
151 221 190 1
152 251 361 0
152 298 398 0
153 251 316 1
153 298 361 1
155 218 33 1
155 228 62 0
155 274 29 0
156 218 14 0
156 274 31 1
158 159 50 1
158 270 67 0
161 269 243 1
161 279 281 0
163 279 243 1
164 198 30 0
165 190 93 1
165 191 108 1
166 170 52 0
167 190 107 0
167 191 142 1
168 211 277 1
168 241 91 1
169 198 214 1
169 280 32 0
169 281 76 0
170 280 51 1
170 281 98 1
171 296 52 0
172 237 22 1
173 237 60 1
174 247 3 0
175 196 57 1
177 255 72 0
178 255 106 1
179 289 48 0
180 219 45 0
181 251 227 0
181 294 529 1
181 298 213 1
182 256 35 0
182 257 33 1
183 226 74 1
183 263 41 0
187 228 50 0
188 189 32 0
188 228 43 0
192 259 43 1
192 264 17 0
194 256 53 0
194 258 44 1
196 204 49 0
197 285 42 1
200 207 81 1
200 249 64 0
203 261 88 0
204 261 77 0
205 298 30 1
207 249 62 1
208 209 12 0
211 241 235 0
220 269 22 1
220 284 80 0
222 295 7 0
226 263 54 0
228 274 73 0
231 233 62 1
234 248 38 1
238 240 145 1
238 246 36 1
238 272 105 1
239 240 200 1
239 246 66 0
239 272 110 1
240 272 190 1
242 286 39 1
242 287 46 1
244 252 58 0
245 259 46 1
251 286 68 1
257 258 63 1
259 264 29 0
260 282 38 1
260 283 60 1
261 282 63 1
262 281 89 0
267 278 36 0
268 278 42 0
269 279 363 0
271 296 31 1
275 278 63 1
276 284 40 1
287 293 67 0
290 297 55 1

CENÁRIO 10
PROBABILIDADE: 88/5253 = 0.0167523
QTD_ARESTAS_REQUERIDAS: 298
QTD_ARESTAS_NAO_REQUERIDAS: 299
1 2 22 0
3 4 46 1
3 5 35 0
6 7 22 1
6 8 40 1
9 10 20 1
11 12 60 1
13 14 77 0
15 16 33 0
17 18 24 1
19 20 36 1
21 22 18 0
21 23 42 0
24 25 23 0
24 26 60 0
27 28 39 1
27 29 35 0
30 31 15 0
30 32 7 0
33 34 27 1
35 36 15 0
37 38 79 1
39 40 60 1
41 42 42 1
43 44 54 0
45 46 50 0
47 48 22 0
49 50 63 1
51 52 52 0
53 54 11 0
55 56 18 1
55 57 27 0
58 59 66 0
60 61 38 0
62 63 36 0
8 64 9 0
65 66 44 1
65 67 47 0
68 69 32 1
70 71 28 1
70 72 30 0
73 74 23 0
75 76 33 1
75 77 61 1
78 79 22 1
78 80 48 1
81 82 34 0
81 83 39 1
84 85 7 1
86 87 53 0
86 88 60 0
89 90 21 0
91 92 63 0
93 94 20 0
93 95 48 1
96 97 31 1
98 99 60 0
98 100 51 1
101 102 62 1
103 104 22 0
105 106 52 1
107 108 46 1
107 109 55 0
25 110 64 0
111 112 31 1
113 114 15 1
115 116 66 0
117 118 17 0
119 120 63 1
119 121 45 1
122 123 24 0
76 77 36 1
94 95 24 0
94 124 4 0
125 126 22 1
18 50 46 1
127 128 18 0
50 129 63 0
130 131 28 1
132 133 17 0
128 134 54 0
128 135 52 0
2 136 57 0
137 138 40 0
139 140 33 1
141 142 28 1
143 144 28 1
145 146 46 1
145 147 52 0
145 148 24 0
149 150 62 1
151 152 40 0
74 153 21 1
121 154 49 0
155 156 21 1
157 158 44 1
157 159 58 0
160 161 34 0
63 162 39 0
162 163 51 0
162 164 66 1
165 166 45 0
165 167 53 0
83 168 43 0
169 170 26 0
116 171 28 1
172 173 52 1
108 174 27 0
175 176 49 1
177 178 22 0
179 180 39 0
66 181 62 0
181 182 62 1
183 184 21 0
185 186 44 1
187 188 11 0
187 189 36 1
66 67 60 0
118 190 50 1
190 191 19 0
192 193 7 0
194 195 67 0
176 196 33 0
197 198 50 1
136 199 45 1
44 200 32 0
201 202 22 0
203 204 49 0
205 206 40 1
207 208 16 1
207 209 22 0
210 211 13 1
212 213 4 0
212 214 27 0
215 216 43 1
215 217 28 1
218 219 48 0
220 221 45 0
222 223 13 0
71 224 43 1
34 225 63 1
184 226 56 1
188 227 40 0
227 228 37 0
131 229 34 1
230 231 13 0
230 232 20 0
230 233 52 1
12 234 9 0
235 236 37 1
217 237 78 1
238 239 56 1
216 217 56 0
136 240 13 1
82 241 35 0
242 243 61 0
8 225 68 1
244 245 54 1
22 246 28 0
22 23 33 1
109 247 21 0
12 248 40 0
249 250 44 0
206 251 58 1
245 252 61 0
189 253 61 1
79 236 47 0
254 255 34 0
256 257 32 0
256 258 33 0
166 167 71 0
193 259 39 1
260 261 27 0
144 262 68 1
184 263 23 0
193 264 21 0
265 266 57 1
267 268 18 1
221 269 35 0
142 270 21 0
54 180 22 1
171 271 35 0
272 273 40 1
274 275 54 0
104 276 42 0
159 270 28 0
126 277 30 0
102 278 37 0
106 279 12 1
280 281 46 0
282 283 28 1
104 284 38 1
195 258 55 1
10 285 45 1
213 214 36 1
286 287 82 1
232 288 62 1
72 289 28 1
290 291 32 1
283 292 32 0
293 294 68 1
223 295 20 1
138 296 37 0
291 297 42 1
206 298 48 1
138 271 48 0
1 28 59 0
1 93 54 1
1 199 50 0
2 199 63 1
3 195 51 0
4 5 72 0
4 263 69 1
5 195 53 0
5 266 60 1
6 64 32 1
7 8 44 0
7 64 48 1
8 33 115 0
8 34 121 1
9 63 67 0
9 197 22 0
9 285 28 1
10 197 14 1
10 198 55 1
11 234 51 1
11 248 45 1
12 38 75 0
13 87 130 1
13 173 45 0
14 119 63 1
14 121 38 0
14 154 37 1
15 244 30 0
15 245 35 0
16 212 48 1
16 213 45 1
17 50 34 0
17 60 90 1
17 122 50 1
17 168 211 0
17 241 258 1
18 60 106 1
18 168 270 1
18 241 274 1
19 29 45 1
19 51 65 0
20 29 30 1
20 199 81 0
21 238 50 1
21 246 13 0
23 246 45 0
24 107 116 1
24 110 79 1
25 107 93 0
25 141 167 0
25 142 219 1
26 132 81 0
26 181 97 0
26 251 234 0
26 298 222 1
27 199 107 0
28 94 65 0
28 124 67 0
29 199 88 0
30 139 32 1
30 140 22 1
31 32 20 0
31 139 24 0
32 140 26 1
33 185 64 0
35 41 89 0
35 42 66 0
35 201 38 1
35 202 15 1
36 202 31 1
37 115 44 1
38 115 49 1
38 216 79 0
38 234 81 0
39 72 65 0
39 77 146 1
39 224 105 1
39 289 82 0
40 77 98 1
41 151 70 0
41 152 93 0
41 201 60 0
41 202 96 1
42 201 43 1
42 202 68 1
43 272 34 0
43 273 8 0
44 273 60 1
45 238 152 1
45 239 207 1
45 240 76 0
45 272 165 0
46 203 25 1
47 101 132 1
47 149 49 1
47 212 127 1
47 214 102 1
48 130 48 1
49 122 65 0
49 123 76 1
51 58 124 0
51 59 99 1
52 58 122 1
52 59 99 0
53 150 43 0
53 179 33 1
53 180 25 0
53 289 40 0
54 179 22 0
54 289 55 1
55 208 16 1
55 209 18 1
56 57 25 0
56 209 27 1
57 200 47 0
57 209 19 1
58 254 87 0
59 177 96 0
59 178 113 0
59 254 60 1
60 97 313 1
60 168 196 0
60 211 255 0
60 231 39 0
60 241 200 0
61 230 19 1
61 231 21 1
61 232 9 1
62 113 93 1
62 114 92 1
62 285 36 1
63 285 44 0
64 225 54 0
65 205 88 1
65 244 38 0
66 74 304 0
66 134 490 1
66 135 420 0
66 152 500 1
66 153 320 0
66 251 180 0
66 294 394 0
66 298 131 0
67 182 85 0
67 252 44 1
67 257 73 1
67 258 106 0
68 136 57 1
68 240 60 1
69 177 54 1
69 178 47 0
70 224 21 0
71 179 41 0
72 224 30 1
73 134 103 0
73 135 199 1
73 152 111 0
73 153 36 1
73 293 219 0
73 294 201 0
74 134 141 1
74 135 181 0
74 152 126 0
74 251 248 0
74 293 255 1
74 294 195 0
74 298 342 1
76 80 54 1
78 235 46 1
79 80 33 0
79 235 43 1
81 111 139 1
81 112 116 1
81 241 76 1
81 288 133 1
82 111 111 1
82 112 88 1
82 288 88 0
84 97 172 0
84 243 36 1
84 253 170 1
85 97 205 1
85 243 30 1
85 253 169 1
87 92 265 0
87 294 298 0
88 92 358 1
88 222 87 1
88 294 398 1
88 295 67 0
89 157 102 0
89 158 75 0
89 159 61 0
89 270 93 1
90 265 45 1
91 293 68 0
91 294 105 0
92 294 61 1
93 124 23 0
95 124 25 1
95 196 57 1
96 210 31 0
96 211 31 0
96 223 39 0
97 123 196 1
97 168 237 0
97 210 45 0
97 211 38 0
97 241 241 0
97 253 46 0
98 186 63 1
99 100 22 1
99 186 22 1
99 229 66 0
100 186 13 0
101 212 132 1
101 214 106 1
101 297 48 1
102 267 53 0
102 268 62 1
102 297 39 1
103 276 21 0
103 284 31 0
104 151 94 0
104 220 98 1
104 221 129 1
105 126 174 1
105 163 244 1
105 279 49 0
106 126 148 0
106 163 207 0
107 165 116 1
107 167 126 0
107 190 99 1
107 191 114 1
108 109 32 1
108 247 26 0
110 181 75 1
111 288 28 0
112 288 43 1
113 277 49 1
114 277 38 0
115 171 86 1
116 137 23 0
116 172 57 0
117 174 27 0
118 191 58 1
119 138 134 1
119 154 74 0
120 138 67 0
120 173 60 1
123 168 203 0
123 211 189 1
123 241 207 0
125 163 75 0
125 277 42 1
126 163 80 0
126 279 144 0
127 175 30 0
127 176 35 0
128 175 54 1
129 156 170 1
129 218 154 1
129 219 151 0
130 192 165 1
130 193 168 1
130 229 42 0
131 192 121 0
131 193 123 0
132 153 116 1
133 153 81 0
134 135 70 0
134 152 76 1
134 251 353 0
134 298 468 1
135 152 152 1
135 181 560 1
135 293 170 1
135 294 138 1
135 298 401 0
137 171 22 1
137 172 66 1
138 171 54 1
139 226 75 0
141 159 45 0
141 270 36 1
142 159 57 1
143 262 51 1
143 281 146 1
146 148 43 1
146 283 68 1
146 292 27 0
147 250 14 0
148 200 52 0
150 179 79 1
150 275 43 0
150 289 68 0
151 221 190 1
152 251 361 0
152 298 398 0
153 251 316 1
153 298 301 0
155 218 33 1
155 228 62 0
155 274 34 1
156 218 16 1
156 274 26 0
158 159 50 1
158 270 67 0
161 269 243 1
161 279 337 1
163 279 203 0
164 198 30 0
165 190 78 0
165 191 90 0
166 170 52 0
167 190 107 0
167 191 119 0
168 211 277 1
168 241 91 1
169 198 214 1
169 280 38 1
169 281 76 0
170 280 51 1
170 281 82 0
171 296 62 1
172 237 22 1
173 237 50 0
174 247 3 1
175 196 57 1
177 255 86 1
178 255 106 1
179 289 57 1
180 219 45 0
181 251 272 1
181 294 441 0
181 298 213 1
182 256 42 1
182 257 33 1
183 226 74 1
183 263 41 0
187 228 50 0
188 189 38 1
188 228 51 1
192 259 43 1
192 264 20 1
194 256 53 0
194 258 44 1
196 204 49 0
197 285 42 1
200 207 68 0
200 249 76 1
203 261 105 1
204 261 77 0
205 298 30 1
207 249 52 0
208 209 12 0
211 241 235 0
220 269 22 1
220 284 80 0
222 295 7 0
226 263 54 0
228 274 73 0
231 233 52 0
234 248 38 1
238 240 121 0
238 246 36 1
238 272 105 1
239 240 167 0
239 246 66 0
239 272 110 1
240 272 190 1
242 286 33 0
242 287 39 0
244 252 69 1
245 259 46 1
251 286 57 0
257 258 53 0
259 264 29 0
260 282 38 1
260 283 50 0
261 282 63 1
262 281 106 1
267 278 43 1
268 278 50 1
269 279 435 1
271 296 31 1
275 278 53 0
276 284 40 1
287 293 67 0
290 297 46 0

