NUMERO_DE_VERTICES: 498
NUMERO_DE_ARESTAS: 1112
NUMERO_DE_CENARIOS: 5
INFLACAO: 40 %
PRIMEIRO ESTÁGIO:
1 2 16
1 3 15
1 4 41
1 5 49
6 7 42
6 8 16
6 9 41
6 10 27
11 12 30
11 13 47
11 14 52
11 15 59
16 17 11
16 18 45
16 19 57
20 21 44
22 23 44
22 24 26
22 25 71
22 26 68
22 27 32
22 28 61
29 30 50
29 31 28
29 32 51
29 33 57
34 35 57
34 36 58
34 37 57
34 38 55
34 39 55
40 41 61
40 42 64
40 43 18
44 45 25
44 46 24
44 47 10
48 49 66
48 50 80
48 51 90
52 53 14
52 54 18
52 55 36
51 52 45
52 56 30
57 58 31
57 59 33
57 60 18
57 61 45
57 62 56
57 63 11
61 64 50
64 65 21
64 66 50
67 68 62
67 69 29
67 70 48
67 71 23
72 73 33
72 74 36
72 75 36
72 76 30
72 77 52
78 79 47
78 80 16
78 81 68
25 82 74
82 83 60
82 84 24
82 85 22
86 87 23
86 88 30
89 90 37
89 91 7
92 93 67
92 94 49
70 95 50
95 96 47
95 97 52
95 98 51
15 95 43
99 100 52
99 101 54
35 102 39
35 103 28
35 38 42
35 104 46
105 106 53
105 107 56
105 108 54
105 109 41
49 110 47
50 110 45
110 111 8
110 112 28
110 113 17
114 115 61
114 116 37
14 117 16
15 117 8
118 119 101
118 120 81
118 121 67
122 123 48
122 124 35
36 102 45
38 102 29
102 125 79
102 126 43
69 127 30
71 127 35
127 128 66
68 129 29
129 130 56
131 132 20
131 133 15
131 134 30
135 136 48
135 137 49
135 138 55
135 139 42
140 141 14
140 142 48
140 143 21
144 145 39
144 146 16
144 147 54
144 148 44
149 150 47
149 151 66
149 152 15
149 153 35
149 154 15
136 155 23
155 156 58
157 158 34
157 159 32
157 160 28
157 161 33
162 163 62
162 164 68
18 165 43
165 166 32
55 165 30
165 167 21
168 169 30
168 170 40
168 171 43
168 172 16
124 173 50
174 175 43
174 176 54
174 177 55
174 178 29
174 179 40
145 180 34
145 181 12
145 146 52
145 182 42
145 148 23
183 184 40
4 183 55
183 185 55
56 183 53
21 106 43
106 107 23
106 108 29
106 186 33
187 188 34
187 189 61
187 190 48
17 191 39
17 18 48
192 193 33
192 194 64
192 195 60
193 196 59
193 197 39
193 198 60
30 31 50
30 199 69
30 32 49
200 201 23
200 202 28
200 203 66
200 204 30
205 206 45
205 207 70
208 209 61
208 210 63
211 212 55
211 213 41
211 214 60
68 98 67
215 216 44
215 217 37
215 218 28
215 219 28
220 221 39
134 220 55
220 222 40
220 223 39
3 224 43
164 224 47
225 226 27
225 227 18
228 229 49
228 230 59
228 231 30
228 232 37
49 112 36
23 24 47
23 25 30
23 28 47
169 233 27
233 234 19
233 235 17
226 227 44
226 236 60
226 237 31
36 38 20
238 239 26
125 238 64
104 238 43
100 240 51
100 241 48
100 101 34
242 243 40
242 244 15
245 246 13
240 247 32
247 248 24
249 250 59
249 251 32
147 249 72
249 252 73
83 253 47
163 253 24
253 254 16
253 255 12
69 71 10
37 69 70
79 256 54
70 96 49
70 97 20
257 258 39
257 259 58
58 260 40
38 103 45
103 104 56
103 126 39
7 261 24
137 261 47
261 262 38
53 54 29
53 55 28
53 263 39
53 56 37
264 265 21
264 266 33
264 267 25
268 269 36
268 270 15
271 272 38
271 273 49
271 274 37
271 275 63
239 276 50
91 239 50
104 239 25
24 277 28
27 277 31
277 278 57
212 279 43
212 280 27
281 282 28
281 283 26
281 284 40
285 286 31
285 287 70
119 285 88
285 288 64
172 285 68
42 115 51
115 289 40
115 290 31
115 210 36
286 287 50
286 288 35
172 286 54
24 27 21
291 292 20
293 294 36
293 295 14
296 297 30
170 296 26
298 299 18
217 298 14
180 298 25
298 300 31
292 298 44
12 301 95
12 13 23
302 303 44
194 302 33
159 302 52
195 302 43
304 305 32
304 306 28
13 301 95
196 307 75
307 308 20
307 309 40
123 307 22
132 310 30
133 310 29
221 310 35
134 310 21
311 312 33
311 313 14
196 197 48
196 198 11
258 314 36
258 315 31
258 259 45
258 316 19
258 317 32
312 318 23
312 319 57
312 320 28
312 321 39
229 322 89
229 230 40
229 231 75
229 232 16
323 324 41
323 325 34
323 326 58
266 323 40
323 327 42
59 328 28
59 329 44
59 176 35
7 137 33
7 10 49
7 262 32
132 221 25
132 222 25
330 331 45
330 332 34
330 333 45
297 334 41
297 335 41
297 336 34
25 28 42
294 337 50
294 338 61
294 295 27
294 339 57
150 269 41
269 270 39
214 269 47
154 269 44
340 341 18
138 340 61
159 340 31
139 340 39
41 318 52
41 342 58
41 320 50
41 321 40
314 343 24
314 315 13
169 170 51
169 172 38
169 235 42
45 344 5
303 344 29
47 344 26
80 256 61
80 345 77
346 347 30
272 273 51
272 274 41
272 275 48
324 348 22
230 349 21
232 349 50
349 350 33
83 254 32
83 337 53
19 83 39
96 206 57
96 98 12
246 351 19
246 352 14
201 202 48
201 203 54
201 353 46
133 134 31
209 354 47
354 355 20
354 356 55
357 358 14
357 359 21
130 357 44
360 361 12
360 362 45
279 363 27
280 363 14
45 46 38
45 47 28
60 328 15
176 328 28
63 328 14
21 107 30
21 364 25
21 186 25
21 365 72
366 367 36
366 368 27
252 366 36
366 369 25
186 370 68
365 370 16
120 371 33
371 372 21
371 373 64
216 234 45
216 235 38
334 336 48
334 374 50
326 334 61
197 198 42
197 375 34
197 376 46
2 4 50
2 5 42
230 322 104
282 377 62
358 377 69
240 241 13
240 248 15
240 378 40
37 71 64
379 380 8
379 381 38
234 288 41
382 383 52
382 384 61
259 382 62
385 386 51
385 387 47
383 384 19
343 383 44
259 383 47
317 383 37
26 388 42
388 389 24
356 388 41
388 390 32
31 199 51
31 33 52
42 290 57
50 236 27
50 113 35
391 392 17
393 394 36
393 395 69
393 396 45
81 397 10
81 398 49
81 399 27
400 401 24
345 400 29
335 336 17
335 402 57
206 403 29
206 404 12
405 406 47
405 407 52
405 408 34
397 398 53
397 399 18
397 409 31
410 411 71
410 412 29
367 413 50
252 367 2
367 369 58
367 414 64
241 248 25
18 191 17
185 191 33
361 362 53
134 361 49
209 415 57
209 416 26
209 417 54
394 396 72
73 418 29
73 419 61
73 420 57
73 75 34
73 76 53
61 421 49
65 421 60
62 421 34
66 421 71
318 320 39
313 318 32
342 422 31
422 423 61
43 422 81
231 422 85
170 171 14
289 424 10
289 290 12
210 289 38
336 402 56
26 389 23
26 390 18
188 425 57
176 329 43
251 368 51
252 368 13
163 255 13
163 426 9
427 428 50
128 284 90
202 429 67
430 431 43
158 430 39
412 430 57
195 430 48
160 430 11
189 432 43
189 190 20
101 189 30
189 433 31
434 435 14
109 434 22
403 436 45
436 437 50
425 436 19
436 438 34
404 436 58
287 288 30
172 287 13
273 274 13
429 439 60
308 309 36
123 308 38
177 308 63
38 97 59
347 431 51
412 431 40
90 365 62
90 440 31
175 177 20
175 178 58
62 175 70
101 432 41
248 432 31
378 432 15
432 433 37
87 88 8
87 441 54
348 442 35
435 443 29
395 443 71
443 444 16
443 445 68
213 446 31
190 406 68
343 384 50
317 384 54
227 236 71
227 237 16
447 448 32
446 447 35
55 184 24
56 184 33
107 364 36
107 186 35
150 270 29
150 152 40
364 449 41
39 449 38
392 449 41
449 450 43
256 401 40
256 345 25
119 350 75
8 9 29
8 386 13
265 266 48
75 418 37
414 419 75
120 372 40
156 406 20
406 407 17
172 288 41
423 451 60
451 452 51
275 451 47
343 453 55
343 454 17
317 343 31
18 166 39
18 167 45
139 341 27
141 380 26
134 221 18
221 222 3
217 299 15
180 299 9
181 299 32
116 455 46
455 456 13
455 457 24
306 458 24
74 459 59
74 75 30
74 77 23
60 176 26
60 62 48
60 63 28
319 320 32
319 460 24
244 411 49
411 461 55
411 462 33
194 303 49
116 331 28
331 457 17
342 423 71
342 463 63
260 420 44
260 402 45
279 464 50
214 279 46
279 465 30
108 186 54
158 347 32
158 412 63
158 160 48
282 283 48
282 284 56
3 466 11
3 5 38
461 467 30
152 467 37
464 465 25
362 446 31
353 362 61
218 219 9
218 468 63
423 463 19
43 423 41
332 452 14
275 452 14
356 389 63
389 390 25
109 435 35
435 444 19
9 359 59
9 386 24
283 469 16
284 469 74
230 232 32
230 350 41
111 453 57
113 453 50
166 470 45
243 244 33
243 462 33
134 222 19
88 345 54
88 441 51
180 471 43
276 440 14
276 472 24
141 374 55
325 327 35
181 182 52
84 337 16
19 337 46
194 195 30
160 194 63
401 473 25
204 473 42
441 473 71
358 359 34
130 358 49
420 474 12
54 55 37
54 56 15
203 475 81
408 475 69
203 204 43
244 476 30
244 339 59
320 321 13
84 85 40
198 309 73
267 309 50
27 278 37
137 262 14
137 139 18
280 305 42
223 347 46
141 142 41
141 143 10
321 460 35
372 373 46
199 372 47
32 372 55
142 171 44
142 381 21
13 14 20
10 46 40
46 47 33
355 416 21
186 364 49
364 450 49
138 477 53
138 161 57
478 479 47
295 478 15
219 468 66
219 480 51
219 481 29
146 182 12
146 147 46
300 482 31
482 483 31
148 482 50
283 284 60
159 477 19
159 161 15
484 485 25
93 413 15
93 94 46
93 414 57
85 476 44
339 476 39
123 124 56
123 486 50
55 56 32
373 468 71
151 338 74
151 154 57
160 195 39
51 263 43
399 487 3
250 252 39
250 414 34
32 199 51
33 199 62
207 403 59
403 425 56
459 488 29
459 471 59
77 459 39
94 395 62
395 489 49
386 387 19
485 490 45
490 491 31
490 492 29
91 493 13
91 440 12
91 472 34
315 454 24
186 365 57
116 457 31
417 442 49
266 417 52
444 494 31
439 448 4
479 485 15
479 492 20
109 444 44
313 424 48
290 424 17
445 495 29
369 495 51
125 126 40
387 437 46
333 456 47
167 263 22
61 65 41
61 62 35
61 66 75
164 456 64
456 457 27
43 463 56
300 483 1
148 300 30
207 425 67
207 438 53
326 442 40
164 426 46
94 396 51
338 339 12
153 338 57
178 179 42
356 390 57
356 375 44
278 356 40
356 376 17
76 474 55
152 154 28
231 232 65
485 492 24
440 472 23
77 471 49
487 496 38
409 487 16
487 497 34
408 487 63
409 496 38
496 497 11
292 480 35
292 481 25
278 375 34
278 376 34
5 466 42
14 15 13
316 454 34
317 454 26
179 327 35
248 378 29
351 491 19
352 491 23
425 438 17
153 154 41
369 445 65
445 489 34
65 66 38
413 414 54
204 353 62
204 498 34
306 448 33
408 497 52
222 223 60
94 489 61
1 224 46
1 466 23
2 3 21
5 384 49
9 385 35
9 387 34
9 437 48
12 14 38
13 117 35
16 185 9
16 191 33
17 293 51
18 185 48
19 185 56
20 107 39
20 364 23
20 449 21
20 450 48
21 370 86
24 28 80
29 199 25
32 468 55
33 121 87
36 37 60
36 97 47
37 127 62
39 391 38
39 392 24
39 450 37
41 460 59
42 43 73
42 114 30
44 344 25
45 303 26
48 236 70
49 54 52
50 111 44
50 453 63
51 53 40
51 165 61
57 328 9
58 59 4
58 63 22
58 328 27
59 63 25
59 260 43
68 69 71
70 98 40
72 418 58
73 74 56
73 474 48
76 402 44
76 420 54
77 488 64
78 256 74
79 80 47
79 398 54
81 409 38
84 294 52
85 242 52
86 345 56
86 400 73
87 345 57
89 440 18
89 493 7
90 91 37
90 370 75
90 472 19
91 276 24
92 396 9
94 413 55
95 117 37
96 205 52
99 187 52
99 188 22
99 438 54
100 433 36
101 433 5
102 103 23
103 125 65
111 112 34
111 113 11
114 331 62
118 322 91
119 322 106
120 121 52
120 373 59
121 371 54
122 486 4
128 394 35
129 283 61
129 469 48
130 359 55
131 155 52
131 475 103
132 133 26
132 134 14
133 155 66
133 475 105
134 360 58
135 262 39
136 156 60
137 341 42
139 262 25
140 379 8
140 381 31
141 379 20
141 381 30
142 296 49
142 374 57
143 374 51
143 379 24
143 380 27
144 182 14
148 181 15
150 268 42
150 467 36
151 153 54
152 153 43
152 461 43
155 475 99
156 407 5
157 430 27
158 346 30
158 431 25
161 477 11
162 255 69
162 426 57
165 263 22
166 167 15
166 484 43
168 287 21
169 287 29
171 296 28
173 377 48
173 486 13
176 179 30
177 178 59
178 325 45
180 181 27
184 191 44
188 438 54
192 197 69
193 375 56
199 371 40
200 498 28
201 204 36
202 441 54
202 473 37
202 498 31
203 353 39
205 403 39
207 301 73
208 415 9
208 417 48
209 355 29
210 290 39
210 415 57
211 268 61
212 305 27
212 363 28
213 362 50
213 447 37
214 268 67
216 471 26
223 346 53
224 466 34
225 236 59
225 237 12
233 288 39
234 235 14
238 276 63
240 432 36
241 433 46
242 476 27
243 411 17
245 351 30
247 378 9
247 432 9
250 367 38
251 252 54
254 255 26
256 400 22
257 316 39
258 454 26
259 316 27
259 317 27
261 387 56
264 323 43
264 325 43
265 267 10
265 309 44
266 267 45
267 355 67
267 416 50
270 467 63
273 275 26
273 451 42
274 275 30
280 465 50
281 469 37
282 469 51
291 480 19
291 481 9
293 478 16
296 335 56
299 471 46
304 447 33
304 458 38
305 447 32
310 360 40
310 361 34
311 318 30
311 424 35
312 313 25
314 454 19
315 343 35
316 317 23
319 321 31
320 460 44
323 348 53
324 326 19
326 348 12
327 329 39
333 382 57
335 488 43
340 477 21
346 431 32
351 352 6
351 490 45
357 377 80
363 465 39
375 376 28
385 437 20
391 427 26
391 428 55
392 427 40
392 428 52
398 475 70
399 409 16
400 473 40
401 498 33
403 404 38
409 497 38
415 417 52
418 419 43
419 474 74
422 463 46
425 437 53
428 494 39
429 458 59
434 443 41
434 444 28
439 458 6
443 489 58
443 494 30
446 448 44
451 463 60
461 462 24
470 484 10
470 485 34
473 498 11
480 481 25
484 492 45
CENÁRIO 1
PROBABILIDADE: 533/2156 = 0.247217
QTD_ARESTAS_REQUERIDAS: 565
QTD_ARESTAS_NAO_REQUERIDAS: 547
1 2 16 0
1 3 21 1
1 4 41 0
1 5 68 1
6 7 58 1
6 8 16 0
6 9 57 1
6 10 37 1
11 12 30 0
11 13 47 0
11 14 72 1
11 15 59 0
16 17 11 0
16 18 63 1
16 19 79 1
20 21 61 1
22 23 44 0
22 24 36 1
22 25 71 0
22 26 95 1
22 27 44 1
22 28 85 1
29 30 70 1
29 31 39 1
29 32 51 0
29 33 79 1
34 35 79 1
34 36 81 1
34 37 79 1
34 38 77 1
34 39 77 1
40 41 85 1
40 42 89 1
40 43 25 1
44 45 25 0
44 46 24 0
44 47 14 1
48 49 92 1
48 50 80 0
48 51 126 1
52 53 19 1
52 54 25 1
52 55 36 0
51 52 45 0
52 56 42 1
57 58 31 0
57 59 46 1
57 60 25 1
57 61 45 0
57 62 78 1
57 63 15 1
61 64 70 1
64 65 29 1
64 66 50 0
67 68 62 0
67 69 29 0
67 70 48 0
67 71 32 1
72 73 46 1
72 74 50 1
72 75 50 1
72 76 42 1
72 77 52 0
78 79 65 1
78 80 22 1
78 81 95 1
25 82 103 1
82 83 84 1
82 84 33 1
82 85 22 0
86 87 23 0
86 88 30 0
89 90 51 1
89 91 9 1
92 93 67 0
92 94 68 1
70 95 70 1
95 96 65 1
95 97 52 0
95 98 51 0
15 95 43 0
99 100 52 0
99 101 54 0
35 102 54 1
35 103 39 1
35 38 42 0
35 104 46 0
105 106 53 0
105 107 56 0
105 108 75 1
105 109 57 1
49 110 47 0
50 110 45 0
110 111 8 0
110 112 39 1
110 113 23 1
114 115 85 1
114 116 37 0
14 117 16 0
15 117 11 1
118 119 101 0
118 120 113 1
118 121 93 1
122 123 67 1
122 124 35 0
36 102 63 1
38 102 40 1
102 125 110 1
102 126 43 0
69 127 42 1
71 127 35 0
127 128 66 0
68 129 29 0
129 130 56 0
131 132 28 1
131 133 21 1
131 134 30 0
135 136 67 1
135 137 68 1
135 138 55 0
135 139 58 1
140 141 19 1
140 142 48 0
140 143 29 1
144 145 39 0
144 146 16 0
144 147 75 1
144 148 61 1
149 150 65 1
149 151 66 0
149 152 15 0
149 153 49 1
149 154 15 0
136 155 32 1
155 156 81 1
157 158 47 1
157 159 44 1
157 160 39 1
157 161 33 0
162 163 86 1
162 164 68 0
18 165 60 1
165 166 32 0
55 165 42 1
165 167 21 0
168 169 42 1
168 170 56 1
168 171 60 1
168 172 16 0
124 173 70 1
174 175 60 1
174 176 75 1
174 177 77 1
174 178 40 1
174 179 56 1
145 180 34 0
145 181 16 1
145 146 52 0
145 182 42 0
145 148 32 1
183 184 40 0
4 183 55 0
183 185 55 0
56 183 53 0
21 106 43 0
106 107 32 1
106 108 40 1
106 186 46 1
187 188 47 1
187 189 61 0
187 190 48 0
17 191 54 1
17 18 48 0
192 193 46 1
192 194 64 0
192 195 60 0
193 196 82 1
193 197 39 0
193 198 60 0
30 31 50 0
30 199 69 0
30 32 49 0
200 201 23 0
200 202 39 1
200 203 66 0
200 204 30 0
205 206 63 1
205 207 98 1
208 209 85 1
208 210 63 0
211 212 77 1
211 213 57 1
211 214 60 0
68 98 93 1
215 216 61 1
215 217 51 1
215 218 28 0
215 219 28 0
220 221 54 1
134 220 77 1
220 222 56 1
220 223 39 0
3 224 60 1
164 224 65 1
225 226 37 1
225 227 25 1
228 229 49 0
228 230 59 0
228 231 42 1
228 232 37 0
49 112 50 1
23 24 47 0
23 25 42 1
23 28 47 0
169 233 37 1
233 234 26 1
233 235 23 1
226 227 61 1
226 236 60 0
226 237 31 0
36 38 28 1
238 239 26 0
125 238 89 1
104 238 60 1
100 240 51 0
100 241 48 0
100 101 34 0
242 243 40 0
242 244 21 1
245 246 18 1
240 247 44 1
247 248 24 0
249 250 59 0
249 251 44 1
147 249 100 1
249 252 102 1
83 253 47 0
163 253 33 1
253 254 16 0
253 255 12 0
69 71 10 0
37 69 70 0
79 256 75 1
70 96 68 1
70 97 28 1
257 258 39 0
257 259 81 1
58 260 56 1
38 103 45 0
103 104 78 1
103 126 39 0
7 261 24 0
137 261 47 0
261 262 38 0
53 54 40 1
53 55 28 0
53 263 39 0
53 56 51 1
264 265 29 1
264 266 33 0
264 267 35 1
268 269 36 0
268 270 21 1
271 272 38 0
271 273 49 0
271 274 37 0
271 275 88 1
239 276 50 0
91 239 50 0
104 239 25 0
24 277 39 1
27 277 31 0
277 278 79 1
212 279 43 0
212 280 37 1
281 282 39 1
281 283 36 1
281 284 56 1
285 286 31 0
285 287 70 0
119 285 123 1
285 288 89 1
172 285 68 0
42 115 71 1
115 289 56 1
115 290 31 0
115 210 50 1
286 287 50 0
286 288 49 1
172 286 75 1
24 27 21 0
291 292 20 0
293 294 36 0
293 295 14 0
296 297 30 0
170 296 26 0
298 299 18 0
217 298 14 0
180 298 35 1
298 300 43 1
292 298 44 0
12 301 133 1
12 13 32 1
302 303 61 1
194 302 46 1
159 302 72 1
195 302 43 0
304 305 32 0
304 306 39 1
13 301 133 1
196 307 75 0
307 308 20 0
307 309 56 1
123 307 30 1
132 310 30 0
133 310 29 0
221 310 49 1
134 310 29 1
311 312 46 1
311 313 19 1
196 197 67 1
196 198 15 1
258 314 36 0
258 315 43 1
258 259 63 1
258 316 26 1
258 317 44 1
312 318 32 1
312 319 79 1
312 320 28 0
312 321 54 1
229 322 124 1
229 230 56 1
229 231 105 1
229 232 16 0
323 324 57 1
323 325 34 0
323 326 81 1
266 323 40 0
323 327 58 1
59 328 28 0
59 329 61 1
59 176 49 1
7 137 33 0
7 10 49 0
7 262 32 0
132 221 25 0
132 222 35 1
330 331 45 0
330 332 47 1
330 333 45 0
297 334 57 1
297 335 41 0
297 336 34 0
25 28 58 1
294 337 70 1
294 338 85 1
294 295 27 0
294 339 79 1
150 269 41 0
269 270 54 1
214 269 65 1
154 269 61 1
340 341 18 0
138 340 85 1
159 340 31 0
139 340 39 0
41 318 72 1
41 342 81 1
41 320 50 0
41 321 40 0
314 343 33 1
314 315 13 0
169 170 51 0
169 172 38 0
169 235 42 0
45 344 5 0
303 344 29 0
47 344 36 1
80 256 85 1
80 345 77 0
346 347 30 0
272 273 51 0
272 274 41 0
272 275 48 0
324 348 30 1
230 349 21 0
232 349 70 1
349 350 46 1
83 254 32 0
83 337 53 0
19 83 39 0
96 206 79 1
96 98 12 0
246 351 26 1
246 352 19 1
201 202 48 0
201 203 75 1
201 353 46 0
133 134 31 0
209 354 65 1
354 355 28 1
354 356 55 0
357 358 14 0
357 359 21 0
130 357 61 1
360 361 16 1
360 362 63 1
279 363 27 0
280 363 19 1
45 46 53 1
45 47 39 1
60 328 21 1
176 328 28 0
63 328 19 1
21 107 30 0
21 364 25 0
21 186 25 0
21 365 100 1
366 367 50 1
366 368 37 1
252 366 50 1
366 369 25 0
186 370 68 0
365 370 16 0
120 371 33 0
371 372 29 1
371 373 89 1
216 234 63 1
216 235 53 1
334 336 67 1
334 374 50 0
326 334 61 0
197 198 58 1
197 375 47 1
197 376 64 1
2 4 50 0
2 5 42 0
230 322 104 0
282 377 62 0
358 377 69 0
240 241 18 1
240 248 21 1
240 378 40 0
37 71 64 0
379 380 8 0
379 381 38 0
234 288 41 0
382 383 52 0
382 384 85 1
259 382 86 1
385 386 51 0
385 387 65 1
383 384 19 0
343 383 61 1
259 383 47 0
317 383 37 0
26 388 42 0
388 389 24 0
356 388 57 1
388 390 32 0
31 199 51 0
31 33 52 0
42 290 79 1
50 236 37 1
50 113 35 0
391 392 17 0
393 394 36 0
393 395 96 1
393 396 63 1
81 397 10 0
81 398 49 0
81 399 37 1
400 401 24 0
345 400 40 1
335 336 17 0
335 402 57 0
206 403 29 0
206 404 16 1
405 406 47 0
405 407 72 1
405 408 34 0
397 398 74 1
397 399 18 0
397 409 43 1
410 411 99 1
410 412 40 1
367 413 70 1
252 367 2 1
367 369 58 0
367 414 89 1
241 248 25 0
18 191 17 0
185 191 46 1
361 362 74 1
134 361 49 0
209 415 79 1
209 416 26 0
209 417 75 1
394 396 100 1
73 418 40 1
73 419 85 1
73 420 79 1
73 75 34 0
73 76 74 1
61 421 49 0
65 421 60 0
62 421 34 0
66 421 71 0
318 320 54 1
313 318 32 0
342 422 43 1
422 423 85 1
43 422 81 0
231 422 119 1
170 171 14 0
289 424 14 1
289 290 12 0
210 289 38 0
336 402 78 1
26 389 23 0
26 390 18 0
188 425 79 1
176 329 43 0
251 368 51 0
252 368 18 1
163 255 18 1
163 426 12 1
427 428 50 0
128 284 126 1
202 429 67 0
430 431 43 0
158 430 39 0
412 430 57 0
195 430 48 0
160 430 11 0
189 432 43 0
189 190 20 0
101 189 30 0
189 433 31 0
434 435 14 0
109 434 22 0
403 436 63 1
436 437 70 1
425 436 26 1
436 438 34 0
404 436 58 0
287 288 30 0
172 287 18 1
273 274 13 0
429 439 60 0
308 309 36 0
123 308 38 0
177 308 88 1
38 97 82 1
347 431 71 1
412 431 56 1
90 365 62 0
90 440 43 1
175 177 20 0
175 178 81 1
62 175 70 0
101 432 57 1
248 432 31 0
378 432 15 0
432 433 37 0
87 88 11 1
87 441 75 1
348 442 35 0
435 443 40 1
395 443 99 1
443 444 22 1
443 445 68 0
213 446 31 0
190 406 95 1
343 384 50 0
317 384 75 1
227 236 71 0
227 237 16 0
447 448 32 0
446 447 49 1
55 184 24 0
56 184 46 1
107 364 50 1
107 186 49 1
150 270 40 1
150 152 40 0
364 449 57 1
39 449 38 0
392 449 41 0
449 450 60 1
256 401 40 0
256 345 35 1
119 350 105 1
8 9 29 0
8 386 13 0
265 266 48 0
75 418 37 0
414 419 105 1
120 372 40 0
156 406 20 0
406 407 17 0
172 288 41 0
423 451 60 0
451 452 51 0
275 451 47 0
343 453 77 1
343 454 23 1
317 343 43 1
18 166 39 0
18 167 63 1
139 341 37 1
141 380 26 0
134 221 25 1
221 222 3 0
217 299 15 0
180 299 12 1
181 299 44 1
116 455 46 0
455 456 13 0
455 457 24 0
306 458 24 0
74 459 82 1
74 75 42 1
74 77 23 0
60 176 26 0
60 62 48 0
60 63 39 1
319 320 44 1
319 460 24 0
244 411 49 0
411 461 77 1
411 462 33 0
194 303 49 0
116 331 39 1
331 457 23 1
342 423 71 0
342 463 88 1
260 420 44 0
260 402 63 1
279 464 70 1
214 279 64 1
279 465 30 0
108 186 75 1
158 347 44 1
158 412 88 1
158 160 67 1
282 283 48 0
282 284 56 0
3 466 15 1
3 5 38 0
461 467 30 0
152 467 37 0
464 465 25 0
362 446 31 0
353 362 85 1
218 219 9 0
218 468 88 1
423 463 26 1
43 423 57 1
332 452 19 1
275 452 19 1
356 389 88 1
389 390 25 0
109 435 35 0
435 444 26 1
9 359 82 1
9 386 33 1
283 469 16 0
284 469 103 1
230 232 44 1
230 350 57 1
111 453 79 1
113 453 50 0
166 470 63 1
243 244 33 0
243 462 33 0
134 222 26 1
88 345 54 0
88 441 71 1
180 471 43 0
276 440 19 1
276 472 33 1
141 374 55 0
325 327 35 0
181 182 72 1
84 337 16 0
19 337 46 0
194 195 42 1
160 194 88 1
401 473 25 0
204 473 42 0
441 473 71 0
358 359 47 1
130 358 68 1
420 474 16 1
54 55 51 1
54 56 15 0
203 475 113 1
408 475 69 0
203 204 43 0
244 476 42 1
244 339 59 0
320 321 18 1
84 85 56 1
198 309 73 0
267 309 70 1
27 278 51 1
137 262 19 1
137 139 18 0
280 305 58 1
223 347 64 1
141 142 57 1
141 143 10 0
321 460 49 1
372 373 64 1
199 372 47 0
32 372 55 0
142 171 44 0
142 381 21 0
13 14 20 0
10 46 40 0
46 47 46 1
355 416 29 1
186 364 49 0
364 450 68 1
138 477 74 1
138 161 57 0
478 479 47 0
295 478 21 1
219 468 92 1
219 480 71 1
219 481 29 0
146 182 16 1
146 147 46 0
300 482 31 0
482 483 43 1
148 482 50 0
283 284 84 1
159 477 19 0
159 161 15 0
484 485 25 0
93 413 15 0
93 94 46 0
93 414 57 0
85 476 61 1
339 476 39 0
123 124 78 1
123 486 50 0
55 56 32 0
373 468 71 0
151 338 103 1
151 154 57 0
160 195 54 1
51 263 43 0
399 487 3 0
250 252 39 0
250 414 34 0
32 199 71 1
33 199 62 0
207 403 82 1
403 425 78 1
459 488 40 1
459 471 82 1
77 459 39 0
94 395 62 0
395 489 68 1
386 387 26 1
485 490 45 0
490 491 31 0
490 492 29 0
91 493 18 1
91 440 12 0
91 472 47 1
315 454 33 1
186 365 79 1
116 457 43 1
417 442 49 0
266 417 52 0
444 494 31 0
439 448 5 1
479 485 15 0
479 492 20 0
109 444 44 0
313 424 48 0
290 424 23 1
445 495 29 0
369 495 51 0
125 126 40 0
387 437 46 0
333 456 47 0
167 263 22 0
61 65 41 0
61 62 35 0
61 66 105 1
164 456 89 1
456 457 27 0
43 463 78 1
300 483 1 1
148 300 30 0
207 425 67 0
207 438 53 0
326 442 56 1
164 426 46 0
94 396 71 1
338 339 12 0
153 338 57 0
178 179 58 1
356 390 79 1
356 375 44 0
278 356 56 1
356 376 17 0
76 474 77 1
152 154 39 1
231 232 65 0
485 492 33 1
440 472 23 0
77 471 49 0
487 496 53 1
409 487 16 0
487 497 34 0
408 487 63 0
409 496 53 1
496 497 15 1
292 480 49 1
292 481 35 1
278 375 47 1
278 376 34 0
5 466 58 1
14 15 18 1
316 454 34 0
317 454 36 1
179 327 49 1
248 378 29 0
351 491 19 0
352 491 23 0
425 438 23 1
153 154 57 1
369 445 91 1
445 489 34 0
65 66 38 0
413 414 54 0
204 353 86 1
204 498 47 1
306 448 33 0
408 497 72 1
222 223 60 0
94 489 61 0
1 224 46 0
1 466 23 0
2 3 29 1
5 384 68 1
9 385 49 1
9 387 34 0
9 437 67 1
12 14 38 0
13 117 35 0
16 185 12 1
16 191 33 0
17 293 51 0
18 185 67 1
19 185 56 0
20 107 54 1
20 364 32 1
20 449 29 1
20 450 48 0
21 370 86 0
24 28 112 1
29 199 25 0
32 468 55 0
33 121 121 1
36 37 84 1
36 97 65 1
37 127 62 0
39 391 38 0
39 392 24 0
39 450 51 1
41 460 82 1
42 43 102 1
42 114 30 0
44 344 25 0
45 303 26 0
48 236 70 0
49 54 72 1
50 111 44 0
50 453 63 0
51 53 56 1
51 165 85 1
57 328 9 0
58 59 5 1
58 63 22 0
58 328 37 1
59 63 25 0
59 260 43 0
68 69 71 0
70 98 40 0
72 418 81 1
73 74 78 1
73 474 48 0
76 402 61 1
76 420 54 0
77 488 89 1
78 256 103 1
79 80 65 1
79 398 54 0
81 409 38 0
84 294 72 1
85 242 72 1
86 345 78 1
86 400 73 0
87 345 79 1
89 440 25 1
89 493 9 1
90 91 37 0
90 370 105 1
90 472 19 0
91 276 33 1
92 396 12 1
94 413 77 1
95 117 51 1
96 205 72 1
99 187 52 0
99 188 22 0
99 438 54 0
100 433 50 1
101 433 5 0
102 103 23 0
103 125 91 1
111 112 47 1
111 113 15 1
114 331 86 1
118 322 91 0
119 322 148 1
120 121 72 1
120 373 82 1
121 371 54 0
122 486 4 0
128 394 49 1
129 283 85 1
129 469 67 1
130 359 77 1
131 155 72 1
131 475 144 1
132 133 26 0
132 134 19 1
133 155 92 1
133 475 105 0
134 360 81 1
135 262 39 0
136 156 84 1
137 341 58 1
139 262 25 0
140 379 11 1
140 381 43 1
141 379 28 1
141 381 30 0
142 296 49 0
142 374 57 0
143 374 51 0
143 379 24 0
143 380 37 1
144 182 14 0
148 181 21 1
150 268 58 1
150 467 50 1
151 153 54 0
152 153 60 1
152 461 43 0
155 475 138 1
156 407 5 0
157 430 27 0
158 346 42 1
158 431 35 1
161 477 15 1
162 255 96 1
162 426 57 0
165 263 22 0
166 167 15 0
166 484 43 0
168 287 21 0
169 287 29 0
171 296 28 0
173 377 67 1
173 486 18 1
176 179 42 1
177 178 82 1
178 325 45 0
180 181 37 1
184 191 44 0
188 438 75 1
192 197 96 1
193 375 56 0
199 371 56 1
200 498 28 0
201 204 36 0
202 441 54 0
202 473 51 1
202 498 31 0
203 353 54 1
205 403 54 1
207 301 73 0
208 415 9 0
208 417 48 0
209 355 40 1
210 290 54 1
210 415 57 0
211 268 61 0
212 305 37 1
212 363 28 0
213 362 50 0
213 447 51 1
214 268 67 0
216 471 36 1
223 346 53 0
224 466 34 0
225 236 82 1
225 237 16 1
233 288 39 0
234 235 19 1
238 276 63 0
240 432 50 1
241 433 64 1
242 476 37 1
243 411 23 1
245 351 30 0
247 378 12 1
247 432 12 1
250 367 38 0
251 252 54 0
254 255 26 0
256 400 30 1
257 316 54 1
258 454 26 0
259 316 27 0
259 317 37 1
261 387 78 1
264 323 43 0
264 325 60 1
265 267 10 0
265 309 44 0
266 267 45 0
267 355 93 1
267 416 70 1
270 467 88 1
273 275 26 0
273 451 42 0
274 275 42 1
280 465 50 0
281 469 37 0
282 469 71 1
291 480 19 0
291 481 12 1
293 478 22 1
296 335 56 0
299 471 46 0
304 447 46 1
304 458 53 1
305 447 44 1
310 360 56 1
310 361 47 1
311 318 42 1
311 424 35 0
312 313 35 1
314 454 26 1
315 343 49 1
316 317 32 1
319 321 43 1
320 460 44 0
323 348 53 0
324 326 26 1
326 348 16 1
327 329 39 0
333 382 79 1
335 488 43 0
340 477 21 0
346 431 32 0
351 352 6 0
351 490 45 0
357 377 112 1
363 465 54 1
375 376 28 0
385 437 20 0
391 427 36 1
391 428 77 1
392 427 40 0
392 428 52 0
398 475 70 0
399 409 22 1
400 473 40 0
401 498 33 0
403 404 38 0
409 497 53 1
415 417 72 1
418 419 60 1
419 474 103 1
422 463 46 0
425 437 74 1
428 494 54 1
429 458 82 1
434 443 41 0
434 444 28 0
439 458 8 1
443 489 58 0
443 494 42 1
446 448 44 0
451 463 60 0
461 462 33 1
470 484 10 0
470 485 34 0
473 498 15 1
480 481 25 0
484 492 45 0

CENÁRIO 2
PROBABILIDADE: 493/2156 = 0.228664
QTD_ARESTAS_REQUERIDAS: 548
QTD_ARESTAS_NAO_REQUERIDAS: 564
1 2 16 0
1 3 15 0
1 4 57 1
1 5 49 0
6 7 42 0
6 8 16 0
6 9 41 0
6 10 37 1
11 12 30 0
11 13 47 0
11 14 52 0
11 15 82 1
16 17 11 0
16 18 45 0
16 19 57 0
20 21 61 1
22 23 61 1
22 24 26 0
22 25 71 0
22 26 68 0
22 27 32 0
22 28 85 1
29 30 50 0
29 31 28 0
29 32 71 1
29 33 79 1
34 35 57 0
34 36 58 0
34 37 57 0
34 38 77 1
34 39 55 0
40 41 61 0
40 42 64 0
40 43 25 1
44 45 35 1
44 46 24 0
44 47 14 1
48 49 66 0
48 50 112 1
48 51 126 1
52 53 19 1
52 54 18 0
52 55 36 0
51 52 63 1
52 56 42 1
57 58 43 1
57 59 46 1
57 60 18 0
57 61 45 0
57 62 56 0
57 63 11 0
61 64 50 0
64 65 21 0
64 66 70 1
67 68 86 1
67 69 40 1
67 70 48 0
67 71 32 1
72 73 33 0
72 74 36 0
72 75 50 1
72 76 30 0
72 77 52 0
78 79 65 1
78 80 22 1
78 81 68 0
25 82 74 0
82 83 60 0
82 84 24 0
82 85 30 1
86 87 23 0
86 88 42 1
89 90 51 1
89 91 7 0
92 93 93 1
92 94 49 0
70 95 50 0
95 96 47 0
95 97 52 0
95 98 51 0
15 95 43 0
99 100 72 1
99 101 54 0
35 102 39 0
35 103 28 0
35 38 42 0
35 104 46 0
105 106 53 0
105 107 78 1
105 108 54 0
105 109 57 1
49 110 47 0
50 110 45 0
110 111 11 1
110 112 28 0
110 113 17 0
114 115 61 0
114 116 51 1
14 117 22 1
15 117 11 1
118 119 141 1
118 120 81 0
118 121 67 0
122 123 67 1
122 124 49 1
36 102 63 1
38 102 40 1
102 125 110 1
102 126 60 1
69 127 30 0
71 127 49 1
127 128 92 1
68 129 40 1
129 130 56 0
131 132 28 1
131 133 15 0
131 134 42 1
135 136 48 0
135 137 68 1
135 138 55 0
135 139 42 0
140 141 19 1
140 142 67 1
140 143 21 0
144 145 54 1
144 146 16 0
144 147 54 0
144 148 44 0
149 150 47 0
149 151 92 1
149 152 15 0
149 153 49 1
149 154 15 0
136 155 32 1
155 156 81 1
157 158 47 1
157 159 44 1
157 160 28 0
157 161 33 0
162 163 86 1
162 164 68 0
18 165 60 1
165 166 32 0
55 165 30 0
165 167 21 0
168 169 30 0
168 170 40 0
168 171 60 1
168 172 16 0
124 173 50 0
174 175 43 0
174 176 75 1
174 177 77 1
174 178 29 0
174 179 40 0
145 180 47 1
145 181 12 0
145 146 52 0
145 182 42 0
145 148 32 1
183 184 40 0
4 183 77 1
183 185 77 1
56 183 74 1
21 106 43 0
106 107 32 1
106 108 40 1
106 186 33 0
187 188 34 0
187 189 61 0
187 190 67 1
17 191 39 0
17 18 67 1
192 193 33 0
192 194 89 1
192 195 84 1
193 196 59 0
193 197 39 0
193 198 60 0
30 31 50 0
30 199 96 1
30 32 49 0
200 201 23 0
200 202 28 0
200 203 92 1
200 204 42 1
205 206 63 1
205 207 70 0
208 209 85 1
208 210 63 0
211 212 77 1
211 213 57 1
211 214 84 1
68 98 93 1
215 216 44 0
215 217 37 0
215 218 28 0
215 219 39 1
220 221 39 0
134 220 77 1
220 222 40 0
220 223 54 1
3 224 60 1
164 224 47 0
225 226 27 0
225 227 18 0
228 229 68 1
228 230 82 1
228 231 42 1
228 232 37 0
49 112 50 1
23 24 65 1
23 25 42 1
23 28 47 0
169 233 37 1
233 234 26 1
233 235 23 1
226 227 44 0
226 236 60 0
226 237 43 1
36 38 28 1
238 239 26 0
125 238 89 1
104 238 43 0
100 240 71 1
100 241 67 1
100 101 34 0
242 243 40 0
242 244 21 1
245 246 18 1
240 247 32 0
247 248 33 1
249 250 82 1
249 251 44 1
147 249 72 0
249 252 102 1
83 253 47 0
163 253 33 1
253 254 16 0
253 255 16 1
69 71 14 1
37 69 70 0
79 256 54 0
70 96 68 1
70 97 20 0
257 258 39 0
257 259 58 0
58 260 56 1
38 103 63 1
103 104 78 1
103 126 39 0
7 261 24 0
137 261 65 1
261 262 53 1
53 54 40 1
53 55 28 0
53 263 54 1
53 56 51 1
264 265 21 0
264 266 46 1
264 267 35 1
268 269 50 1
268 270 21 1
271 272 38 0
271 273 68 1
271 274 51 1
271 275 88 1
239 276 70 1
91 239 50 0
104 239 25 0
24 277 28 0
27 277 43 1
277 278 79 1
212 279 60 1
212 280 27 0
281 282 28 0
281 283 36 1
281 284 40 0
285 286 43 1
285 287 98 1
119 285 88 0
285 288 89 1
172 285 95 1
42 115 71 1
115 289 56 1
115 290 43 1
115 210 50 1
286 287 50 0
286 288 49 1
172 286 54 0
24 27 21 0
291 292 28 1
293 294 36 0
293 295 14 0
296 297 30 0
170 296 26 0
298 299 25 1
217 298 19 1
180 298 25 0
298 300 43 1
292 298 61 1
12 301 133 1
12 13 23 0
302 303 61 1
194 302 46 1
159 302 52 0
195 302 43 0
304 305 44 1
304 306 28 0
13 301 95 0
196 307 105 1
307 308 28 1
307 309 56 1
123 307 22 0
132 310 30 0
133 310 40 1
221 310 35 0
134 310 29 1
311 312 46 1
311 313 14 0
196 197 67 1
196 198 15 1
258 314 50 1
258 315 31 0
258 259 63 1
258 316 19 0
258 317 32 0
312 318 32 1
312 319 57 0
312 320 28 0
312 321 39 0
229 322 124 1
229 230 40 0
229 231 75 0
229 232 22 1
323 324 57 1
323 325 34 0
323 326 81 1
266 323 56 1
323 327 42 0
59 328 28 0
59 329 44 0
59 176 35 0
7 137 46 1
7 10 49 0
7 262 32 0
132 221 35 1
132 222 25 0
330 331 63 1
330 332 47 1
330 333 63 1
297 334 41 0
297 335 41 0
297 336 47 1
25 28 42 0
294 337 70 1
294 338 61 0
294 295 27 0
294 339 79 1
150 269 41 0
269 270 54 1
214 269 65 1
154 269 61 1
340 341 25 1
138 340 85 1
159 340 43 1
139 340 39 0
41 318 52 0
41 342 58 0
41 320 70 1
41 321 56 1
314 343 24 0
314 315 18 1
169 170 51 0
169 172 53 1
169 235 58 1
45 344 7 1
303 344 40 1
47 344 26 0
80 256 85 1
80 345 107 1
346 347 30 0
272 273 71 1
272 274 57 1
272 275 48 0
324 348 22 0
230 349 21 0
232 349 70 1
349 350 46 1
83 254 44 1
83 337 53 0
19 83 39 0
96 206 79 1
96 98 12 0
246 351 19 0
246 352 14 0
201 202 48 0
201 203 75 1
201 353 64 1
133 134 43 1
209 354 65 1
354 355 20 0
354 356 55 0
357 358 19 1
357 359 29 1
130 357 61 1
360 361 12 0
360 362 45 0
279 363 27 0
280 363 19 1
45 46 53 1
45 47 39 1
60 328 21 1
176 328 28 0
63 328 19 1
21 107 42 1
21 364 25 0
21 186 25 0
21 365 72 0
366 367 36 0
366 368 37 1
252 366 50 1
366 369 35 1
186 370 68 0
365 370 16 0
120 371 46 1
371 372 29 1
371 373 89 1
216 234 45 0
216 235 38 0
334 336 67 1
334 374 50 0
326 334 61 0
197 198 42 0
197 375 34 0
197 376 46 0
2 4 70 1
2 5 58 1
230 322 104 0
282 377 86 1
358 377 69 0
240 241 13 0
240 248 21 1
240 378 56 1
37 71 64 0
379 380 8 0
379 381 38 0
234 288 57 1
382 383 52 0
382 384 85 1
259 382 62 0
385 386 51 0
385 387 65 1
383 384 26 1
343 383 44 0
259 383 65 1
317 383 51 1
26 388 58 1
388 389 24 0
356 388 57 1
388 390 32 0
31 199 71 1
31 33 52 0
42 290 79 1
50 236 37 1
50 113 35 0
391 392 23 1
393 394 36 0
393 395 96 1
393 396 63 1
81 397 14 1
81 398 49 0
81 399 27 0
400 401 24 0
345 400 29 0
335 336 17 0
335 402 79 1
206 403 40 1
206 404 16 1
405 406 47 0
405 407 52 0
405 408 34 0
397 398 53 0
397 399 25 1
397 409 31 0
410 411 99 1
410 412 29 0
367 413 50 0
252 367 2 0
367 369 81 1
367 414 89 1
241 248 35 1
18 191 23 1
185 191 33 0
361 362 53 0
134 361 68 1
209 415 57 0
209 416 36 1
209 417 54 0
394 396 100 1
73 418 40 1
73 419 61 0
73 420 79 1
73 75 47 1
73 76 53 0
61 421 68 1
65 421 60 0
62 421 34 0
66 421 71 0
318 320 39 0
313 318 44 1
342 422 31 0
422 423 61 0
43 422 113 1
231 422 85 0
170 171 19 1
289 424 10 0
289 290 16 1
210 289 53 1
336 402 78 1
26 389 23 0
26 390 18 0
188 425 57 0
176 329 60 1
251 368 51 0
252 368 13 0
163 255 13 0
163 426 9 0
427 428 50 0
128 284 126 1
202 429 67 0
430 431 60 1
158 430 54 1
412 430 79 1
195 430 67 1
160 430 15 1
189 432 43 0
189 190 28 1
101 189 30 0
189 433 43 1
434 435 14 0
109 434 30 1
403 436 45 0
436 437 50 0
425 436 19 0
436 438 34 0
404 436 81 1
287 288 30 0
172 287 18 1
273 274 13 0
429 439 84 1
308 309 36 0
123 308 53 1
177 308 63 0
38 97 59 0
347 431 51 0
412 431 40 0
90 365 86 1
90 440 43 1
175 177 20 0
175 178 58 0
62 175 70 0
101 432 41 0
248 432 43 1
378 432 15 0
432 433 37 0
87 88 8 0
87 441 54 0
348 442 35 0
435 443 29 0
395 443 99 1
443 444 16 0
443 445 68 0
213 446 43 1
190 406 68 0
343 384 50 0
317 384 54 0
227 236 99 1
227 237 16 0
447 448 32 0
446 447 35 0
55 184 33 1
56 184 33 0
107 364 50 1
107 186 49 1
150 270 29 0
150 152 56 1
364 449 41 0
39 449 38 0
392 449 57 1
449 450 43 0
256 401 40 0
256 345 25 0
119 350 75 0
8 9 29 0
8 386 13 0
265 266 48 0
75 418 37 0
414 419 75 0
120 372 56 1
156 406 28 1
406 407 17 0
172 288 41 0
423 451 60 0
451 452 51 0
275 451 65 1
343 453 77 1
343 454 23 1
317 343 43 1
18 166 39 0
18 167 63 1
139 341 37 1
141 380 26 0
134 221 18 0
221 222 4 1
217 299 15 0
180 299 12 1
181 299 44 1
116 455 64 1
455 456 18 1
455 457 33 1
306 458 33 1
74 459 59 0
74 75 30 0
74 77 23 0
60 176 36 1
60 62 67 1
60 63 28 0
319 320 44 1
319 460 24 0
244 411 68 1
411 461 77 1
411 462 46 1
194 303 49 0
116 331 28 0
331 457 23 1
342 423 71 0
342 463 63 0
260 420 61 1
260 402 45 0
279 464 50 0
214 279 46 0
279 465 42 1
108 186 54 0
158 347 32 0
158 412 88 1
158 160 48 0
282 283 48 0
282 284 78 1
3 466 11 0
3 5 53 1
461 467 42 1
152 467 51 1
464 465 25 0
362 446 31 0
353 362 61 0
218 219 12 1
218 468 63 0
423 463 26 1
43 423 41 0
332 452 14 0
275 452 19 1
356 389 63 0
389 390 35 1
109 435 49 1
435 444 26 1
9 359 82 1
9 386 33 1
283 469 22 1
284 469 74 0
230 232 32 0
230 350 41 0
111 453 57 0
113 453 50 0
166 470 63 1
243 244 33 0
243 462 46 1
134 222 26 1
88 345 54 0
88 441 71 1
180 471 60 1
276 440 14 0
276 472 33 1
141 374 77 1
325 327 49 1
181 182 52 0
84 337 22 1
19 337 46 0
194 195 30 0
160 194 63 0
401 473 35 1
204 473 42 0
441 473 71 0
358 359 34 0
130 358 49 0
420 474 12 0
54 55 51 1
54 56 21 1
203 475 81 0
408 475 96 1
203 204 60 1
244 476 42 1
244 339 59 0
320 321 13 0
84 85 56 1
198 309 102 1
267 309 70 1
27 278 51 1
137 262 19 1
137 139 25 1
280 305 42 0
223 347 64 1
141 142 57 1
141 143 14 1
321 460 49 1
372 373 46 0
199 372 65 1
32 372 77 1
142 171 61 1
142 381 29 1
13 14 20 0
10 46 56 1
46 47 46 1
355 416 21 0
186 364 68 1
364 450 49 0
138 477 53 0
138 161 79 1
478 479 47 0
295 478 15 0
219 468 92 1
219 480 51 0
219 481 40 1
146 182 12 0
146 147 64 1
300 482 31 0
482 483 31 0
148 482 50 0
283 284 60 0
159 477 19 0
159 161 21 1
484 485 35 1
93 413 21 1
93 94 46 0
93 414 79 1
85 476 61 1
339 476 54 1
123 124 78 1
123 486 50 0
55 56 44 1
373 468 99 1
151 338 103 1
151 154 57 0
160 195 54 1
51 263 60 1
399 487 4 1
250 252 39 0
250 414 34 0
32 199 71 1
33 199 62 0
207 403 82 1
403 425 78 1
459 488 29 0
459 471 59 0
77 459 39 0
94 395 86 1
395 489 49 0
386 387 26 1
485 490 63 1
490 491 31 0
490 492 40 1
91 493 13 0
91 440 12 0
91 472 34 0
315 454 24 0
186 365 57 0
116 457 43 1
417 442 68 1
266 417 72 1
444 494 31 0
439 448 4 0
479 485 21 1
479 492 20 0
109 444 44 0
313 424 48 0
290 424 17 0
445 495 29 0
369 495 71 1
125 126 56 1
387 437 46 0
333 456 65 1
167 263 30 1
61 65 41 0
61 62 49 1
61 66 105 1
164 456 64 0
456 457 27 0
43 463 56 0
300 483 1 1
148 300 42 1
207 425 93 1
207 438 74 1
326 442 40 0
164 426 64 1
94 396 71 1
338 339 12 0
153 338 57 0
178 179 58 1
356 390 79 1
356 375 44 0
278 356 40 0
356 376 23 1
76 474 55 0
152 154 28 0
231 232 65 0
485 492 24 0
440 472 32 1
77 471 49 0
487 496 38 0
409 487 22 1
487 497 47 1
408 487 63 0
409 496 53 1
496 497 15 1
292 480 49 1
292 481 35 1
278 375 47 1
278 376 47 1
5 466 42 0
14 15 18 1
316 454 34 0
317 454 26 0
179 327 35 0
248 378 40 1
351 491 19 0
352 491 32 1
425 438 17 0
153 154 57 1
369 445 91 1
445 489 34 0
65 66 53 1
413 414 75 1
204 353 86 1
204 498 34 0
306 448 46 1
408 497 52 0
222 223 84 1
94 489 85 1
1 224 46 0
1 466 32 1
2 3 21 0
5 384 68 1
9 385 35 0
9 387 47 1
9 437 48 0
12 14 53 1
13 117 35 0
16 185 12 1
16 191 46 1
17 293 71 1
18 185 67 1
19 185 56 0
20 107 39 0
20 364 23 0
20 449 21 0
20 450 67 1
21 370 120 1
24 28 112 1
29 199 35 1
32 468 77 1
33 121 121 1
36 37 60 0
36 97 65 1
37 127 62 0
39 391 53 1
39 392 24 0
39 450 37 0
41 460 82 1
42 43 73 0
42 114 42 1
44 344 25 0
45 303 26 0
48 236 98 1
49 54 72 1
50 111 44 0
50 453 63 0
51 53 56 1
51 165 61 0
57 328 12 1
58 59 4 0
58 63 22 0
58 328 27 0
59 63 35 1
59 260 60 1
68 69 71 0
70 98 56 1
72 418 58 0
73 74 78 1
73 474 67 1
76 402 44 0
76 420 75 1
77 488 64 0
78 256 103 1
79 80 47 0
79 398 54 0
81 409 53 1
84 294 52 0
85 242 52 0
86 345 78 1
86 400 102 1
87 345 57 0
89 440 25 1
89 493 7 0
90 91 51 1
90 370 75 0
90 472 26 1
91 276 33 1
92 396 9 0
94 413 77 1
95 117 37 0
96 205 72 1
99 187 72 1
99 188 22 0
99 438 75 1
100 433 36 0
101 433 5 0
102 103 23 0
103 125 91 1
111 112 34 0
111 113 15 1
114 331 62 0
118 322 127 1
119 322 148 1
120 121 52 0
120 373 82 1
121 371 75 1
122 486 5 1
128 394 35 0
129 283 85 1
129 469 67 1
130 359 77 1
131 155 72 1
131 475 103 0
132 133 26 0
132 134 14 0
133 155 66 0
133 475 147 1
134 360 81 1
135 262 54 1
136 156 60 0
137 341 42 0
139 262 25 0
140 379 11 1
140 381 43 1
141 379 28 1
141 381 30 0
142 296 49 0
142 374 57 0
143 374 51 0
143 379 33 1
143 380 37 1
144 182 14 0
148 181 15 0
150 268 42 0
150 467 50 1
151 153 54 0
152 153 43 0
152 461 43 0
155 475 138 1
156 407 7 1
157 430 27 0
158 346 42 1
158 431 35 1
161 477 11 0
162 255 69 0
162 426 57 0
165 263 22 0
166 167 15 0
166 484 60 1
168 287 21 0
169 287 40 1
171 296 28 0
173 377 48 0
173 486 13 0
176 179 42 1
177 178 59 0
178 325 45 0
180 181 27 0
184 191 44 0
188 438 54 0
192 197 96 1
193 375 78 1
199 371 56 1
200 498 28 0
201 204 36 0
202 441 54 0
202 473 37 0
202 498 43 1
203 353 54 1
205 403 54 1
207 301 102 1
208 415 9 0
208 417 48 0
209 355 40 1
210 290 39 0
210 415 57 0
211 268 85 1
212 305 37 1
212 363 28 0
213 362 70 1
213 447 37 0
214 268 67 0
216 471 26 0
223 346 53 0
224 466 47 1
225 236 82 1
225 237 16 1
233 288 54 1
234 235 19 1
238 276 88 1
240 432 50 1
241 433 46 0
242 476 27 0
243 411 23 1
245 351 30 0
247 378 12 1
247 432 12 1
250 367 38 0
251 252 75 1
254 255 36 1
256 400 22 0
257 316 39 0
258 454 26 0
259 316 27 0
259 317 37 1
261 387 78 1
264 323 60 1
264 325 43 0
265 267 10 0
265 309 61 1
266 267 63 1
267 355 67 0
267 416 50 0
270 467 88 1
273 275 36 1
273 451 58 1
274 275 42 1
280 465 50 0
281 469 51 1
282 469 51 0
291 480 26 1
291 481 12 1
293 478 16 0
296 335 78 1
299 471 46 0
304 447 33 0
304 458 38 0
305 447 44 1
310 360 40 0
310 361 47 1
311 318 42 1
311 424 49 1
312 313 35 1
314 454 26 1
315 343 49 1
316 317 23 0
319 321 31 0
320 460 61 1
323 348 53 0
324 326 26 1
326 348 16 1
327 329 54 1
333 382 57 0
335 488 60 1
340 477 29 1
346 431 44 1
351 352 6 0
351 490 45 0
357 377 80 0
363 465 54 1
375 376 28 0
385 437 28 1
391 427 36 1
391 428 55 0
392 427 40 0
392 428 72 1
398 475 98 1
399 409 22 1
400 473 56 1
401 498 46 1
403 404 38 0
409 497 53 1
415 417 52 0
418 419 60 1
419 474 103 1
422 463 46 0
425 437 53 0
428 494 39 0
429 458 82 1
434 443 41 0
434 444 28 0
439 458 8 1
443 489 58 0
443 494 30 0
446 448 44 0
451 463 60 0
461 462 33 1
470 484 14 1
470 485 34 0
473 498 11 0
480 481 35 1
484 492 45 0

CENÁRIO 3
PROBABILIDADE: 5/22 = 0.227273
QTD_ARESTAS_REQUERIDAS: 548
QTD_ARESTAS_NAO_REQUERIDAS: 564
1 2 16 0
1 3 21 1
1 4 57 1
1 5 68 1
6 7 58 1
6 8 22 1
6 9 41 0
6 10 37 1
11 12 30 0
11 13 65 1
11 14 52 0
11 15 59 0
16 17 15 1
16 18 63 1
16 19 57 0
20 21 61 1
22 23 44 0
22 24 36 1
22 25 99 1
22 26 95 1
22 27 44 1
22 28 61 0
29 30 50 0
29 31 28 0
29 32 51 0
29 33 57 0
34 35 57 0
34 36 58 0
34 37 79 1
34 38 55 0
34 39 55 0
40 41 85 1
40 42 64 0
40 43 25 1
44 45 25 0
44 46 33 1
44 47 14 1
48 49 66 0
48 50 80 0
48 51 126 1
52 53 19 1
52 54 18 0
52 55 50 1
51 52 63 1
52 56 30 0
57 58 43 1
57 59 33 0
57 60 18 0
57 61 63 1
57 62 78 1
57 63 11 0
61 64 50 0
64 65 21 0
64 66 50 0
67 68 86 1
67 69 29 0
67 70 67 1
67 71 32 1
72 73 46 1
72 74 36 0
72 75 36 0
72 76 30 0
72 77 52 0
78 79 47 0
78 80 22 1
78 81 95 1
25 82 103 1
82 83 84 1
82 84 24 0
82 85 30 1
86 87 32 1
86 88 30 0
89 90 37 0
89 91 7 0
92 93 93 1
92 94 68 1
70 95 70 1
95 96 47 0
95 97 52 0
95 98 71 1
15 95 60 1
99 100 52 0
99 101 75 1
35 102 39 0
35 103 39 1
35 38 42 0
35 104 64 1
105 106 74 1
105 107 56 0
105 108 54 0
105 109 57 1
49 110 47 0
50 110 63 1
110 111 11 1
110 112 39 1
110 113 17 0
114 115 61 0
114 116 37 0
14 117 16 0
15 117 11 1
118 119 141 1
118 120 81 0
118 121 93 1
122 123 48 0
122 124 49 1
36 102 45 0
38 102 29 0
102 125 79 0
102 126 43 0
69 127 30 0
71 127 49 1
127 128 92 1
68 129 29 0
129 130 78 1
131 132 28 1
131 133 15 0
131 134 42 1
135 136 67 1
135 137 49 0
135 138 77 1
135 139 58 1
140 141 14 0
140 142 67 1
140 143 21 0
144 145 54 1
144 146 22 1
144 147 54 0
144 148 44 0
149 150 65 1
149 151 92 1
149 152 15 0
149 153 35 0
149 154 21 1
136 155 23 0
155 156 58 0
157 158 34 0
157 159 32 0
157 160 39 1
157 161 46 1
162 163 86 1
162 164 68 0
18 165 60 1
165 166 32 0
55 165 30 0
165 167 29 1
168 169 30 0
168 170 40 0
168 171 43 0
168 172 16 0
124 173 70 1
174 175 60 1
174 176 54 0
174 177 77 1
174 178 40 1
174 179 40 0
145 180 47 1
145 181 12 0
145 146 72 1
145 182 42 0
145 148 23 0
183 184 56 1
4 183 77 1
183 185 55 0
56 183 53 0
21 106 60 1
106 107 32 1
106 108 40 1
106 186 33 0
187 188 34 0
187 189 61 0
187 190 48 0
17 191 39 0
17 18 48 0
192 193 46 1
192 194 64 0
192 195 60 0
193 196 59 0
193 197 39 0
193 198 60 0
30 31 50 0
30 199 69 0
30 32 49 0
200 201 32 1
200 202 28 0
200 203 66 0
200 204 30 0
205 206 63 1
205 207 98 1
208 209 85 1
208 210 63 0
211 212 77 1
211 213 57 1
211 214 84 1
68 98 93 1
215 216 44 0
215 217 37 0
215 218 28 0
215 219 28 0
220 221 54 1
134 220 55 0
220 222 56 1
220 223 54 1
3 224 43 0
164 224 65 1
225 226 37 1
225 227 18 0
228 229 49 0
228 230 82 1
228 231 30 0
228 232 51 1
49 112 36 0
23 24 65 1
23 25 30 0
23 28 47 0
169 233 37 1
233 234 19 0
233 235 23 1
226 227 61 1
226 236 84 1
226 237 43 1
36 38 28 1
238 239 36 1
125 238 64 0
104 238 60 1
100 240 71 1
100 241 67 1
100 101 47 1
242 243 56 1
242 244 15 0
245 246 18 1
240 247 44 1
247 248 33 1
249 250 59 0
249 251 32 0
147 249 72 0
249 252 102 1
83 253 47 0
163 253 33 1
253 254 16 0
253 255 16 1
69 71 14 1
37 69 70 0
79 256 75 1
70 96 68 1
70 97 20 0
257 258 54 1
257 259 81 1
58 260 40 0
38 103 63 1
103 104 56 0
103 126 54 1
7 261 24 0
137 261 65 1
261 262 38 0
53 54 40 1
53 55 39 1
53 263 54 1
53 56 37 0
264 265 29 1
264 266 46 1
264 267 35 1
268 269 36 0
268 270 21 1
271 272 53 1
271 273 49 0
271 274 51 1
271 275 88 1
239 276 70 1
91 239 50 0
104 239 25 0
24 277 39 1
27 277 43 1
277 278 57 0
212 279 43 0
212 280 27 0
281 282 28 0
281 283 36 1
281 284 56 1
285 286 43 1
285 287 98 1
119 285 88 0
285 288 89 1
172 285 68 0
42 115 71 1
115 289 56 1
115 290 43 1
115 210 50 1
286 287 50 0
286 288 35 0
172 286 54 0
24 27 29 1
291 292 20 0
293 294 50 1
293 295 19 1
296 297 30 0
170 296 36 1
298 299 18 0
217 298 19 1
180 298 35 1
298 300 31 0
292 298 44 0
12 301 95 0
12 13 32 1
302 303 61 1
194 302 33 0
159 302 72 1
195 302 43 0
304 305 32 0
304 306 28 0
13 301 133 1
196 307 75 0
307 308 28 1
307 309 56 1
123 307 22 0
132 310 30 0
133 310 40 1
221 310 49 1
134 310 21 0
311 312 46 1
311 313 14 0
196 197 48 0
196 198 15 1
258 314 50 1
258 315 43 1
258 259 45 0
258 316 26 1
258 317 44 1
312 318 32 1
312 319 79 1
312 320 39 1
312 321 39 0
229 322 89 0
229 230 56 1
229 231 75 0
229 232 22 1
323 324 57 1
323 325 34 0
323 326 81 1
266 323 40 0
323 327 58 1
59 328 28 0
59 329 61 1
59 176 49 1
7 137 33 0
7 10 68 1
7 262 44 1
132 221 25 0
132 222 25 0
330 331 63 1
330 332 34 0
330 333 63 1
297 334 41 0
297 335 41 0
297 336 34 0
25 28 58 1
294 337 70 1
294 338 85 1
294 295 27 0
294 339 57 0
150 269 57 1
269 270 39 0
214 269 65 1
154 269 44 0
340 341 18 0
138 340 61 0
159 340 31 0
139 340 54 1
41 318 72 1
41 342 58 0
41 320 50 0
41 321 40 0
314 343 24 0
314 315 18 1
169 170 51 0
169 172 53 1
169 235 42 0
45 344 5 0
303 344 40 1
47 344 36 1
80 256 61 0
80 345 77 0
346 347 30 0
272 273 51 0
272 274 57 1
272 275 48 0
324 348 30 1
230 349 29 1
232 349 50 0
349 350 33 0
83 254 32 0
83 337 53 0
19 83 54 1
96 206 57 0
96 98 12 0
246 351 26 1
246 352 19 1
201 202 48 0
201 203 54 0
201 353 64 1
133 134 31 0
209 354 47 0
354 355 20 0
354 356 77 1
357 358 14 0
357 359 21 0
130 357 44 0
360 361 12 0
360 362 63 1
279 363 27 0
280 363 19 1
45 46 53 1
45 47 28 0
60 328 15 0
176 328 39 1
63 328 14 0
21 107 30 0
21 364 35 1
21 186 25 0
21 365 100 1
366 367 36 0
366 368 37 1
252 366 36 0
366 369 35 1
186 370 68 0
365 370 16 0
120 371 46 1
371 372 21 0
371 373 89 1
216 234 45 0
216 235 38 0
334 336 48 0
334 374 70 1
326 334 85 1
197 198 42 0
197 375 47 1
197 376 46 0
2 4 70 1
2 5 42 0
230 322 104 0
282 377 86 1
358 377 69 0
240 241 18 1
240 248 21 1
240 378 56 1
37 71 64 0
379 380 11 1
379 381 38 0
234 288 41 0
382 383 72 1
382 384 61 0
259 382 86 1
385 386 71 1
385 387 47 0
383 384 19 0
343 383 61 1
259 383 47 0
317 383 37 0
26 388 58 1
388 389 24 0
356 388 57 1
388 390 32 0
31 199 71 1
31 33 52 0
42 290 79 1
50 236 27 0
50 113 35 0
391 392 23 1
393 394 36 0
393 395 69 0
393 396 63 1
81 397 14 1
81 398 68 1
81 399 37 1
400 401 33 1
345 400 40 1
335 336 17 0
335 402 57 0
206 403 40 1
206 404 16 1
405 406 65 1
405 407 72 1
405 408 47 1
397 398 53 0
397 399 25 1
397 409 31 0
410 411 99 1
410 412 29 0
367 413 70 1
252 367 2 1
367 369 81 1
367 414 89 1
241 248 25 0
18 191 17 0
185 191 33 0
361 362 74 1
134 361 68 1
209 415 57 0
209 416 36 1
209 417 75 1
394 396 100 1
73 418 40 1
73 419 61 0
73 420 79 1
73 75 47 1
73 76 53 0
61 421 49 0
65 421 84 1
62 421 34 0
66 421 71 0
318 320 39 0
313 318 32 0
342 422 31 0
422 423 85 1
43 422 113 1
231 422 119 1
170 171 19 1
289 424 14 1
289 290 16 1
210 289 38 0
336 402 56 0
26 389 23 0
26 390 25 1
188 425 57 0
176 329 43 0
251 368 71 1
252 368 13 0
163 255 13 0
163 426 9 0
427 428 70 1
128 284 126 1
202 429 93 1
430 431 43 0
158 430 39 0
412 430 79 1
195 430 48 0
160 430 15 1
189 432 60 1
189 190 28 1
101 189 30 0
189 433 31 0
434 435 19 1
109 434 22 0
403 436 63 1
436 437 50 0
425 436 19 0
436 438 34 0
404 436 81 1
287 288 30 0
172 287 18 1
273 274 18 1
429 439 84 1
308 309 36 0
123 308 38 0
177 308 63 0
38 97 82 1
347 431 51 0
412 431 40 0
90 365 62 0
90 440 43 1
175 177 28 1
175 178 58 0
62 175 98 1
101 432 57 1
248 432 31 0
378 432 15 0
432 433 37 0
87 88 11 1
87 441 75 1
348 442 49 1
435 443 40 1
395 443 99 1
443 444 16 0
443 445 68 0
213 446 43 1
190 406 68 0
343 384 50 0
317 384 75 1
227 236 71 0
227 237 22 1
447 448 32 0
446 447 49 1
55 184 33 1
56 184 46 1
107 364 36 0
107 186 35 0
150 270 40 1
150 152 56 1
364 449 41 0
39 449 53 1
392 449 57 1
449 450 60 1
256 401 40 0
256 345 25 0
119 350 75 0
8 9 40 1
8 386 13 0
265 266 67 1
75 418 37 0
414 419 75 0
120 372 56 1
156 406 28 1
406 407 17 0
172 288 57 1
423 451 60 0
451 452 51 0
275 451 65 1
343 453 77 1
343 454 23 1
317 343 43 1
18 166 39 0
18 167 45 0
139 341 37 1
141 380 26 0
134 221 18 0
221 222 3 0
217 299 21 1
180 299 12 1
181 299 44 1
116 455 64 1
455 456 13 0
455 457 33 1
306 458 24 0
74 459 82 1
74 75 30 0
74 77 23 0
60 176 26 0
60 62 67 1
60 63 39 1
319 320 32 0
319 460 33 1
244 411 68 1
411 461 55 0
411 462 46 1
194 303 49 0
116 331 28 0
331 457 17 0
342 423 71 0
342 463 63 0
260 420 44 0
260 402 63 1
279 464 70 1
214 279 46 0
279 465 30 0
108 186 75 1
158 347 32 0
158 412 88 1
158 160 48 0
282 283 67 1
282 284 78 1
3 466 11 0
3 5 53 1
461 467 42 1
152 467 37 0
464 465 35 1
362 446 43 1
353 362 85 1
218 219 12 1
218 468 88 1
423 463 26 1
43 423 57 1
332 452 19 1
275 452 19 1
356 389 88 1
389 390 25 0
109 435 35 0
435 444 19 0
9 359 59 0
9 386 33 1
283 469 22 1
284 469 103 1
230 232 44 1
230 350 57 1
111 453 57 0
113 453 50 0
166 470 63 1
243 244 46 1
243 462 46 1
134 222 19 0
88 345 75 1
88 441 71 1
180 471 60 1
276 440 19 1
276 472 24 0
141 374 77 1
325 327 35 0
181 182 52 0
84 337 16 0
19 337 46 0
194 195 30 0
160 194 63 0
401 473 35 1
204 473 42 0
441 473 71 0
358 359 47 1
130 358 68 1
420 474 12 0
54 55 37 0
54 56 21 1
203 475 81 0
408 475 96 1
203 204 43 0
244 476 42 1
244 339 59 0
320 321 13 0
84 85 56 1
198 309 73 0
267 309 50 0
27 278 37 0
137 262 14 0
137 139 18 0
280 305 42 0
223 347 46 0
141 142 41 0
141 143 10 0
321 460 49 1
372 373 46 0
199 372 65 1
32 372 55 0
142 171 44 0
142 381 21 0
13 14 20 0
10 46 56 1
46 47 46 1
355 416 21 0
186 364 49 0
364 450 68 1
138 477 74 1
138 161 57 0
478 479 65 1
295 478 15 0
219 468 66 0
219 480 51 0
219 481 40 1
146 182 12 0
146 147 64 1
300 482 31 0
482 483 31 0
148 482 70 1
283 284 60 0
159 477 19 0
159 161 21 1
484 485 35 1
93 413 21 1
93 94 64 1
93 414 57 0
85 476 61 1
339 476 39 0
123 124 56 0
123 486 50 0
55 56 32 0
373 468 71 0
151 338 74 0
151 154 57 0
160 195 39 0
51 263 43 0
399 487 3 0
250 252 54 1
250 414 34 0
32 199 71 1
33 199 86 1
207 403 59 0
403 425 56 0
459 488 29 0
459 471 82 1
77 459 39 0
94 395 62 0
395 489 49 0
386 387 19 0
485 490 63 1
490 491 43 1
490 492 29 0
91 493 18 1
91 440 12 0
91 472 34 0
315 454 33 1
186 365 57 0
116 457 43 1
417 442 49 0
266 417 72 1
444 494 31 0
439 448 5 1
479 485 21 1
479 492 28 1
109 444 44 0
313 424 48 0
290 424 17 0
445 495 40 1
369 495 71 1
125 126 56 1
387 437 64 1
333 456 65 1
167 263 22 0
61 65 41 0
61 62 49 1
61 66 75 0
164 456 64 0
456 457 27 0
43 463 78 1
300 483 1 1
148 300 30 0
207 425 67 0
207 438 53 0
326 442 40 0
164 426 46 0
94 396 51 0
338 339 16 1
153 338 57 0
178 179 42 0
356 390 79 1
356 375 61 1
278 356 40 0
356 376 17 0
76 474 77 1
152 154 39 1
231 232 91 1
485 492 24 0
440 472 23 0
77 471 68 1
487 496 38 0
409 487 16 0
487 497 34 0
408 487 88 1
409 496 38 0
496 497 11 0
292 480 49 1
292 481 25 0
278 375 34 0
278 376 47 1
5 466 58 1
14 15 13 0
316 454 34 0
317 454 26 0
179 327 49 1
248 378 29 0
351 491 26 1
352 491 32 1
425 438 23 1
153 154 41 0
369 445 65 0
445 489 34 0
65 66 53 1
413 414 75 1
204 353 62 0
204 498 47 1
306 448 46 1
408 497 72 1
222 223 60 0
94 489 61 0
1 224 64 1
1 466 32 1
2 3 21 0
5 384 68 1
9 385 49 1
9 387 47 1
9 437 67 1
12 14 53 1
13 117 35 0
16 185 12 1
16 191 33 0
17 293 51 0
18 185 48 0
19 185 78 1
20 107 39 0
20 364 23 0
20 449 21 0
20 450 67 1
21 370 120 1
24 28 80 0
29 199 25 0
32 468 77 1
33 121 87 0
36 37 60 0
36 97 65 1
37 127 62 0
39 391 38 0
39 392 33 1
39 450 51 1
41 460 59 0
42 43 73 0
42 114 30 0
44 344 35 1
45 303 26 0
48 236 98 1
49 54 72 1
50 111 61 1
50 453 63 0
51 53 56 1
51 165 85 1
57 328 9 0
58 59 5 1
58 63 22 0
58 328 27 0
59 63 35 1
59 260 60 1
68 69 71 0
70 98 56 1
72 418 58 0
73 74 78 1
73 474 67 1
76 402 61 1
76 420 75 1
77 488 64 0
78 256 103 1
79 80 65 1
79 398 54 0
81 409 38 0
84 294 72 1
85 242 52 0
86 345 78 1
86 400 102 1
87 345 79 1
89 440 25 1
89 493 7 0
90 91 37 0
90 370 75 0
90 472 26 1
91 276 24 0
92 396 12 1
94 413 77 1
95 117 37 0
96 205 52 0
99 187 52 0
99 188 30 1
99 438 75 1
100 433 50 1
101 433 7 1
102 103 32 1
103 125 91 1
111 112 47 1
111 113 11 0
114 331 62 0
118 322 127 1
119 322 148 1
120 121 72 1
120 373 59 0
121 371 75 1
122 486 4 0
128 394 35 0
129 283 61 0
129 469 67 1
130 359 55 0
131 155 52 0
131 475 103 0
132 133 36 1
132 134 19 1
133 155 92 1
133 475 105 0
134 360 81 1
135 262 39 0
136 156 60 0
137 341 58 1
139 262 35 1
140 379 11 1
140 381 43 1
141 379 28 1
141 381 42 1
142 296 68 1
142 374 57 0
143 374 51 0
143 379 33 1
143 380 27 0
144 182 19 1
148 181 15 0
150 268 42 0
150 467 36 0
151 153 54 0
152 153 60 1
152 461 43 0
155 475 138 1
156 407 5 0
157 430 37 1
158 346 42 1
158 431 35 1
161 477 11 0
162 255 96 1
162 426 57 0
165 263 30 1
166 167 21 1
166 484 43 0
168 287 29 1
169 287 40 1
171 296 39 1
173 377 48 0
173 486 18 1
176 179 30 0
177 178 59 0
178 325 45 0
180 181 27 0
184 191 44 0
188 438 54 0
192 197 96 1
193 375 78 1
199 371 56 1
200 498 39 1
201 204 36 0
202 441 54 0
202 473 51 1
202 498 31 0
203 353 39 0
205 403 54 1
207 301 73 0
208 415 9 0
208 417 67 1
209 355 29 0
210 290 54 1
210 415 57 0
211 268 61 0
212 305 37 1
212 363 28 0
213 362 70 1
213 447 51 1
214 268 67 0
216 471 36 1
223 346 53 0
224 466 47 1
225 236 59 0
225 237 16 1
233 288 39 0
234 235 14 0
238 276 63 0
240 432 36 0
241 433 64 1
242 476 27 0
243 411 23 1
245 351 30 0
247 378 12 1
247 432 12 1
250 367 53 1
251 252 75 1
254 255 36 1
256 400 30 1
257 316 54 1
258 454 26 0
259 316 37 1
259 317 37 1
261 387 56 0
264 323 43 0
264 325 43 0
265 267 10 0
265 309 61 1
266 267 45 0
267 355 93 1
267 416 70 1
270 467 63 0
273 275 36 1
273 451 42 0
274 275 30 0
280 465 70 1
281 469 37 0
282 469 51 0
291 480 26 1
291 481 9 0
293 478 22 1
296 335 78 1
299 471 46 0
304 447 46 1
304 458 38 0
305 447 44 1
310 360 40 0
310 361 34 0
311 318 30 0
311 424 49 1
312 313 35 1
314 454 26 1
315 343 49 1
316 317 23 0
319 321 43 1
320 460 61 1
323 348 53 0
324 326 19 0
326 348 16 1
327 329 39 0
333 382 57 0
335 488 43 0
340 477 29 1
346 431 32 0
351 352 8 1
351 490 45 0
357 377 112 1
363 465 39 0
375 376 28 0
385 437 20 0
391 427 26 0
391 428 77 1
392 427 40 0
392 428 52 0
398 475 70 0
399 409 16 0
400 473 56 1
401 498 46 1
403 404 53 1
409 497 38 0
415 417 52 0
418 419 43 0
419 474 103 1
422 463 64 1
425 437 74 1
428 494 54 1
429 458 82 1
434 443 41 0
434 444 39 1
439 458 6 0
443 489 58 0
443 494 42 1
446 448 44 0
451 463 60 0
461 462 24 0
470 484 10 0
470 485 47 1
473 498 15 1
480 481 35 1
484 492 63 1

CENÁRIO 4
PROBABILIDADE: 11/98 = 0.112245
QTD_ARESTAS_REQUERIDAS: 546
QTD_ARESTAS_NAO_REQUERIDAS: 566
1 2 22 1
1 3 15 0
1 4 57 1
1 5 49 0
6 7 58 1
6 8 16 0
6 9 41 0
6 10 37 1
11 12 30 0
11 13 47 0
11 14 52 0
11 15 82 1
16 17 11 0
16 18 63 1
16 19 57 0
20 21 44 0
22 23 61 1
22 24 26 0
22 25 99 1
22 26 68 0
22 27 44 1
22 28 61 0
29 30 70 1
29 31 28 0
29 32 51 0
29 33 79 1
34 35 57 0
34 36 58 0
34 37 79 1
34 38 55 0
34 39 55 0
40 41 61 0
40 42 64 0
40 43 25 1
44 45 35 1
44 46 24 0
44 47 14 1
48 49 92 1
48 50 80 0
48 51 90 0
52 53 14 0
52 54 18 0
52 55 50 1
51 52 63 1
52 56 42 1
57 58 31 0
57 59 33 0
57 60 25 1
57 61 45 0
57 62 78 1
57 63 11 0
61 64 70 1
64 65 21 0
64 66 70 1
67 68 86 1
67 69 29 0
67 70 48 0
67 71 23 0
72 73 46 1
72 74 36 0
72 75 50 1
72 76 30 0
72 77 72 1
78 79 47 0
78 80 22 1
78 81 95 1
25 82 103 1
82 83 60 0
82 84 33 1
82 85 30 1
86 87 23 0
86 88 42 1
89 90 51 1
89 91 7 0
92 93 67 0
92 94 49 0
70 95 70 1
95 96 65 1
95 97 72 1
95 98 71 1
15 95 43 0
99 100 72 1
99 101 75 1
35 102 54 1
35 103 39 1
35 38 58 1
35 104 64 1
105 106 53 0
105 107 56 0
105 108 75 1
105 109 41 0
49 110 65 1
50 110 63 1
110 111 8 0
110 112 28 0
110 113 17 0
114 115 61 0
114 116 37 0
14 117 22 1
15 117 11 1
118 119 141 1
118 120 81 0
118 121 67 0
122 123 67 1
122 124 35 0
36 102 45 0
38 102 40 1
102 125 110 1
102 126 43 0
69 127 42 1
71 127 49 1
127 128 66 0
68 129 40 1
129 130 78 1
131 132 20 0
131 133 15 0
131 134 30 0
135 136 48 0
135 137 68 1
135 138 77 1
135 139 58 1
140 141 19 1
140 142 48 0
140 143 29 1
144 145 54 1
144 146 16 0
144 147 75 1
144 148 44 0
149 150 47 0
149 151 66 0
149 152 15 0
149 153 49 1
149 154 15 0
136 155 32 1
155 156 58 0
157 158 34 0
157 159 44 1
157 160 39 1
157 161 46 1
162 163 86 1
162 164 68 0
18 165 43 0
165 166 32 0
55 165 42 1
165 167 29 1
168 169 42 1
168 170 56 1
168 171 60 1
168 172 22 1
124 173 70 1
174 175 60 1
174 176 54 0
174 177 55 0
174 178 29 0
174 179 56 1
145 180 34 0
145 181 16 1
145 146 72 1
145 182 42 0
145 148 23 0
183 184 56 1
4 183 77 1
183 185 55 0
56 183 74 1
21 106 60 1
106 107 32 1
106 108 29 0
106 186 33 0
187 188 34 0
187 189 85 1
187 190 48 0
17 191 54 1
17 18 48 0
192 193 33 0
192 194 64 0
192 195 60 0
193 196 59 0
193 197 39 0
193 198 84 1
30 31 70 1
30 199 69 0
30 32 68 1
200 201 32 1
200 202 28 0
200 203 92 1
200 204 30 0
205 206 63 1
205 207 70 0
208 209 85 1
208 210 88 1
211 212 55 0
211 213 41 0
211 214 84 1
68 98 67 0
215 216 61 1
215 217 37 0
215 218 39 1
215 219 39 1
220 221 54 1
134 220 77 1
220 222 40 0
220 223 39 0
3 224 43 0
164 224 47 0
225 226 37 1
225 227 18 0
228 229 68 1
228 230 82 1
228 231 30 0
228 232 51 1
49 112 36 0
23 24 47 0
23 25 30 0
23 28 47 0
169 233 27 0
233 234 19 0
233 235 23 1
226 227 61 1
226 236 84 1
226 237 31 0
36 38 28 1
238 239 26 0
125 238 64 0
104 238 60 1
100 240 51 0
100 241 48 0
100 101 47 1
242 243 56 1
242 244 21 1
245 246 13 0
240 247 44 1
247 248 24 0
249 250 59 0
249 251 44 1
147 249 72 0
249 252 102 1
83 253 47 0
163 253 33 1
253 254 16 0
253 255 16 1
69 71 10 0
37 69 98 1
79 256 54 0
70 96 68 1
70 97 20 0
257 258 39 0
257 259 81 1
58 260 40 0
38 103 45 0
103 104 78 1
103 126 54 1
7 261 24 0
137 261 65 1
261 262 53 1
53 54 40 1
53 55 39 1
53 263 54 1
53 56 37 0
264 265 29 1
264 266 33 0
264 267 35 1
268 269 50 1
268 270 21 1
271 272 53 1
271 273 68 1
271 274 51 1
271 275 88 1
239 276 50 0
91 239 50 0
104 239 25 0
24 277 39 1
27 277 43 1
277 278 57 0
212 279 60 1
212 280 37 1
281 282 28 0
281 283 26 0
281 284 56 1
285 286 31 0
285 287 70 0
119 285 123 1
285 288 89 1
172 285 68 0
42 115 51 0
115 289 56 1
115 290 31 0
115 210 50 1
286 287 50 0
286 288 49 1
172 286 54 0
24 27 21 0
291 292 28 1
293 294 36 0
293 295 14 0
296 297 42 1
170 296 36 1
298 299 25 1
217 298 19 1
180 298 35 1
298 300 43 1
292 298 44 0
12 301 133 1
12 13 23 0
302 303 44 0
194 302 46 1
159 302 52 0
195 302 43 0
304 305 44 1
304 306 28 0
13 301 133 1
196 307 105 1
307 308 28 1
307 309 56 1
123 307 22 0
132 310 30 0
133 310 29 0
221 310 35 0
134 310 21 0
311 312 33 0
311 313 19 1
196 197 48 0
196 198 11 0
258 314 36 0
258 315 31 0
258 259 45 0
258 316 26 1
258 317 44 1
312 318 23 0
312 319 57 0
312 320 39 1
312 321 54 1
229 322 89 0
229 230 40 0
229 231 105 1
229 232 22 1
323 324 41 0
323 325 34 0
323 326 81 1
266 323 56 1
323 327 42 0
59 328 28 0
59 329 61 1
59 176 49 1
7 137 46 1
7 10 49 0
7 262 32 0
132 221 25 0
132 222 35 1
330 331 45 0
330 332 47 1
330 333 63 1
297 334 41 0
297 335 41 0
297 336 47 1
25 28 42 0
294 337 50 0
294 338 85 1
294 295 27 0
294 339 57 0
150 269 57 1
269 270 39 0
214 269 65 1
154 269 44 0
340 341 25 1
138 340 61 0
159 340 43 1
139 340 39 0
41 318 52 0
41 342 81 1
41 320 50 0
41 321 56 1
314 343 33 1
314 315 18 1
169 170 71 1
169 172 38 0
169 235 58 1
45 344 5 0
303 344 29 0
47 344 36 1
80 256 85 1
80 345 77 0
346 347 42 1
272 273 71 1
272 274 41 0
272 275 48 0
324 348 30 1
230 349 21 0
232 349 70 1
349 350 46 1
83 254 44 1
83 337 53 0
19 83 54 1
96 206 79 1
96 98 12 0
246 351 26 1
246 352 19 1
201 202 48 0
201 203 75 1
201 353 46 0
133 134 43 1
209 354 47 0
354 355 28 1
354 356 55 0
357 358 14 0
357 359 29 1
130 357 61 1
360 361 12 0
360 362 63 1
279 363 37 1
280 363 14 0
45 46 38 0
45 47 39 1
60 328 15 0
176 328 39 1
63 328 14 0
21 107 42 1
21 364 35 1
21 186 25 0
21 365 100 1
366 367 36 0
366 368 37 1
252 366 36 0
366 369 35 1
186 370 95 1
365 370 22 1
120 371 33 0
371 372 21 0
371 373 89 1
216 234 63 1
216 235 38 0
334 336 67 1
334 374 50 0
326 334 61 0
197 198 42 0
197 375 47 1
197 376 46 0
2 4 50 0
2 5 42 0
230 322 145 1
282 377 86 1
358 377 96 1
240 241 18 1
240 248 15 0
240 378 56 1
37 71 64 0
379 380 11 1
379 381 38 0
234 288 57 1
382 383 52 0
382 384 61 0
259 382 86 1
385 386 71 1
385 387 65 1
383 384 19 0
343 383 61 1
259 383 65 1
317 383 51 1
26 388 58 1
388 389 33 1
356 388 57 1
388 390 32 0
31 199 51 0
31 33 72 1
42 290 79 1
50 236 37 1
50 113 35 0
391 392 23 1
393 394 36 0
393 395 96 1
393 396 63 1
81 397 14 1
81 398 49 0
81 399 27 0
400 401 33 1
345 400 40 1
335 336 23 1
335 402 57 0
206 403 40 1
206 404 16 1
405 406 65 1
405 407 72 1
405 408 34 0
397 398 74 1
397 399 18 0
397 409 31 0
410 411 71 0
410 412 29 0
367 413 70 1
252 367 2 1
367 369 81 1
367 414 64 0
241 248 25 0
18 191 23 1
185 191 33 0
361 362 53 0
134 361 68 1
209 415 79 1
209 416 26 0
209 417 54 0
394 396 72 0
73 418 40 1
73 419 85 1
73 420 79 1
73 75 34 0
73 76 74 1
61 421 68 1
65 421 84 1
62 421 34 0
66 421 71 0
318 320 39 0
313 318 32 0
342 422 43 1
422 423 85 1
43 422 81 0
231 422 85 0
170 171 14 0
289 424 14 1
289 290 12 0
210 289 53 1
336 402 78 1
26 389 23 0
26 390 25 1
188 425 57 0
176 329 60 1
251 368 71 1
252 368 13 0
163 255 13 0
163 426 12 1
427 428 70 1
128 284 90 0
202 429 67 0
430 431 60 1
158 430 39 0
412 430 57 0
195 430 67 1
160 430 15 1
189 432 43 0
189 190 20 0
101 189 30 0
189 433 31 0
434 435 19 1
109 434 22 0
403 436 63 1
436 437 70 1
425 436 26 1
436 438 34 0
404 436 81 1
287 288 42 1
172 287 18 1
273 274 13 0
429 439 60 0
308 309 50 1
123 308 53 1
177 308 63 0
38 97 82 1
347 431 71 1
412 431 56 1
90 365 62 0
90 440 31 0
175 177 20 0
175 178 81 1
62 175 98 1
101 432 41 0
248 432 43 1
378 432 21 1
432 433 37 0
87 88 8 0
87 441 75 1
348 442 49 1
435 443 40 1
395 443 99 1
443 444 16 0
443 445 95 1
213 446 43 1
190 406 95 1
343 384 50 0
317 384 54 0
227 236 71 0
227 237 22 1
447 448 44 1
446 447 49 1
55 184 33 1
56 184 33 0
107 364 36 0
107 186 49 1
150 270 29 0
150 152 40 0
364 449 41 0
39 449 38 0
392 449 57 1
449 450 43 0
256 401 56 1
256 345 35 1
119 350 105 1
8 9 40 1
8 386 18 1
265 266 67 1
75 418 37 0
414 419 105 1
120 372 40 0
156 406 20 0
406 407 17 0
172 288 57 1
423 451 60 0
451 452 71 1
275 451 47 0
343 453 77 1
343 454 23 1
317 343 31 0
18 166 54 1
18 167 45 0
139 341 27 0
141 380 36 1
134 221 25 1
221 222 3 0
217 299 21 1
180 299 9 0
181 299 44 1
116 455 46 0
455 456 18 1
455 457 24 0
306 458 33 1
74 459 82 1
74 75 42 1
74 77 32 1
60 176 26 0
60 62 48 0
60 63 39 1
319 320 32 0
319 460 24 0
244 411 68 1
411 461 55 0
411 462 33 0
194 303 68 1
116 331 39 1
331 457 17 0
342 423 71 0
342 463 63 0
260 420 44 0
260 402 45 0
279 464 50 0
214 279 64 1
279 465 30 0
108 186 75 1
158 347 32 0
158 412 63 0
158 160 48 0
282 283 48 0
282 284 78 1
3 466 15 1
3 5 53 1
461 467 30 0
152 467 37 0
464 465 25 0
362 446 43 1
353 362 85 1
218 219 12 1
218 468 63 0
423 463 26 1
43 423 57 1
332 452 14 0
275 452 19 1
356 389 88 1
389 390 25 0
109 435 35 0
435 444 26 1
9 359 59 0
9 386 24 0
283 469 22 1
284 469 74 0
230 232 32 0
230 350 57 1
111 453 57 0
113 453 50 0
166 470 45 0
243 244 33 0
243 462 46 1
134 222 26 1
88 345 75 1
88 441 51 0
180 471 43 0
276 440 14 0
276 472 24 0
141 374 55 0
325 327 35 0
181 182 72 1
84 337 16 0
19 337 46 0
194 195 30 0
160 194 63 0
401 473 25 0
204 473 58 1
441 473 99 1
358 359 34 0
130 358 49 0
420 474 16 1
54 55 37 0
54 56 21 1
203 475 81 0
408 475 69 0
203 204 60 1
244 476 30 0
244 339 82 1
320 321 18 1
84 85 40 0
198 309 73 0
267 309 70 1
27 278 51 1
137 262 14 0
137 139 25 1
280 305 42 0
223 347 46 0
141 142 41 0
141 143 10 0
321 460 49 1
372 373 64 1
199 372 65 1
32 372 55 0
142 171 44 0
142 381 21 0
13 14 20 0
10 46 40 0
46 47 33 0
355 416 29 1
186 364 68 1
364 450 68 1
138 477 74 1
138 161 57 0
478 479 47 0
295 478 15 0
219 468 66 0
219 480 71 1
219 481 29 0
146 182 16 1
146 147 46 0
300 482 31 0
482 483 31 0
148 482 70 1
283 284 84 1
159 477 19 0
159 161 21 1
484 485 35 1
93 413 15 0
93 94 64 1
93 414 79 1
85 476 61 1
339 476 54 1
123 124 56 0
123 486 50 0
55 56 44 1
373 468 99 1
151 338 103 1
151 154 79 1
160 195 39 0
51 263 43 0
399 487 3 0
250 252 54 1
250 414 47 1
32 199 51 0
33 199 62 0
207 403 59 0
403 425 56 0
459 488 40 1
459 471 59 0
77 459 39 0
94 395 86 1
395 489 68 1
386 387 19 0
485 490 63 1
490 491 43 1
490 492 40 1
91 493 18 1
91 440 16 1
91 472 34 0
315 454 33 1
186 365 79 1
116 457 43 1
417 442 68 1
266 417 52 0
444 494 31 0
439 448 5 1
479 485 21 1
479 492 28 1
109 444 61 1
313 424 67 1
290 424 17 0
445 495 29 0
369 495 51 0
125 126 40 0
387 437 46 0
333 456 65 1
167 263 30 1
61 65 57 1
61 62 49 1
61 66 75 0
164 456 64 0
456 457 27 0
43 463 56 0
300 483 1 1
148 300 30 0
207 425 93 1
207 438 74 1
326 442 40 0
164 426 64 1
94 396 71 1
338 339 16 1
153 338 57 0
178 179 42 0
356 390 57 0
356 375 44 0
278 356 56 1
356 376 17 0
76 474 55 0
152 154 39 1
231 232 91 1
485 492 24 0
440 472 23 0
77 471 49 0
487 496 53 1
409 487 16 0
487 497 47 1
408 487 63 0
409 496 53 1
496 497 11 0
292 480 35 0
292 481 25 0
278 375 47 1
278 376 34 0
5 466 58 1
14 15 13 0
316 454 34 0
317 454 26 0
179 327 49 1
248 378 29 0
351 491 19 0
352 491 23 0
425 438 17 0
153 154 57 1
369 445 91 1
445 489 34 0
65 66 53 1
413 414 75 1
204 353 62 0
204 498 47 1
306 448 46 1
408 497 72 1
222 223 60 0
94 489 85 1
1 224 64 1
1 466 32 1
2 3 21 0
5 384 68 1
9 385 35 0
9 387 34 0
9 437 48 0
12 14 53 1
13 117 49 1
16 185 9 0
16 191 46 1
17 293 51 0
18 185 67 1
19 185 56 0
20 107 39 0
20 364 23 0
20 449 29 1
20 450 67 1
21 370 120 1
24 28 80 0
29 199 35 1
32 468 77 1
33 121 87 0
36 37 84 1
36 97 65 1
37 127 86 1
39 391 38 0
39 392 24 0
39 450 37 0
41 460 82 1
42 43 102 1
42 114 42 1
44 344 25 0
45 303 26 0
48 236 98 1
49 54 72 1
50 111 61 1
50 453 63 0
51 53 40 0
51 165 85 1
57 328 9 0
58 59 5 1
58 63 22 0
58 328 27 0
59 63 35 1
59 260 60 1
68 69 99 1
70 98 40 0
72 418 58 0
73 74 56 0
73 474 67 1
76 402 44 0
76 420 75 1
77 488 64 0
78 256 74 0
79 80 47 0
79 398 75 1
81 409 38 0
84 294 52 0
85 242 72 1
86 345 56 0
86 400 73 0
87 345 79 1
89 440 18 0
89 493 9 1
90 91 37 0
90 370 105 1
90 472 19 0
91 276 33 1
92 396 12 1
94 413 55 0
95 117 37 0
96 205 72 1
99 187 52 0
99 188 30 1
99 438 75 1
100 433 36 0
101 433 5 0
102 103 23 0
103 125 65 0
111 112 47 1
111 113 15 1
114 331 62 0
118 322 127 1
119 322 106 0
120 121 52 0
120 373 59 0
121 371 75 1
122 486 4 0
128 394 49 1
129 283 61 0
129 469 67 1
130 359 55 0
131 155 52 0
131 475 103 0
132 133 26 0
132 134 19 1
133 155 66 0
133 475 105 0
134 360 58 0
135 262 54 1
136 156 60 0
137 341 42 0
139 262 25 0
140 379 8 0
140 381 43 1
141 379 28 1
141 381 42 1
142 296 49 0
142 374 79 1
143 374 71 1
143 379 33 1
143 380 37 1
144 182 19 1
148 181 15 0
150 268 42 0
150 467 36 0
151 153 54 0
152 153 60 1
152 461 60 1
155 475 138 1
156 407 7 1
157 430 27 0
158 346 30 0
158 431 35 1
161 477 11 0
162 255 69 0
162 426 79 1
165 263 30 1
166 167 21 1
166 484 43 0
168 287 21 0
169 287 29 0
171 296 28 0
173 377 48 0
173 486 18 1
176 179 42 1
177 178 59 0
178 325 63 1
180 181 27 0
184 191 61 1
188 438 75 1
192 197 96 1
193 375 78 1
199 371 40 0
200 498 39 1
201 204 50 1
202 441 75 1
202 473 51 1
202 498 43 1
203 353 54 1
205 403 39 0
207 301 73 0
208 415 9 0
208 417 67 1
209 355 29 0
210 290 54 1
210 415 57 0
211 268 85 1
212 305 27 0
212 363 28 0
213 362 50 0
213 447 51 1
214 268 67 0
216 471 26 0
223 346 74 1
224 466 34 0
225 236 59 0
225 237 12 0
233 288 54 1
234 235 14 0
238 276 88 1
240 432 36 0
241 433 46 0
242 476 27 0
243 411 17 0
245 351 30 0
247 378 9 0
247 432 12 1
250 367 53 1
251 252 54 0
254 255 36 1
256 400 30 1
257 316 39 0
258 454 36 1
259 316 37 1
259 317 27 0
261 387 56 0
264 323 60 1
264 325 43 0
265 267 10 0
265 309 44 0
266 267 45 0
267 355 93 1
267 416 50 0
270 467 63 0
273 275 36 1
273 451 42 0
274 275 42 1
280 465 70 1
281 469 37 0
282 469 71 1
291 480 26 1
291 481 12 1
293 478 16 0
296 335 56 0
299 471 46 0
304 447 33 0
304 458 38 0
305 447 32 0
310 360 40 0
310 361 34 0
311 318 42 1
311 424 35 0
312 313 25 0
314 454 26 1
315 343 49 1
316 317 23 0
319 321 43 1
320 460 44 0
323 348 53 0
324 326 19 0
326 348 16 1
327 329 39 0
333 382 57 0
335 488 43 0
340 477 21 0
346 431 32 0
351 352 8 1
351 490 63 1
357 377 80 0
363 465 54 1
375 376 28 0
385 437 28 1
391 427 36 1
391 428 77 1
392 427 40 0
392 428 72 1
398 475 98 1
399 409 16 0
400 473 56 1
401 498 33 0
403 404 38 0
409 497 53 1
415 417 52 0
418 419 43 0
419 474 103 1
422 463 64 1
425 437 53 0
428 494 54 1
429 458 82 1
434 443 41 0
434 444 28 0
439 458 6 0
443 489 81 1
443 494 42 1
446 448 44 0
451 463 60 0
461 462 24 0
470 484 14 1
470 485 34 0
473 498 15 1
480 481 25 0
484 492 63 1

CENÁRIO 5
PROBABILIDADE: 199/1078 = 0.184601
QTD_ARESTAS_REQUERIDAS: 559
QTD_ARESTAS_NAO_REQUERIDAS: 553
1 2 22 1
1 3 21 1
1 4 57 1
1 5 68 1
6 7 58 1
6 8 22 1
6 9 41 0
6 10 37 1
11 12 42 1
11 13 47 0
11 14 72 1
11 15 59 0
16 17 15 1
16 18 63 1
16 19 79 1
20 21 61 1
22 23 61 1
22 24 36 1
22 25 71 0
22 26 95 1
22 27 44 1
22 28 61 0
29 30 50 0
29 31 28 0
29 32 71 1
29 33 57 0
34 35 79 1
34 36 81 1
34 37 57 0
34 38 77 1
34 39 55 0
40 41 61 0
40 42 64 0
40 43 25 1
44 45 25 0
44 46 33 1
44 47 10 0
48 49 66 0
48 50 80 0
48 51 90 0
52 53 19 1
52 54 18 0
52 55 36 0
51 52 45 0
52 56 42 1
57 58 31 0
57 59 33 0
57 60 18 0
57 61 45 0
57 62 78 1
57 63 15 1
61 64 50 0
64 65 21 0
64 66 70 1
67 68 86 1
67 69 40 1
67 70 48 0
67 71 23 0
72 73 46 1
72 74 36 0
72 75 36 0
72 76 30 0
72 77 72 1
78 79 65 1
78 80 22 1
78 81 95 1
25 82 103 1
82 83 84 1
82 84 24 0
82 85 30 1
86 87 23 0
86 88 42 1
89 90 51 1
89 91 9 1
92 93 93 1
92 94 68 1
70 95 70 1
95 96 65 1
95 97 52 0
95 98 51 0
15 95 43 0
99 100 52 0
99 101 54 0
35 102 39 0
35 103 39 1
35 38 58 1
35 104 46 0
105 106 74 1
105 107 78 1
105 108 75 1
105 109 57 1
49 110 65 1
50 110 63 1
110 111 8 0
110 112 28 0
110 113 17 0
114 115 85 1
114 116 37 0
14 117 16 0
15 117 11 1
118 119 141 1
118 120 113 1
118 121 67 0
122 123 67 1
122 124 35 0
36 102 63 1
38 102 40 1
102 125 110 1
102 126 43 0
69 127 30 0
71 127 49 1
127 128 66 0
68 129 40 1
129 130 56 0
131 132 20 0
131 133 21 1
131 134 30 0
135 136 67 1
135 137 49 0
135 138 55 0
135 139 42 0
140 141 14 0
140 142 48 0
140 143 29 1
144 145 39 0
144 146 16 0
144 147 75 1
144 148 61 1
149 150 65 1
149 151 92 1
149 152 15 0
149 153 35 0
149 154 15 0
136 155 23 0
155 156 81 1
157 158 34 0
157 159 44 1
157 160 39 1
157 161 46 1
162 163 86 1
162 164 95 1
18 165 60 1
165 166 32 0
55 165 42 1
165 167 29 1
168 169 30 0
168 170 40 0
168 171 43 0
168 172 22 1
124 173 50 0
174 175 60 1
174 176 54 0
174 177 77 1
174 178 29 0
174 179 56 1
145 180 47 1
145 181 12 0
145 146 52 0
145 182 42 0
145 148 23 0
183 184 40 0
4 183 55 0
183 185 55 0
56 183 53 0
21 106 60 1
106 107 32 1
106 108 29 0
106 186 46 1
187 188 47 1
187 189 85 1
187 190 67 1
17 191 39 0
17 18 48 0
192 193 46 1
192 194 89 1
192 195 60 0
193 196 59 0
193 197 39 0
193 198 60 0
30 31 70 1
30 199 69 0
30 32 49 0
200 201 23 0
200 202 39 1
200 203 66 0
200 204 42 1
205 206 45 0
205 207 70 0
208 209 85 1
208 210 88 1
211 212 77 1
211 213 41 0
211 214 60 0
68 98 67 0
215 216 61 1
215 217 37 0
215 218 39 1
215 219 28 0
220 221 54 1
134 220 77 1
220 222 40 0
220 223 39 0
3 224 60 1
164 224 65 1
225 226 27 0
225 227 18 0
228 229 68 1
228 230 82 1
228 231 30 0
228 232 37 0
49 112 36 0
23 24 47 0
23 25 42 1
23 28 65 1
169 233 37 1
233 234 26 1
233 235 17 0
226 227 61 1
226 236 84 1
226 237 31 0
36 38 28 1
238 239 26 0
125 238 64 0
104 238 60 1
100 240 51 0
100 241 48 0
100 101 47 1
242 243 40 0
242 244 21 1
245 246 13 0
240 247 44 1
247 248 33 1
249 250 82 1
249 251 32 0
147 249 100 1
249 252 102 1
83 253 47 0
163 253 33 1
253 254 22 1
253 255 12 0
69 71 10 0
37 69 70 0
79 256 54 0
70 96 68 1
70 97 20 0
257 258 39 0
257 259 58 0
58 260 56 1
38 103 63 1
103 104 56 0
103 126 39 0
7 261 33 1
137 261 65 1
261 262 38 0
53 54 29 0
53 55 28 0
53 263 39 0
53 56 51 1
264 265 29 1
264 266 46 1
264 267 35 1
268 269 36 0
268 270 15 0
271 272 53 1
271 273 49 0
271 274 51 1
271 275 63 0
239 276 70 1
91 239 50 0
104 239 25 0
24 277 39 1
27 277 31 0
277 278 79 1
212 279 60 1
212 280 27 0
281 282 39 1
281 283 36 1
281 284 56 1
285 286 43 1
285 287 70 0
119 285 123 1
285 288 64 0
172 285 95 1
42 115 71 1
115 289 56 1
115 290 31 0
115 210 50 1
286 287 70 1
286 288 49 1
172 286 54 0
24 27 29 1
291 292 28 1
293 294 50 1
293 295 19 1
296 297 30 0
170 296 36 1
298 299 25 1
217 298 19 1
180 298 35 1
298 300 31 0
292 298 61 1
12 301 133 1
12 13 32 1
302 303 44 0
194 302 46 1
159 302 72 1
195 302 43 0
304 305 44 1
304 306 28 0
13 301 133 1
196 307 105 1
307 308 28 1
307 309 40 0
123 307 30 1
132 310 42 1
133 310 29 0
221 310 35 0
134 310 29 1
311 312 46 1
311 313 19 1
196 197 67 1
196 198 11 0
258 314 50 1
258 315 31 0
258 259 45 0
258 316 19 0
258 317 44 1
312 318 32 1
312 319 57 0
312 320 39 1
312 321 54 1
229 322 89 0
229 230 40 0
229 231 75 0
229 232 16 0
323 324 57 1
323 325 47 1
323 326 58 0
266 323 40 0
323 327 42 0
59 328 28 0
59 329 61 1
59 176 35 0
7 137 46 1
7 10 68 1
7 262 32 0
132 221 25 0
132 222 25 0
330 331 45 0
330 332 34 0
330 333 45 0
297 334 41 0
297 335 41 0
297 336 47 1
25 28 58 1
294 337 50 0
294 338 61 0
294 295 37 1
294 339 79 1
150 269 57 1
269 270 54 1
214 269 47 0
154 269 61 1
340 341 25 1
138 340 85 1
159 340 43 1
139 340 54 1
41 318 52 0
41 342 58 0
41 320 50 0
41 321 40 0
314 343 33 1
314 315 13 0
169 170 71 1
169 172 53 1
169 235 58 1
45 344 5 0
303 344 40 1
47 344 36 1
80 256 61 0
80 345 107 1
346 347 42 1
272 273 71 1
272 274 57 1
272 275 67 1
324 348 30 1
230 349 29 1
232 349 50 0
349 350 46 1
83 254 44 1
83 337 74 1
19 83 54 1
96 206 79 1
96 98 12 0
246 351 19 0
246 352 19 1
201 202 67 1
201 203 54 0
201 353 64 1
133 134 43 1
209 354 47 0
354 355 20 0
354 356 77 1
357 358 19 1
357 359 29 1
130 357 44 0
360 361 12 0
360 362 63 1
279 363 37 1
280 363 19 1
45 46 38 0
45 47 39 1
60 328 15 0
176 328 39 1
63 328 14 0
21 107 42 1
21 364 25 0
21 186 25 0
21 365 72 0
366 367 50 1
366 368 27 0
252 366 50 1
366 369 25 0
186 370 95 1
365 370 16 0
120 371 46 1
371 372 29 1
371 373 89 1
216 234 63 1
216 235 38 0
334 336 67 1
334 374 50 0
326 334 85 1
197 198 42 0
197 375 47 1
197 376 64 1
2 4 50 0
2 5 42 0
230 322 145 1
282 377 62 0
358 377 96 1
240 241 13 0
240 248 21 1
240 378 40 0
37 71 89 1
379 380 8 0
379 381 53 1
234 288 57 1
382 383 72 1
382 384 85 1
259 382 86 1
385 386 71 1
385 387 65 1
383 384 26 1
343 383 61 1
259 383 47 0
317 383 37 0
26 388 58 1
388 389 24 0
356 388 41 0
388 390 32 0
31 199 51 0
31 33 52 0
42 290 57 0
50 236 27 0
50 113 35 0
391 392 23 1
393 394 36 0
393 395 96 1
393 396 45 0
81 397 14 1
81 398 49 0
81 399 37 1
400 401 33 1
345 400 29 0
335 336 23 1
335 402 79 1
206 403 29 0
206 404 12 0
405 406 65 1
405 407 52 0
405 408 34 0
397 398 74 1
397 399 18 0
397 409 43 1
410 411 71 0
410 412 40 1
367 413 70 1
252 367 2 0
367 369 58 0
367 414 89 1
241 248 25 0
18 191 23 1
185 191 33 0
361 362 74 1
134 361 68 1
209 415 57 0
209 416 26 0
209 417 54 0
394 396 100 1
73 418 40 1
73 419 61 0
73 420 57 0
73 75 47 1
73 76 74 1
61 421 49 0
65 421 60 0
62 421 47 1
66 421 71 0
318 320 39 0
313 318 32 0
342 422 31 0
422 423 61 0
43 422 113 1
231 422 85 0
170 171 19 1
289 424 14 1
289 290 16 1
210 289 53 1
336 402 56 0
26 389 23 0
26 390 25 1
188 425 79 1
176 329 60 1
251 368 71 1
252 368 18 1
163 255 13 0
163 426 12 1
427 428 50 0
128 284 90 0
202 429 67 0
430 431 60 1
158 430 39 0
412 430 79 1
195 430 48 0
160 430 11 0
189 432 60 1
189 190 28 1
101 189 42 1
189 433 43 1
434 435 19 1
109 434 22 0
403 436 45 0
436 437 70 1
425 436 26 1
436 438 34 0
404 436 58 0
287 288 42 1
172 287 18 1
273 274 13 0
429 439 84 1
308 309 50 1
123 308 53 1
177 308 88 1
38 97 82 1
347 431 51 0
412 431 56 1
90 365 86 1
90 440 31 0
175 177 28 1
175 178 81 1
62 175 70 0
101 432 57 1
248 432 31 0
378 432 21 1
432 433 51 1
87 88 11 1
87 441 54 0
348 442 49 1
435 443 40 1
395 443 71 0
443 444 22 1
443 445 68 0
213 446 31 0
190 406 95 1
343 384 70 1
317 384 54 0
227 236 71 0
227 237 22 1
447 448 44 1
446 447 35 0
55 184 24 0
56 184 46 1
107 364 36 0
107 186 35 0
150 270 40 1
150 152 56 1
364 449 41 0
39 449 38 0
392 449 57 1
449 450 60 1
256 401 40 0
256 345 35 1
119 350 105 1
8 9 29 0
8 386 18 1
265 266 48 0
75 418 51 1
414 419 75 0
120 372 40 0
156 406 20 0
406 407 23 1
172 288 57 1
423 451 60 0
451 452 51 0
275 451 65 1
343 453 77 1
343 454 23 1
317 343 31 0
18 166 39 0
18 167 45 0
139 341 37 1
141 380 26 0
134 221 25 1
221 222 4 1
217 299 15 0
180 299 9 0
181 299 32 0
116 455 46 0
455 456 18 1
455 457 24 0
306 458 33 1
74 459 59 0
74 75 30 0
74 77 23 0
60 176 36 1
60 62 67 1
60 63 28 0
319 320 32 0
319 460 24 0
244 411 49 0
411 461 77 1
411 462 33 0
194 303 49 0
116 331 39 1
331 457 17 0
342 423 99 1
342 463 63 0
260 420 44 0
260 402 45 0
279 464 70 1
214 279 46 0
279 465 30 0
108 186 75 1
158 347 44 1
158 412 63 0
158 160 67 1
282 283 48 0
282 284 78 1
3 466 11 0
3 5 38 0
461 467 30 0
152 467 51 1
464 465 25 0
362 446 31 0
353 362 85 1
218 219 12 1
218 468 63 0
423 463 19 0
43 423 57 1
332 452 19 1
275 452 14 0
356 389 88 1
389 390 25 0
109 435 35 0
435 444 26 1
9 359 59 0
9 386 24 0
283 469 22 1
284 469 103 1
230 232 44 1
230 350 57 1
111 453 79 1
113 453 70 1
166 470 63 1
243 244 33 0
243 462 33 0
134 222 19 0
88 345 54 0
88 441 51 0
180 471 60 1
276 440 14 0
276 472 24 0
141 374 77 1
325 327 35 0
181 182 52 0
84 337 22 1
19 337 46 0
194 195 42 1
160 194 88 1
401 473 25 0
204 473 58 1
441 473 71 0
358 359 34 0
130 358 49 0
420 474 12 0
54 55 37 0
54 56 21 1
203 475 81 0
408 475 69 0
203 204 60 1
244 476 30 0
244 339 82 1
320 321 13 0
84 85 40 0
198 309 102 1
267 309 70 1
27 278 51 1
137 262 14 0
137 139 25 1
280 305 42 0
223 347 46 0
141 142 57 1
141 143 10 0
321 460 35 0
372 373 46 0
199 372 47 0
32 372 77 1
142 171 61 1
142 381 21 0
13 14 20 0
10 46 40 0
46 47 33 0
355 416 21 0
186 364 68 1
364 450 49 0
138 477 53 0
138 161 57 0
478 479 65 1
295 478 15 0
219 468 66 0
219 480 71 1
219 481 40 1
146 182 12 0
146 147 46 0
300 482 43 1
482 483 31 0
148 482 70 1
283 284 84 1
159 477 26 1
159 161 15 0
484 485 25 0
93 413 21 1
93 94 64 1
93 414 79 1
85 476 44 0
339 476 54 1
123 124 78 1
123 486 70 1
55 56 44 1
373 468 99 1
151 338 103 1
151 154 79 1
160 195 54 1
51 263 43 0
399 487 4 1
250 252 39 0
250 414 34 0
32 199 51 0
33 199 62 0
207 403 59 0
403 425 78 1
459 488 40 1
459 471 82 1
77 459 54 1
94 395 62 0
395 489 49 0
386 387 26 1
485 490 45 0
490 491 43 1
490 492 29 0
91 493 18 1
91 440 16 1
91 472 34 0
315 454 33 1
186 365 79 1
116 457 43 1
417 442 68 1
266 417 52 0
444 494 43 1
439 448 4 0
479 485 15 0
479 492 20 0
109 444 44 0
313 424 67 1
290 424 17 0
445 495 29 0
369 495 71 1
125 126 56 1
387 437 64 1
333 456 47 0
167 263 30 1
61 65 57 1
61 62 49 1
61 66 75 0
164 456 89 1
456 457 27 0
43 463 78 1
300 483 1 0
148 300 30 0
207 425 93 1
207 438 53 0
326 442 40 0
164 426 46 0
94 396 51 0
338 339 12 0
153 338 57 0
178 179 42 0
356 390 79 1
356 375 44 0
278 356 40 0
356 376 23 1
76 474 77 1
152 154 39 1
231 232 91 1
485 492 24 0
440 472 23 0
77 471 68 1
487 496 53 1
409 487 16 0
487 497 34 0
408 487 88 1
409 496 38 0
496 497 15 1
292 480 35 0
292 481 25 0
278 375 34 0
278 376 47 1
5 466 58 1
14 15 13 0
316 454 34 0
317 454 26 0
179 327 35 0
248 378 29 0
351 491 26 1
352 491 23 0
425 438 23 1
153 154 41 0
369 445 91 1
445 489 47 1
65 66 38 0
413 414 75 1
204 353 86 1
204 498 47 1
306 448 33 0
408 497 52 0
222 223 60 0
94 489 85 1
1 224 46 0
1 466 32 1
2 3 29 1
5 384 68 1
9 385 35 0
9 387 34 0
9 437 48 0
12 14 38 0
13 117 49 1
16 185 9 0
16 191 33 0
17 293 71 1
18 185 67 1
19 185 56 0
20 107 39 0
20 364 32 1
20 449 29 1
20 450 48 0
21 370 86 0
24 28 80 0
29 199 35 1
32 468 55 0
33 121 121 1
36 37 60 0
36 97 65 1
37 127 62 0
39 391 53 1
39 392 24 0
39 450 37 0
41 460 82 1
42 43 102 1
42 114 42 1
44 344 35 1
45 303 36 1
48 236 70 0
49 54 72 1
50 111 61 1
50 453 63 0
51 53 40 0
51 165 85 1
57 328 12 1
58 59 4 0
58 63 30 1
58 328 37 1
59 63 25 0
59 260 43 0
68 69 71 0
70 98 40 0
72 418 58 0
73 74 56 0
73 474 67 1
76 402 61 1
76 420 54 0
77 488 89 1
78 256 103 1
79 80 47 0
79 398 75 1
81 409 38 0
84 294 72 1
85 242 72 1
86 345 56 0
86 400 102 1
87 345 57 0
89 440 18 0
89 493 9 1
90 91 37 0
90 370 75 0
90 472 26 1
91 276 24 0
92 396 12 1
94 413 77 1
95 117 51 1
96 205 52 0
99 187 52 0
99 188 30 1
99 438 75 1
100 433 50 1
101 433 7 1
102 103 32 1
103 125 91 1
111 112 34 0
111 113 15 1
114 331 86 1
118 322 91 0
119 322 106 0
120 121 52 0
120 373 59 0
121 371 75 1
122 486 4 0
128 394 49 1
129 283 61 0
129 469 67 1
130 359 77 1
131 155 72 1
131 475 144 1
132 133 26 0
132 134 14 0
133 155 66 0
133 475 105 0
134 360 81 1
135 262 54 1
136 156 84 1
137 341 58 1
139 262 25 0
140 379 8 0
140 381 43 1
141 379 20 0
141 381 42 1
142 296 68 1
142 374 57 0
143 374 71 1
143 379 33 1
143 380 37 1
144 182 19 1
148 181 15 0
150 268 58 1
150 467 36 0
151 153 75 1
152 153 60 1
152 461 43 0
155 475 99 0
156 407 7 1
157 430 27 0
158 346 30 0
158 431 25 0
161 477 11 0
162 255 69 0
162 426 57 0
165 263 30 1
166 167 21 1
166 484 43 0
168 287 29 1
169 287 40 1
171 296 39 1
173 377 48 0
173 486 18 1
176 179 30 0
177 178 59 0
178 325 45 0
180 181 27 0
184 191 61 1
188 438 54 0
192 197 69 0
193 375 78 1
199 371 40 0
200 498 39 1
201 204 50 1
202 441 75 1
202 473 37 0
202 498 43 1
203 353 54 1
205 403 39 0
207 301 73 0
208 415 12 1
208 417 67 1
209 355 40 1
210 290 39 0
210 415 79 1
211 268 85 1
212 305 27 0
212 363 28 0
213 362 50 0
213 447 37 0
214 268 93 1
216 471 26 0
223 346 74 1
224 466 34 0
225 236 59 0
225 237 12 0
233 288 54 1
234 235 19 1
238 276 63 0
240 432 36 0
241 433 64 1
242 476 27 0
243 411 17 0
245 351 42 1
247 378 12 1
247 432 12 1
250 367 53 1
251 252 75 1
254 255 36 1
256 400 22 0
257 316 39 0
258 454 26 0
259 316 27 0
259 317 27 0
261 387 78 1
264 323 43 0
264 325 43 0
265 267 14 1
265 309 61 1
266 267 45 0
267 355 67 0
267 416 50 0
270 467 63 0
273 275 36 1
273 451 58 1
274 275 42 1
280 465 50 0
281 469 37 0
282 469 71 1
291 480 26 1
291 481 9 0
293 478 22 1
296 335 78 1
299 471 46 0
304 447 46 1
304 458 38 0
305 447 32 0
310 360 40 0
310 361 47 1
311 318 30 0
311 424 35 0
312 313 35 1
314 454 19 0
315 343 35 0
316 317 23 0
319 321 31 0
320 460 44 0
323 348 74 1
324 326 19 0
326 348 12 0
327 329 39 0
333 382 57 0
335 488 43 0
340 477 21 0
346 431 44 1
351 352 6 0
351 490 45 0
357 377 112 1
363 465 54 1
375 376 39 1
385 437 28 1
391 427 36 1
391 428 55 0
392 427 40 0
392 428 52 0
398 475 98 1
399 409 16 0
400 473 40 0
401 498 46 1
403 404 38 0
409 497 53 1
415 417 52 0
418 419 43 0
419 474 103 1
422 463 64 1
425 437 74 1
428 494 54 1
429 458 59 0
434 443 41 0
434 444 28 0
439 458 6 0
443 489 81 1
443 494 30 0
446 448 44 0
451 463 84 1
461 462 33 1
470 484 10 0
470 485 34 0
473 498 11 0
480 481 35 1
484 492 63 1

