NUMERO_DE_VERTICES: 476
NUMERO_DE_ARESTAS: 1104
NUMERO_DE_CENARIOS: 5
INFLACAO: 60 %
PRIMEIRO ESTÁGIO:
1 2 62
1 3 43
4 5 22
4 6 47
7 8 60
7 9 56
7 10 82
7 11 58
12 13 48
12 14 30
12 15 59
16 17 46
16 18 35
19 20 52
19 21 35
19 22 45
19 23 50
24 25 45
24 26 51
27 28 24
29 30 47
29 31 60
29 32 38
33 34 32
33 35 33
33 36 28
33 37 67
38 39 54
38 40 49
38 41 16
42 43 30
44 45 66
46 47 48
46 48 31
46 49 22
46 50 22
51 52 51
51 53 25
51 54 37
55 56 59
55 57 58
58 59 25
58 60 40
58 61 62
62 63 41
62 64 45
62 65 14
66 67 35
66 68 29
39 69 8
39 41 43
39 70 38
71 72 49
73 74 13
73 75 48
76 77 41
76 78 31
76 79 32
80 81 38
82 83 53
82 84 43
82 85 43
86 87 24
86 88 38
86 89 47
86 90 41
59 91 60
59 60 32
92 93 50
94 95 27
94 96 51
97 98 1
97 99 33
100 101 61
43 102 42
43 103 19
104 105 38
104 106 44
104 107 46
108 109 39
34 110 49
111 112 5
111 113 35
111 114 44
115 116 46
117 118 62
117 119 29
117 120 42
117 121 71
117 122 56
123 124 31
123 125 39
126 127 33
128 129 20
128 130 15
128 131 34
128 132 25
133 134 36
133 135 11
133 136 58
137 138 57
137 139 25
140 141 49
140 142 81
140 143 44
140 144 96
145 146 55
90 145 36
147 148 71
147 149 47
56 150 49
150 151 23
150 152 37
28 153 48
28 154 54
17 155 17
156 157 36
158 159 33
158 160 8
158 161 42
158 162 18
163 164 65
40 69 37
40 165 51
40 70 32
159 160 34
159 166 51
159 167 33
159 161 25
159 168 71
56 169 69
170 171 40
170 172 23
170 173 7
170 174 33
157 175 30
176 177 52
178 179 20
180 181 18
182 183 22
182 184 24
185 186 48
157 187 66
157 188 36
189 190 64
189 191 38
47 192 40
49 192 37
193 194 5
169 195 48
119 196 27
197 198 64
10 197 50
199 200 38
199 201 24
202 203 32
202 204 19
136 202 49
205 206 37
207 208 26
207 209 1
207 210 20
211 212 47
32 211 48
213 214 41
213 215 44
91 216 58
116 217 38
218 219 64
52 218 50
218 220 25
218 221 23
183 222 48
183 223 28
183 224 43
225 226 28
225 227 10
228 229 17
228 230 22
231 232 33
107 231 17
233 234 1
233 235 21
236 237 18
236 238 80
83 124 48
83 84 21
200 239 31
239 240 21
239 241 6
239 242 46
124 125 55
124 243 57
244 245 42
95 246 51
96 246 31
247 248 25
247 249 39
247 250 33
247 251 47
252 253 48
254 255 51
254 256 22
254 257 24
258 259 32
165 260 58
165 261 63
25 262 110
160 262 118
166 262 91
262 263 43
3 264 67
261 264 71
264 265 72
266 267 71
222 268 46
222 269 47
232 270 63
155 270 50
142 234 55
177 271 61
25 272 39
272 273 57
274 275 78
216 274 6
242 274 36
130 276 41
130 277 46
105 278 44
127 279 22
279 280 28
186 279 32
279 281 48
279 282 16
109 219 50
120 283 39
284 285 44
284 286 56
284 287 9
84 288 62
84 289 62
84 243 51
290 291 6
290 292 51
290 293 49
294 295 49
294 296 52
294 297 31
64 65 43
64 191 62
275 298 41
216 298 53
242 298 31
14 45 71
60 299 39
60 300 40
255 301 34
255 257 30
107 232 49
302 303 11
151 152 15
198 304 25
65 305 56
65 78 33
135 306 26
113 306 49
22 307 47
285 308 32
285 287 36
285 309 31
203 310 25
203 204 24
203 311 29
131 312 26
313 314 77
54 313 60
144 313 52
310 315 49
214 316 53
316 317 53
318 319 25
318 320 35
8 321 37
8 11 11
57 322 46
118 119 46
118 323 55
79 291 40
291 324 54
303 325 40
110 326 16
326 327 57
328 329 51
328 330 31
190 328 28
328 331 21
77 305 61
77 78 31
77 79 39
332 333 30
88 332 25
89 332 41
334 335 16
334 336 16
20 269 32
61 337 30
338 339 48
5 338 51
110 187 57
35 110 38
308 340 30
308 341 27
287 308 17
275 342 62
343 344 77
99 345 44
345 346 50
301 347 75
348 349 45
350 351 61
208 296 57
208 352 16
208 210 7
351 353 25
353 354 44
248 355 41
248 250 43
87 146 43
206 356 18
356 357 17
356 358 24
190 359 52
359 360 63
191 359 53
95 361 52
259 362 9
259 363 21
220 314 37
54 314 48
364 365 34
366 367 54
327 366 11
67 68 47
181 368 74
181 369 42
278 370 35
371 372 19
194 371 24
371 373 25
371 374 20
375 376 81
281 375 56
375 377 48
373 378 24
89 378 46
378 379 27
223 380 41
25 381 70
162 381 21
340 341 33
179 245 24
57 382 48
383 384 48
368 383 24
164 383 29
385 386 34
344 387 51
297 344 58
344 388 67
102 292 44
292 293 10
386 389 65
386 390 92
386 391 94
226 227 35
102 226 41
226 319 9
2 256 44
2 48 51
2 257 52
2 50 36
392 393 10
370 392 16
21 394 16
395 396 29
148 395 74
335 336 31
30 397 42
30 361 39
30 32 83
195 398 47
376 399 48
399 400 69
15 399 56
184 268 51
401 402 15
401 403 75
144 401 71
229 230 37
229 404 13
22 23 19
22 405 42
22 406 15
127 186 13
127 407 48
25 26 68
25 263 71
41 379 44
295 297 22
295 388 57
330 408 36
190 408 21
409 410 14
409 411 34
323 409 46
372 374 23
200 241 33
119 122 45
238 240 57
88 412 18
393 413 29
393 414 38
3 139 44
3 415 8
416 417 36
224 416 24
418 419 50
223 418 27
420 421 70
177 367 63
177 422 51
400 423 26
74 424 57
424 425 14
160 166 32
160 161 37
160 162 25
68 426 47
410 427 43
227 319 27
227 273 39
23 405 33
23 406 31
52 220 47
52 428 24
52 429 57
15 376 55
376 377 52
390 391 11
299 300 10
139 299 46
48 299 35
417 419 17
224 417 43
411 430 16
112 431 3
112 113 31
432 433 27
432 434 16
346 432 9
18 435 37
125 269 45
186 280 33
280 282 17
50 300 46
74 186 47
172 173 19
194 374 9
361 397 4
281 282 47
78 436 28
373 379 11
277 351 101
206 357 18
206 437 9
357 437 17
398 438 71
311 439 68
256 257 44
440 441 8
99 442 49
99 253 25
261 443 23
53 428 29
220 221 3
10 174 50
444 445 21
444 446 47
309 447 12
327 426 37
107 448 52
152 448 47
237 449 35
148 237 27
249 450 41
26 451 31
26 273 50
452 453 31
384 454 56
61 407 62
309 341 33
201 217 40
201 242 51
329 355 51
93 317 17
47 311 38
309 323 37
122 323 48
139 415 45
358 398 61
257 301 55
85 455 33
81 456 21
81 414 45
96 352 60
453 457 51
167 168 83
132 458 13
267 458 31
405 451 49
74 425 56
459 460 89
121 459 54
461 462 26
461 463 73
325 464 19
31 361 37
31 304 64
309 427 20
342 421 38
109 465 62
109 466 39
456 467 78
404 456 54
273 462 36
450 468 53
251 450 31
79 324 45
238 469 37
238 449 35
238 468 53
142 235 43
54 428 52
215 464 24
48 49 39
190 330 27
330 331 50
355 470 45
250 355 43
37 471 83
49 50 41
120 430 54
191 360 33
472 473 30
468 469 36
370 414 42
269 406 42
406 473 50
324 470 40
470 474 56
293 470 43
57 430 36
346 433 29
72 391 59
6 339 20
223 419 48
164 368 49
436 474 52
449 468 50
103 475 39
403 460 96
428 429 36
396 455 57
75 425 23
243 475 40
148 149 73
121 460 57
90 412 49
358 437 45
136 369 51
143 476 81
15 377 61
1 265 28
1 301 66
1 415 38
2 254 48
3 137 50
3 265 49
4 338 59
5 6 29
5 339 30
6 338 29
8 9 9
8 211 96
8 212 111
9 10 66
9 11 19
9 211 102
9 212 117
9 321 38
10 172 54
11 211 98
11 212 113
11 321 45
12 44 44
12 45 43
13 14 19
13 153 22
13 154 34
13 399 65
14 44 35
14 153 39
15 375 49
16 106 48
16 107 55
17 73 84
17 441 57
18 106 28
18 107 49
19 405 31
20 123 52
20 125 18
21 103 41
23 307 33
23 451 71
23 472 46
24 272 69
24 451 37
26 405 58
27 44 41
27 67 9
27 68 52
28 44 46
28 67 31
29 211 44
29 212 70
30 31 51
30 37 117
30 367 146
31 397 35
32 212 41
33 471 20
34 35 15
34 36 12
34 471 35
35 36 25
35 326 47
35 471 43
36 471 24
37 95 99
37 367 61
38 69 53
39 40 30
39 233 36
40 41 48
40 261 93
40 443 101
41 69 41
42 103 23
42 394 44
42 475 30
43 320 38
43 475 27
44 66 44
44 67 36
45 100 52
46 192 20
47 49 46
48 50 21
48 300 26
49 439 52
50 192 33
51 428 38
52 53 51
52 54 47
52 221 48
52 314 26
53 429 37
55 286 55
55 322 46
55 382 37
56 444 49
56 445 36
57 446 37
58 91 47
58 337 47
58 439 69
59 439 48
62 305 45
63 65 29
63 77 28
63 78 5
63 305 73
64 360 60
65 77 42
66 100 62
69 70 45
69 233 35
69 371 77
69 373 76
69 379 68
70 228 172
70 229 164
70 235 38
70 336 216
70 435 208
71 386 46
71 390 53
71 391 59
72 386 48
72 390 62
73 126 30
73 155 69
73 280 42
73 441 100
74 75 36
74 126 34
75 185 33
75 407 54
75 424 30
76 324 20
76 436 12
80 120 105
80 283 93
80 414 54
80 456 50
81 413 37
82 215 47
82 288 22
83 243 52
85 288 22
85 396 71
85 464 65
86 146 59
86 332 26
86 412 22
87 90 25
87 145 46
87 412 42
88 333 13
89 372 48
91 274 54
91 337 34
92 156 25
92 327 41
92 426 48
93 157 51
93 188 26
94 246 50
94 422 35
95 367 128
95 422 50
96 198 116
96 304 93
97 253 32
98 99 33
98 252 19
98 442 34
99 252 36
100 325 89
101 325 31
102 318 33
102 320 29
103 320 29
103 394 31
104 278 54
105 151 44
105 152 31
106 107 23
108 465 31
108 466 48
110 175 40
112 114 48
113 347 68
113 431 32
114 431 48
115 359 78
115 442 78
116 199 60
116 201 55
116 454 72
117 196 36
117 459 47
118 122 10
120 411 43
120 414 100
121 196 64
123 222 37
123 269 82
126 186 26
126 280 15
126 282 30
127 282 32
128 267 38
129 130 16
129 131 48
129 132 27
129 267 52
129 277 45
129 350 53
129 458 39
130 131 33
130 132 36
130 312 51
132 267 30
132 350 57
133 306 26
133 315 20
134 136 26
134 202 30
134 310 42
135 315 11
137 415 55
138 264 32
138 452 47
138 457 59
140 467 26
141 143 11
141 467 24
141 476 82
142 228 169
142 229 161
142 334 227
142 336 213
142 435 205
143 467 23
144 402 66
146 378 61
147 279 71
147 281 62
148 236 15
149 395 13
150 444 26
150 445 14
151 444 45
153 154 13
155 441 45
156 188 2
158 167 30
158 381 31
159 463 52
160 381 33
161 166 34
162 167 27
163 181 37
163 369 64
163 421 70
164 384 24
165 443 76
165 452 53
165 453 49
166 263 91
167 461 32
167 463 56
168 305 77
168 463 29
169 286 62
169 438 17
170 344 34
171 173 46
171 174 44
171 344 27
172 174 38
172 197 6
173 174 38
173 344 37
174 197 42
175 187 46
175 326 39
176 366 50
176 367 40
176 426 42
178 245 6
178 266 32
179 244 58
179 266 30
179 368 54
179 383 65
180 312 62
180 368 71
180 369 46
182 223 7
182 419 48
183 184 6
184 214 59
184 223 29
185 407 23
185 425 40
186 407 45
187 326 68
188 317 42
189 359 52
189 360 15
192 256 31
192 315 104
193 371 27
193 372 31
193 374 9
194 372 31
195 358 35
195 423 80
195 438 38
196 459 15
198 246 105
198 294 53
199 217 59
199 239 54
199 240 56
200 240 21
202 310 23
204 310 32
204 421 57
205 207 30
205 209 30
205 271 46
205 348 30
205 349 22
206 271 46
206 349 43
206 358 41
207 348 9
208 209 26
208 348 19
210 348 16
210 352 22
211 321 77
212 321 92
213 302 34
213 303 33
213 316 45
214 268 35
215 288 57
215 303 36
216 242 36
217 342 77
217 420 57
217 454 77
218 314 28
219 466 20
221 314 36
224 473 76
225 273 39
225 318 24
225 319 22
225 461 39
225 462 28
226 318 22
227 461 30
227 462 19
228 235 167
228 334 182
228 336 168
228 404 5
228 435 160
228 456 53
229 235 159
229 334 174
229 336 160
229 435 152
230 278 62
230 370 87
230 393 84
230 456 53
231 448 46
232 423 81
232 448 37
234 235 21
235 334 225
235 336 211
235 435 203
237 238 65
240 241 18
244 434 58
246 304 82
246 361 36
246 397 33
248 249 49
249 251 11
250 293 37
250 470 25
251 289 22
252 442 16
254 315 91
255 347 54
256 315 88
257 347 76
258 362 24
258 363 39
258 443 85
259 389 38
260 452 41
260 453 11
260 457 48
263 272 94
264 452 35
265 415 48
270 376 45
270 400 71
270 440 9
270 441 13
271 349 27
271 422 40
272 381 37
274 298 50
276 277 30
276 312 43
276 365 19
277 354 118
277 365 41
278 393 36
281 377 53
283 411 19
283 414 88
283 430 17
283 446 55
284 308 25
284 340 36
285 322 42
285 323 43
285 382 44
285 427 24
285 447 25
286 438 68
287 340 36
288 455 49
289 450 27
294 304 66
295 387 34
296 352 50
297 387 48
302 316 30
302 464 41
303 464 31
306 431 36
307 472 28
308 447 26
310 311 38
312 365 49
313 465 61
320 394 30
322 382 10
323 410 35
323 427 22
324 436 19
324 474 48
328 408 14
329 330 25
331 408 30
331 469 64
332 412 24
333 412 11
334 435 41
334 457 39
335 435 53
335 457 44
336 435 27
336 457 48
338 364 174
338 365 197
341 447 25
342 420 51
343 388 19
345 433 42
348 352 28
350 353 38
350 458 56
351 354 20
355 474 37
356 437 25
357 358 29
362 363 20
363 385 36
363 386 51
363 389 52
366 426 38
370 393 8
371 379 30
372 373 31
372 378 47
376 440 37
376 441 39
380 418 30
380 419 26
387 388 26
392 413 20
392 414 29
398 400 48
398 423 36
401 476 67
402 403 71
402 476 60
403 476 19
406 472 46
409 430 47
410 411 44
413 414 20
416 473 60
420 454 36
427 447 26
430 446 50
433 434 33
449 469 58
460 476 96
465 466 49
CENÁRIO 1
PROBABILIDADE: 29/354 = 0.0819209
QTD_ARESTAS_REQUERIDAS: 587
QTD_ARESTAS_NAO_REQUERIDAS: 517
1 2 99 1
1 3 43 0
4 5 22 0
4 6 75 1
7 8 60 0
7 9 89 1
7 10 131 1
7 11 58 0
12 13 76 1
12 14 48 1
12 15 59 0
16 17 46 0
16 18 35 0
19 20 83 1
19 21 35 0
19 22 72 1
19 23 80 1
24 25 45 0
24 26 81 1
27 28 24 0
29 30 47 0
29 31 60 0
29 32 38 0
33 34 32 0
33 35 33 0
33 36 28 0
33 37 107 1
38 39 54 0
38 40 49 0
38 41 25 1
42 43 48 1
44 45 105 1
46 47 76 1
46 48 31 0
46 49 35 1
46 50 35 1
51 52 51 0
51 53 25 0
51 54 37 0
55 56 94 1
55 57 58 0
58 59 25 0
58 60 64 1
58 61 99 1
62 63 41 0
62 64 45 0
62 65 14 0
66 67 35 0
66 68 46 1
39 69 8 0
39 41 43 0
39 70 60 1
71 72 49 0
73 74 20 1
73 75 48 0
76 77 65 1
76 78 31 0
76 79 51 1
80 81 60 1
82 83 53 0
82 84 68 1
82 85 68 1
86 87 38 1
86 88 60 1
86 89 75 1
86 90 41 0
59 91 60 0
59 60 51 1
92 93 50 0
94 95 27 0
94 96 81 1
97 98 1 1
97 99 52 1
100 101 61 0
43 102 67 1
43 103 30 1
104 105 60 1
104 106 44 0
104 107 46 0
108 109 62 1
34 110 49 0
111 112 5 0
111 113 35 0
111 114 70 1
115 116 73 1
117 118 99 1
117 119 46 1
117 120 67 1
117 121 113 1
117 122 56 0
123 124 31 0
123 125 39 0
126 127 52 1
128 129 20 0
128 130 24 1
128 131 54 1
128 132 40 1
133 134 57 1
133 135 11 0
133 136 58 0
137 138 57 0
137 139 40 1
140 141 49 0
140 142 81 0
140 143 70 1
140 144 153 1
145 146 88 1
90 145 36 0
147 148 71 0
147 149 75 1
56 150 49 0
150 151 23 0
150 152 59 1
28 153 48 0
28 154 86 1
17 155 27 1
156 157 57 1
158 159 52 1
158 160 8 0
158 161 42 0
158 162 28 1
163 164 65 0
40 69 37 0
40 165 81 1
40 70 51 1
159 160 54 1
159 166 81 1
159 167 52 1
159 161 40 1
159 168 71 0
56 169 110 1
170 171 64 1
170 172 36 1
170 173 7 0
170 174 52 1
157 175 30 0
176 177 83 1
178 179 20 0
180 181 28 1
182 183 35 1
182 184 24 0
185 186 48 0
157 187 105 1
157 188 57 1
189 190 64 0
189 191 38 0
47 192 40 0
49 192 59 1
193 194 5 0
169 195 48 0
119 196 43 1
197 198 102 1
10 197 80 1
199 200 60 1
199 201 24 0
202 203 32 0
202 204 30 1
136 202 78 1
205 206 37 0
207 208 41 1
207 209 1 1
207 210 32 1
211 212 47 0
32 211 48 0
213 214 41 0
213 215 70 1
91 216 58 0
116 217 60 1
218 219 102 1
52 218 80 1
218 220 40 1
218 221 36 1
183 222 76 1
183 223 44 1
183 224 43 0
225 226 28 0
225 227 10 0
228 229 17 0
228 230 35 1
231 232 52 1
107 231 27 1
233 234 1 0
233 235 21 0
236 237 18 0
236 238 128 1
83 124 76 1
83 84 33 1
200 239 31 0
239 240 33 1
239 241 6 0
239 242 73 1
124 125 88 1
124 243 91 1
244 245 42 0
95 246 81 1
96 246 31 0
247 248 25 0
247 249 39 0
247 250 33 0
247 251 75 1
252 253 76 1
254 255 51 0
254 256 35 1
254 257 38 1
258 259 32 0
165 260 92 1
165 261 100 1
25 262 110 0
160 262 118 0
166 262 91 0
262 263 43 0
3 264 67 0
261 264 113 1
264 265 72 0
266 267 113 1
222 268 46 0
222 269 75 1
232 270 100 1
155 270 80 1
142 234 88 1
177 271 61 0
25 272 39 0
272 273 57 0
274 275 124 1
216 274 9 1
242 274 57 1
130 276 65 1
130 277 46 0
105 278 44 0
127 279 22 0
279 280 44 1
186 279 32 0
279 281 48 0
279 282 25 1
109 219 80 1
120 283 39 0
284 285 44 0
284 286 56 0
284 287 14 1
84 288 62 0
84 289 62 0
84 243 51 0
290 291 6 0
290 292 81 1
290 293 78 1
294 295 49 0
294 296 52 0
294 297 31 0
64 65 43 0
64 191 99 1
275 298 41 0
216 298 53 0
242 298 31 0
14 45 71 0
60 299 62 1
60 300 40 0
255 301 34 0
255 257 48 1
107 232 78 1
302 303 11 0
151 152 24 1
198 304 25 0
65 305 56 0
65 78 33 0
135 306 41 1
113 306 49 0
22 307 75 1
285 308 32 0
285 287 57 1
285 309 49 1
203 310 40 1
203 204 38 1
203 311 29 0
131 312 41 1
313 314 123 1
54 313 60 0
144 313 52 0
310 315 49 0
214 316 53 0
316 317 53 0
318 319 25 0
318 320 35 0
8 321 59 1
8 11 11 0
57 322 46 0
118 119 73 1
118 323 88 1
79 291 40 0
291 324 54 0
303 325 64 1
110 326 25 1
326 327 57 0
328 329 81 1
328 330 31 0
190 328 28 0
328 331 33 1
77 305 61 0
77 78 49 1
77 79 62 1
332 333 30 0
88 332 40 1
89 332 65 1
334 335 25 1
334 336 25 1
20 269 51 1
61 337 48 1
338 339 48 0
5 338 81 1
110 187 91 1
35 110 38 0
308 340 30 0
308 341 43 1
287 308 27 1
275 342 99 1
343 344 77 0
99 345 70 1
345 346 80 1
301 347 75 0
348 349 72 1
350 351 97 1
208 296 91 1
208 352 25 1
208 210 7 0
351 353 25 0
353 354 70 1
248 355 65 1
248 250 68 1
87 146 43 0
206 356 18 0
356 357 17 0
356 358 38 1
190 359 52 0
359 360 100 1
191 359 53 0
95 361 52 0
259 362 9 0
259 363 21 0
220 314 59 1
54 314 48 0
364 365 54 1
366 367 86 1
327 366 11 0
67 68 47 0
181 368 118 1
181 369 67 1
278 370 56 1
371 372 19 0
194 371 24 0
371 373 25 0
371 374 20 0
375 376 129 1
281 375 56 0
375 377 48 0
373 378 24 0
89 378 46 0
378 379 43 1
223 380 65 1
25 381 70 0
162 381 21 0
340 341 52 1
179 245 38 1
57 382 48 0
383 384 48 0
368 383 24 0
164 383 46 1
385 386 54 1
344 387 81 1
297 344 58 0
344 388 67 0
102 292 70 1
292 293 16 1
386 389 104 1
386 390 147 1
386 391 94 0
226 227 56 1
102 226 41 0
226 319 9 0
2 256 70 1
2 48 51 0
2 257 83 1
2 50 36 0
392 393 16 1
370 392 16 0
21 394 25 1
395 396 29 0
148 395 74 0
335 336 31 0
30 397 42 0
30 361 39 0
30 32 132 1
195 398 75 1
376 399 76 1
399 400 110 1
15 399 89 1
184 268 81 1
401 402 15 0
401 403 75 0
144 401 71 0
229 230 59 1
229 404 20 1
22 23 30 1
22 405 42 0
22 406 15 0
127 186 13 0
127 407 76 1
25 26 68 0
25 263 113 1
41 379 70 1
295 297 22 0
295 388 91 1
330 408 57 1
190 408 33 1
409 410 14 0
409 411 34 0
323 409 73 1
372 374 36 1
200 241 52 1
119 122 45 0
238 240 91 1
88 412 28 1
393 413 29 0
393 414 38 0
3 139 70 1
3 415 8 0
416 417 57 1
224 416 38 1
418 419 80 1
223 418 43 1
420 421 70 0
177 367 100 1
177 422 51 0
400 423 41 1
74 424 57 0
424 425 14 0
160 166 32 0
160 161 37 0
160 162 40 1
68 426 75 1
410 427 43 0
227 319 27 0
227 273 62 1
23 405 33 0
23 406 31 0
52 220 47 0
52 428 38 1
52 429 57 0
15 376 88 1
376 377 52 0
390 391 11 0
299 300 16 1
139 299 73 1
48 299 56 1
417 419 27 1
224 417 43 0
411 430 25 1
112 431 4 1
112 113 49 1
432 433 43 1
432 434 25 1
346 432 14 1
18 435 37 0
125 269 45 0
186 280 33 0
280 282 27 1
50 300 73 1
74 186 75 1
172 173 19 0
194 374 14 1
361 397 6 1
281 282 47 0
78 436 44 1
373 379 17 1
277 351 101 0
206 357 18 0
206 437 14 1
357 437 17 0
398 438 113 1
311 439 68 0
256 257 44 0
440 441 12 1
99 442 49 0
99 253 40 1
261 443 36 1
53 428 46 1
220 221 3 0
10 174 80 1
444 445 21 0
444 446 75 1
309 447 19 1
327 426 59 1
107 448 52 0
152 448 75 1
237 449 56 1
148 237 27 0
249 450 65 1
26 451 49 1
26 273 80 1
452 453 49 1
384 454 89 1
61 407 99 1
309 341 33 0
201 217 40 0
201 242 81 1
329 355 51 0
93 317 27 1
47 311 38 0
309 323 59 1
122 323 76 1
139 415 45 0
358 398 61 0
257 301 55 0
85 455 52 1
81 456 33 1
81 414 45 0
96 352 96 1
453 457 81 1
167 168 83 0
132 458 13 0
267 458 49 1
405 451 78 1
74 425 89 1
459 460 142 1
121 459 54 0
461 462 26 0
461 463 116 1
325 464 30 1
31 361 37 0
31 304 64 0
309 427 32 1
342 421 60 1
109 465 62 0
109 466 39 0
456 467 124 1
404 456 86 1
273 462 36 0
450 468 84 1
251 450 49 1
79 324 72 1
238 469 59 1
238 449 35 0
238 468 84 1
142 235 68 1
54 428 83 1
215 464 38 1
48 49 39 0
190 330 43 1
330 331 80 1
355 470 72 1
250 355 68 1
37 471 132 1
49 50 41 0
120 430 86 1
191 360 52 1
472 473 30 0
468 469 36 0
370 414 67 1
269 406 42 0
406 473 80 1
324 470 64 1
470 474 56 0
293 470 43 0
57 430 36 0
346 433 46 1
72 391 59 0
6 339 32 1
223 419 76 1
164 368 49 0
436 474 83 1
449 468 50 0
103 475 39 0
403 460 153 1
428 429 57 1
396 455 91 1
75 425 36 1
243 475 64 1
148 149 116 1
121 460 57 0
90 412 49 0
358 437 45 0
136 369 51 0
143 476 129 1
15 377 61 0
1 265 28 0
1 301 105 1
1 415 60 1
2 254 76 1
3 137 50 0
3 265 49 0
4 338 94 1
5 6 46 1
5 339 30 0
6 338 29 0
8 9 14 1
8 211 153 1
8 212 111 0
9 10 66 0
9 11 30 1
9 211 163 1
9 212 117 0
9 321 38 0
10 172 86 1
11 211 156 1
11 212 180 1
11 321 45 0
12 44 70 1
12 45 43 0
13 14 19 0
13 153 22 0
13 154 34 0
13 399 65 0
14 44 56 1
14 153 39 0
15 375 78 1
16 106 76 1
16 107 88 1
17 73 134 1
17 441 57 0
18 106 44 1
18 107 78 1
19 405 49 1
20 123 52 0
20 125 18 0
21 103 65 1
23 307 33 0
23 451 113 1
23 472 73 1
24 272 110 1
24 451 37 0
26 405 58 0
27 44 41 0
27 67 14 1
27 68 52 0
28 44 46 0
28 67 49 1
29 211 44 0
29 212 70 0
30 31 81 1
30 37 187 1
30 367 233 1
31 397 56 1
32 212 65 1
33 471 32 1
34 35 24 1
34 36 19 1
34 471 56 1
35 36 25 0
35 326 47 0
35 471 43 0
36 471 38 1
37 95 99 0
37 367 97 1
38 69 84 1
39 40 30 0
39 233 57 1
40 41 76 1
40 261 93 0
40 443 101 0
41 69 65 1
42 103 23 0
42 394 70 1
42 475 48 1
43 320 60 1
43 475 43 1
44 66 70 1
44 67 57 1
45 100 83 1
46 192 20 0
47 49 73 1
48 50 33 1
48 300 26 0
49 439 83 1
50 192 52 1
51 428 60 1
52 53 81 1
52 54 75 1
52 221 76 1
52 314 26 0
53 429 37 0
55 286 55 0
55 322 46 0
55 382 37 0
56 444 78 1
56 445 36 0
57 446 59 1
58 91 47 0
58 337 47 0
58 439 110 1
59 439 48 0
62 305 45 0
63 65 46 1
63 77 44 1
63 78 8 1
63 305 116 1
64 360 60 0
65 77 67 1
66 100 62 0
69 70 45 0
69 233 56 1
69 371 123 1
69 373 76 0
69 379 68 0
70 228 172 0
70 229 262 1
70 235 38 0
70 336 345 1
70 435 332 1
71 386 73 1
71 390 84 1
71 391 59 0
72 386 48 0
72 390 99 1
73 126 48 1
73 155 69 0
73 280 67 1
73 441 160 1
74 75 57 1
74 126 34 0
75 185 33 0
75 407 54 0
75 424 48 1
76 324 20 0
76 436 19 1
80 120 105 0
80 283 93 0
80 414 86 1
80 456 80 1
81 413 37 0
82 215 75 1
82 288 22 0
83 243 83 1
85 288 35 1
85 396 71 0
85 464 104 1
86 146 94 1
86 332 26 0
86 412 22 0
87 90 25 0
87 145 73 1
87 412 42 0
88 333 20 1
89 372 76 1
91 274 54 0
91 337 54 1
92 156 25 0
92 327 41 0
92 426 76 1
93 157 51 0
93 188 41 1
94 246 80 1
94 422 56 1
95 367 204 1
95 422 80 1
96 198 185 1
96 304 93 0
97 253 32 0
98 99 52 1
98 252 30 1
98 442 34 0
99 252 36 0
100 325 89 0
101 325 49 1
102 318 52 1
102 320 46 1
103 320 29 0
103 394 31 0
104 278 86 1
105 151 44 0
105 152 49 1
106 107 23 0
108 465 49 1
108 466 48 0
110 175 64 1
112 114 76 1
113 347 108 1
113 431 32 0
114 431 76 1
115 359 124 1
115 442 124 1
116 199 96 1
116 201 88 1
116 454 115 1
117 196 36 0
117 459 75 1
118 122 16 1
120 411 43 0
120 414 100 0
121 196 64 0
123 222 59 1
123 269 131 1
126 186 26 0
126 280 24 1
126 282 48 1
127 282 51 1
128 267 38 0
129 130 25 1
129 131 76 1
129 132 27 0
129 267 83 1
129 277 72 1
129 350 84 1
129 458 62 1
130 131 52 1
130 132 36 0
130 312 51 0
132 267 30 0
132 350 91 1
133 306 26 0
133 315 32 1
134 136 26 0
134 202 48 1
134 310 42 0
135 315 17 1
137 415 88 1
138 264 51 1
138 452 75 1
138 457 94 1
140 467 26 0
141 143 17 1
141 467 38 1
141 476 82 0
142 228 169 0
142 229 257 1
142 334 227 0
142 336 213 0
142 435 205 0
143 467 23 0
144 402 105 1
146 378 61 0
147 279 113 1
147 281 62 0
148 236 24 1
149 395 20 1
150 444 26 0
150 445 14 0
151 444 72 1
153 154 20 1
155 441 72 1
156 188 2 0
158 167 48 1
158 381 31 0
159 463 52 0
160 381 33 0
161 166 54 1
162 167 43 1
163 181 37 0
163 369 64 0
163 421 70 0
164 384 38 1
165 443 121 1
165 452 53 0
165 453 78 1
166 263 91 0
167 461 32 0
167 463 56 0
168 305 77 0
168 463 46 1
169 286 99 1
169 438 17 0
170 344 54 1
171 173 73 1
171 174 70 1
171 344 43 1
172 174 60 1
172 197 9 1
173 174 38 0
173 344 37 0
174 197 42 0
175 187 73 1
175 326 39 0
176 366 50 0
176 367 40 0
176 426 42 0
178 245 9 1
178 266 51 1
179 244 92 1
179 266 30 0
179 368 86 1
179 383 104 1
180 312 62 0
180 368 113 1
180 369 73 1
182 223 7 0
182 419 48 0
183 184 9 1
184 214 59 0
184 223 29 0
185 407 36 1
185 425 40 0
186 407 72 1
187 326 68 0
188 317 67 1
189 359 52 0
189 360 15 0
192 256 49 1
192 315 166 1
193 371 27 0
193 372 31 0
193 374 14 1
194 372 31 0
195 358 35 0
195 423 80 0
195 438 60 1
196 459 24 1
198 246 105 0
198 294 84 1
199 217 59 0
199 239 86 1
199 240 56 0
200 240 21 0
202 310 23 0
204 310 51 1
204 421 91 1
205 207 30 0
205 209 30 0
205 271 46 0
205 348 48 1
205 349 22 0
206 271 73 1
206 349 68 1
206 358 41 0
207 348 9 0
208 209 41 1
208 348 30 1
210 348 25 1
210 352 35 1
211 321 123 1
212 321 147 1
213 302 34 0
213 303 52 1
213 316 45 0
214 268 56 1
215 288 91 1
215 303 57 1
216 242 57 1
217 342 123 1
217 420 91 1
217 454 77 0
218 314 28 0
219 466 32 1
221 314 36 0
224 473 121 1
225 273 39 0
225 318 24 0
225 319 35 1
225 461 39 0
225 462 28 0
226 318 22 0
227 461 48 1
227 462 19 0
228 235 267 1
228 334 291 1
228 336 268 1
228 404 5 0
228 435 160 0
228 456 84 1
229 235 254 1
229 334 278 1
229 336 160 0
229 435 243 1
230 278 62 0
230 370 139 1
230 393 134 1
230 456 53 0
231 448 46 0
232 423 81 0
232 448 37 0
234 235 21 0
235 334 360 1
235 336 337 1
235 435 203 0
237 238 104 1
240 241 28 1
244 434 58 0
246 304 131 1
246 361 57 1
246 397 33 0
248 249 49 0
249 251 17 1
250 293 59 1
250 470 25 0
251 289 35 1
252 442 25 1
254 315 91 0
255 347 54 0
256 315 88 0
257 347 121 1
258 362 24 0
258 363 62 1
258 443 85 0
259 389 60 1
260 452 65 1
260 453 17 1
260 457 48 0
263 272 94 0
264 452 56 1
265 415 48 0
270 376 45 0
270 400 71 0
270 440 9 0
270 441 20 1
271 349 43 1
271 422 40 0
272 381 37 0
274 298 80 1
276 277 30 0
276 312 43 0
276 365 30 1
277 354 188 1
277 365 65 1
278 393 36 0
281 377 53 0
283 411 30 1
283 414 140 1
283 430 17 0
283 446 88 1
284 308 40 1
284 340 57 1
285 322 67 1
285 323 43 0
285 382 44 0
285 427 24 0
285 447 40 1
286 438 108 1
287 340 36 0
288 455 78 1
289 450 27 0
294 304 66 0
295 387 54 1
296 352 80 1
297 387 48 0
302 316 48 1
302 464 41 0
303 464 49 1
306 431 36 0
307 472 28 0
308 447 41 1
310 311 38 0
312 365 78 1
313 465 61 0
320 394 48 1
322 382 10 0
323 410 56 1
323 427 22 0
324 436 30 1
324 474 76 1
328 408 14 0
329 330 40 1
331 408 48 1
331 469 64 0
332 412 24 0
333 412 11 0
334 435 41 0
334 457 62 1
335 435 84 1
335 457 44 0
336 435 43 1
336 457 48 0
338 364 174 0
338 365 315 1
341 447 40 1
342 420 81 1
343 388 19 0
345 433 42 0
348 352 44 1
350 353 38 0
350 458 56 0
351 354 20 0
355 474 59 1
356 437 25 0
357 358 46 1
362 363 32 1
363 385 36 0
363 386 81 1
363 389 52 0
366 426 60 1
370 393 8 0
371 379 48 1
372 373 31 0
372 378 47 0
376 440 37 0
376 441 39 0
380 418 30 0
380 419 26 0
387 388 26 0
392 413 32 1
392 414 46 1
398 400 76 1
398 423 57 1
401 476 67 0
402 403 113 1
402 476 96 1
403 476 19 0
406 472 73 1
409 430 47 0
410 411 70 1
413 414 32 1
416 473 60 0
420 454 36 0
427 447 41 1
430 446 50 0
433 434 52 1
449 469 92 1
460 476 153 1
465 466 49 0

CENÁRIO 2
PROBABILIDADE: 50/531 = 0.094162
QTD_ARESTAS_REQUERIDAS: 540
QTD_ARESTAS_NAO_REQUERIDAS: 564
1 2 99 1
1 3 43 0
4 5 35 1
4 6 47 0
7 8 60 0
7 9 89 1
7 10 82 0
7 11 92 1
12 13 76 1
12 14 30 0
12 15 59 0
16 17 46 0
16 18 56 1
19 20 52 0
19 21 35 0
19 22 72 1
19 23 50 0
24 25 45 0
24 26 81 1
27 28 24 0
29 30 75 1
29 31 96 1
29 32 60 1
33 34 32 0
33 35 52 1
33 36 44 1
33 37 67 0
38 39 54 0
38 40 49 0
38 41 16 0
42 43 48 1
44 45 66 0
46 47 76 1
46 48 49 1
46 49 22 0
46 50 35 1
51 52 81 1
51 53 25 0
51 54 59 1
55 56 94 1
55 57 92 1
58 59 40 1
58 60 40 0
58 61 99 1
62 63 41 0
62 64 72 1
62 65 14 0
66 67 56 1
66 68 46 1
39 69 8 0
39 41 68 1
39 70 38 0
71 72 78 1
73 74 20 1
73 75 76 1
76 77 65 1
76 78 49 1
76 79 51 1
80 81 60 1
82 83 84 1
82 84 43 0
82 85 43 0
86 87 38 1
86 88 38 0
86 89 75 1
86 90 41 0
59 91 60 0
59 60 32 0
92 93 80 1
94 95 27 0
94 96 81 1
97 98 1 0
97 99 52 1
100 101 61 0
43 102 67 1
43 103 30 1
104 105 38 0
104 106 44 0
104 107 73 1
108 109 39 0
34 110 49 0
111 112 8 1
111 113 56 1
111 114 70 1
115 116 46 0
117 118 62 0
117 119 29 0
117 120 67 1
117 121 71 0
117 122 89 1
123 124 31 0
123 125 62 1
126 127 33 0
128 129 32 1
128 130 24 1
128 131 34 0
128 132 25 0
133 134 57 1
133 135 11 0
133 136 58 0
137 138 57 0
137 139 40 1
140 141 78 1
140 142 129 1
140 143 44 0
140 144 153 1
145 146 88 1
90 145 57 1
147 148 113 1
147 149 47 0
56 150 49 0
150 151 36 1
150 152 59 1
28 153 76 1
28 154 54 0
17 155 17 0
156 157 57 1
158 159 52 1
158 160 12 1
158 161 67 1
158 162 18 0
163 164 65 0
40 69 37 0
40 165 51 0
40 70 32 0
159 160 54 1
159 166 51 0
159 167 33 0
159 161 25 0
159 168 71 0
56 169 110 1
170 171 40 0
170 172 23 0
170 173 7 0
170 174 33 0
157 175 30 0
176 177 52 0
178 179 32 1
180 181 18 0
182 183 35 1
182 184 24 0
185 186 48 0
157 187 66 0
157 188 57 1
189 190 64 0
189 191 38 0
47 192 64 1
49 192 59 1
193 194 5 0
169 195 76 1
119 196 27 0
197 198 102 1
10 197 80 1
199 200 60 1
199 201 24 0
202 203 51 1
202 204 19 0
136 202 49 0
205 206 37 0
207 208 26 0
207 209 1 0
207 210 32 1
211 212 47 0
32 211 76 1
213 214 41 0
213 215 70 1
91 216 92 1
116 217 60 1
218 219 64 0
52 218 50 0
218 220 25 0
218 221 36 1
183 222 76 1
183 223 28 0
183 224 43 0
225 226 28 0
225 227 16 1
228 229 17 0
228 230 22 0
231 232 52 1
107 231 17 0
233 234 1 0
233 235 33 1
236 237 18 0
236 238 80 0
83 124 76 1
83 84 21 0
200 239 49 1
239 240 33 1
239 241 9 1
239 242 46 0
124 125 88 1
124 243 57 0
244 245 42 0
95 246 51 0
96 246 49 1
247 248 25 0
247 249 39 0
247 250 52 1
247 251 47 0
252 253 76 1
254 255 51 0
254 256 22 0
254 257 38 1
258 259 32 0
165 260 58 0
165 261 100 1
25 262 110 0
160 262 118 0
166 262 91 0
262 263 43 0
3 264 107 1
261 264 71 0
264 265 115 1
266 267 71 0
222 268 73 1
222 269 47 0
232 270 63 0
155 270 80 1
142 234 88 1
177 271 61 0
25 272 39 0
272 273 57 0
274 275 124 1
216 274 6 0
242 274 57 1
130 276 65 1
130 277 46 0
105 278 70 1
127 279 22 0
279 280 44 1
186 279 32 0
279 281 48 0
279 282 25 1
109 219 80 1
120 283 62 1
284 285 70 1
284 286 56 0
284 287 9 0
84 288 99 1
84 289 62 0
84 243 81 1
290 291 6 0
290 292 81 1
290 293 49 0
294 295 78 1
294 296 83 1
294 297 49 1
64 65 43 0
64 191 62 0
275 298 41 0
216 298 84 1
242 298 31 0
14 45 113 1
60 299 62 1
60 300 64 1
255 301 34 0
255 257 48 1
107 232 49 0
302 303 17 1
151 152 15 0
198 304 25 0
65 305 89 1
65 78 33 0
135 306 26 0
113 306 78 1
22 307 75 1
285 308 32 0
285 287 36 0
285 309 31 0
203 310 25 0
203 204 24 0
203 311 29 0
131 312 26 0
313 314 77 0
54 313 60 0
144 313 52 0
310 315 49 0
214 316 53 0
316 317 84 1
318 319 25 0
318 320 56 1
8 321 59 1
8 11 17 1
57 322 73 1
118 119 46 0
118 323 55 0
79 291 40 0
291 324 54 0
303 325 40 0
110 326 25 1
326 327 91 1
328 329 51 0
328 330 49 1
190 328 44 1
328 331 33 1
77 305 97 1
77 78 31 0
77 79 39 0
332 333 48 1
88 332 25 0
89 332 41 0
334 335 25 1
334 336 25 1
20 269 32 0
61 337 30 0
338 339 76 1
5 338 81 1
110 187 91 1
35 110 38 0
308 340 30 0
308 341 27 0
287 308 27 1
275 342 62 0
343 344 77 0
99 345 44 0
345 346 80 1
301 347 75 0
348 349 45 0
350 351 61 0
208 296 57 0
208 352 25 1
208 210 11 1
351 353 25 0
353 354 70 1
248 355 41 0
248 250 68 1
87 146 43 0
206 356 18 0
356 357 27 1
356 358 38 1
190 359 83 1
359 360 100 1
191 359 84 1
95 361 83 1
259 362 9 0
259 363 21 0
220 314 59 1
54 314 76 1
364 365 54 1
366 367 86 1
327 366 17 1
67 68 75 1
181 368 118 1
181 369 42 0
278 370 56 1
371 372 30 1
194 371 38 1
371 373 25 0
371 374 32 1
375 376 129 1
281 375 56 0
375 377 48 0
373 378 38 1
89 378 46 0
378 379 27 0
223 380 41 0
25 381 70 0
162 381 33 1
340 341 33 0
179 245 38 1
57 382 48 0
383 384 76 1
368 383 38 1
164 383 29 0
385 386 34 0
344 387 51 0
297 344 92 1
344 388 67 0
102 292 70 1
292 293 10 0
386 389 104 1
386 390 147 1
386 391 150 1
226 227 35 0
102 226 65 1
226 319 14 1
2 256 44 0
2 48 81 1
2 257 52 0
2 50 36 0
392 393 10 0
370 392 16 0
21 394 16 0
395 396 46 1
148 395 118 1
335 336 49 1
30 397 67 1
30 361 39 0
30 32 83 0
195 398 75 1
376 399 48 0
399 400 110 1
15 399 56 0
184 268 51 0
401 402 24 1
401 403 120 1
144 401 113 1
229 230 59 1
229 404 20 1
22 23 30 1
22 405 67 1
22 406 15 0
127 186 20 1
127 407 76 1
25 26 68 0
25 263 71 0
41 379 70 1
295 297 35 1
295 388 91 1
330 408 57 1
190 408 33 1
409 410 14 0
409 411 54 1
323 409 73 1
372 374 36 1
200 241 52 1
119 122 72 1
238 240 57 0
88 412 28 1
393 413 29 0
393 414 60 1
3 139 44 0
3 415 8 0
416 417 57 1
224 416 24 0
418 419 50 0
223 418 43 1
420 421 70 0
177 367 63 0
177 422 51 0
400 423 41 1
74 424 57 0
424 425 14 0
160 166 32 0
160 161 37 0
160 162 40 1
68 426 47 0
410 427 68 1
227 319 27 0
227 273 39 0
23 405 33 0
23 406 31 0
52 220 47 0
52 428 24 0
52 429 57 0
15 376 55 0
376 377 52 0
390 391 17 1
299 300 16 1
139 299 46 0
48 299 35 0
417 419 27 1
224 417 43 0
411 430 25 1
112 431 4 1
112 113 49 1
432 433 43 1
432 434 16 0
346 432 9 0
18 435 59 1
125 269 72 1
186 280 33 0
280 282 27 1
50 300 73 1
74 186 47 0
172 173 19 0
194 374 9 0
361 397 6 1
281 282 47 0
78 436 44 1
373 379 17 1
277 351 101 0
206 357 28 1
206 437 14 1
357 437 17 0
398 438 71 0
311 439 108 1
256 257 44 0
440 441 8 0
99 442 78 1
99 253 40 1
261 443 36 1
53 428 29 0
220 221 3 0
10 174 80 1
444 445 21 0
444 446 75 1
309 447 12 0
327 426 59 1
107 448 52 0
152 448 75 1
237 449 56 1
148 237 43 1
249 450 65 1
26 451 31 0
26 273 80 1
452 453 31 0
384 454 56 0
61 407 62 0
309 341 52 1
201 217 64 1
201 242 51 0
329 355 51 0
93 317 27 1
47 311 38 0
309 323 37 0
122 323 76 1
139 415 72 1
358 398 61 0
257 301 55 0
85 455 52 1
81 456 33 1
81 414 45 0
96 352 60 0
453 457 51 0
167 168 132 1
132 458 20 1
267 458 31 0
405 451 78 1
74 425 56 0
459 460 89 0
121 459 86 1
461 462 41 1
461 463 73 0
325 464 19 0
31 361 37 0
31 304 64 0
309 427 32 1
342 421 38 0
109 465 99 1
109 466 39 0
456 467 124 1
404 456 86 1
273 462 36 0
450 468 84 1
251 450 49 1
79 324 45 0
238 469 59 1
238 449 35 0
238 468 53 0
142 235 43 0
54 428 83 1
215 464 38 1
48 49 62 1
190 330 27 0
330 331 50 0
355 470 45 0
250 355 43 0
37 471 83 0
49 50 65 1
120 430 54 0
191 360 33 0
472 473 48 1
468 469 57 1
370 414 67 1
269 406 42 0
406 473 80 1
324 470 40 0
470 474 56 0
293 470 68 1
57 430 36 0
346 433 46 1
72 391 94 1
6 339 32 1
223 419 76 1
164 368 78 1
436 474 52 0
449 468 80 1
103 475 39 0
403 460 153 1
428 429 57 1
396 455 57 0
75 425 36 1
243 475 40 0
148 149 73 0
121 460 57 0
90 412 78 1
358 437 72 1
136 369 51 0
143 476 81 0
15 377 97 1
1 265 28 0
1 301 66 0
1 415 60 1
2 254 76 1
3 137 50 0
3 265 49 0
4 338 59 0
5 6 46 1
5 339 48 1
6 338 46 1
8 9 9 0
8 211 153 1
8 212 177 1
9 10 105 1
9 11 19 0
9 211 102 0
9 212 187 1
9 321 60 1
10 172 86 1
11 211 98 0
11 212 180 1
11 321 45 0
12 44 44 0
12 45 68 1
13 14 19 0
13 153 22 0
13 154 34 0
13 399 65 0
14 44 56 1
14 153 62 1
15 375 78 1
16 106 76 1
16 107 55 0
17 73 84 0
17 441 91 1
18 106 28 0
18 107 49 0
19 405 49 1
20 123 52 0
20 125 28 1
21 103 65 1
23 307 52 1
23 451 113 1
23 472 46 0
24 272 69 0
24 451 59 1
26 405 92 1
27 44 65 1
27 67 14 1
27 68 83 1
28 44 46 0
28 67 49 1
29 211 44 0
29 212 112 1
30 31 81 1
30 37 117 0
30 367 146 0
31 397 56 1
32 212 41 0
33 471 32 1
34 35 24 1
34 36 19 1
34 471 35 0
35 36 40 1
35 326 47 0
35 471 68 1
36 471 24 0
37 95 99 0
37 367 61 0
38 69 53 0
39 40 30 0
39 233 57 1
40 41 76 1
40 261 93 0
40 443 101 0
41 69 41 0
42 103 36 1
42 394 70 1
42 475 30 0
43 320 60 1
43 475 27 0
44 66 44 0
44 67 36 0
45 100 83 1
46 192 20 0
47 49 46 0
48 50 21 0
48 300 26 0
49 439 83 1
50 192 52 1
51 428 60 1
52 53 51 0
52 54 75 1
52 221 76 1
52 314 41 1
53 429 59 1
55 286 55 0
55 322 73 1
55 382 37 0
56 444 49 0
56 445 57 1
57 446 37 0
58 91 47 0
58 337 47 0
58 439 110 1
59 439 76 1
62 305 72 1
63 65 29 0
63 77 28 0
63 78 5 0
63 305 73 0
64 360 96 1
65 77 67 1
66 100 99 1
69 70 72 1
69 233 56 1
69 371 77 0
69 373 76 0
69 379 108 1
70 228 172 0
70 229 262 1
70 235 60 1
70 336 345 1
70 435 208 0
71 386 73 1
71 390 53 0
71 391 59 0
72 386 76 1
72 390 62 0
73 126 30 0
73 155 69 0
73 280 42 0
73 441 160 1
74 75 36 0
74 126 54 1
75 185 52 1
75 407 86 1
75 424 48 1
76 324 20 0
76 436 12 0
80 120 105 0
80 283 93 0
80 414 86 1
80 456 50 0
81 413 37 0
82 215 47 0
82 288 22 0
83 243 52 0
85 288 22 0
85 396 113 1
85 464 65 0
86 146 59 0
86 332 41 1
86 412 35 1
87 90 25 0
87 145 73 1
87 412 67 1
88 333 13 0
89 372 48 0
91 274 86 1
91 337 54 1
92 156 40 1
92 327 41 0
92 426 48 0
93 157 51 0
93 188 41 1
94 246 80 1
94 422 56 1
95 367 128 0
95 422 80 1
96 198 185 1
96 304 93 0
97 253 51 1
98 99 52 1
98 252 19 0
98 442 34 0
99 252 36 0
100 325 142 1
101 325 49 1
102 318 33 0
102 320 46 1
103 320 46 1
103 394 31 0
104 278 86 1
105 151 44 0
105 152 31 0
106 107 23 0
108 465 31 0
108 466 48 0
110 175 40 0
112 114 76 1
113 347 68 0
113 431 32 0
114 431 48 0
115 359 78 0
115 442 124 1
116 199 60 0
116 201 88 1
116 454 115 1
117 196 57 1
117 459 75 1
118 122 10 0
120 411 68 1
120 414 100 0
121 196 64 0
123 222 37 0
123 269 82 0
126 186 26 0
126 280 15 0
126 282 48 1
127 282 51 1
128 267 60 1
129 130 25 1
129 131 48 0
129 132 43 1
129 267 83 1
129 277 45 0
129 350 53 0
129 458 62 1
130 131 33 0
130 132 36 0
130 312 51 0
132 267 48 1
132 350 57 0
133 306 41 1
133 315 32 1
134 136 41 1
134 202 30 0
134 310 67 1
135 315 17 1
137 415 55 0
138 264 51 1
138 452 47 0
138 457 94 1
140 467 26 0
141 143 11 0
141 467 24 0
141 476 131 1
142 228 169 0
142 229 257 1
142 334 363 1
142 336 213 0
142 435 205 0
143 467 36 1
144 402 105 1
146 378 61 0
147 279 71 0
147 281 99 1
148 236 15 0
149 395 13 0
150 444 26 0
150 445 22 1
151 444 72 1
153 154 13 0
155 441 45 0
156 188 3 1
158 167 30 0
158 381 31 0
159 463 52 0
160 381 52 1
161 166 34 0
162 167 27 0
163 181 59 1
163 369 102 1
163 421 112 1
164 384 24 0
165 443 76 0
165 452 53 0
165 453 49 0
166 263 145 1
167 461 51 1
167 463 89 1
168 305 77 0
168 463 29 0
169 286 62 0
169 438 27 1
170 344 54 1
171 173 73 1
171 174 70 1
171 344 43 1
172 174 60 1
172 197 6 0
173 174 38 0
173 344 37 0
174 197 67 1
175 187 73 1
175 326 62 1
176 366 50 0
176 367 40 0
176 426 42 0
178 245 6 0
178 266 32 0
179 244 92 1
179 266 30 0
179 368 54 0
179 383 104 1
180 312 99 1
180 368 71 0
180 369 73 1
182 223 7 0
182 419 76 1
183 184 9 1
184 214 94 1
184 223 46 1
185 407 23 0
185 425 64 1
186 407 72 1
187 326 108 1
188 317 67 1
189 359 52 0
189 360 24 1
192 256 31 0
192 315 104 0
193 371 27 0
193 372 49 1
193 374 9 0
194 372 49 1
195 358 35 0
195 423 80 0
195 438 60 1
196 459 15 0
198 246 168 1
198 294 53 0
199 217 59 0
199 239 86 1
199 240 89 1
200 240 21 0
202 310 23 0
204 310 51 1
204 421 91 1
205 207 48 1
205 209 30 0
205 271 73 1
205 348 48 1
205 349 35 1
206 271 46 0
206 349 68 1
206 358 41 0
207 348 14 1
208 209 26 0
208 348 19 0
210 348 25 1
210 352 22 0
211 321 123 1
212 321 147 1
213 302 34 0
213 303 52 1
213 316 45 0
214 268 35 0
215 288 91 1
215 303 36 0
216 242 36 0
217 342 123 1
217 420 57 0
217 454 123 1
218 314 28 0
219 466 20 0
221 314 57 1
224 473 76 0
225 273 62 1
225 318 38 1
225 319 35 1
225 461 62 1
225 462 44 1
226 318 35 1
227 461 48 1
227 462 30 1
228 235 267 1
228 334 182 0
228 336 268 1
228 404 5 0
228 435 256 1
228 456 53 0
229 235 254 1
229 334 278 1
229 336 160 0
229 435 152 0
230 278 99 1
230 370 87 0
230 393 134 1
230 456 84 1
231 448 73 1
232 423 81 0
232 448 37 0
234 235 21 0
235 334 360 1
235 336 211 0
235 435 324 1
237 238 65 0
240 241 28 1
244 434 92 1
246 304 131 1
246 361 36 0
246 397 52 1
248 249 78 1
249 251 17 1
250 293 59 1
250 470 25 0
251 289 35 1
252 442 16 0
254 315 91 0
255 347 54 0
256 315 88 0
257 347 121 1
258 362 38 1
258 363 39 0
258 443 85 0
259 389 38 0
260 452 41 0
260 453 17 1
260 457 76 1
263 272 150 1
264 452 35 0
265 415 48 0
270 376 45 0
270 400 113 1
270 440 9 0
270 441 13 0
271 349 43 1
271 422 40 0
272 381 37 0
274 298 80 1
276 277 48 1
276 312 68 1
276 365 30 1
277 354 118 0
277 365 41 0
278 393 36 0
281 377 84 1
283 411 19 0
283 414 88 0
283 430 17 0
283 446 55 0
284 308 25 0
284 340 36 0
285 322 42 0
285 323 68 1
285 382 44 0
285 427 38 1
285 447 40 1
286 438 108 1
287 340 57 1
288 455 78 1
289 450 27 0
294 304 105 1
295 387 54 1
296 352 80 1
297 387 76 1
302 316 30 0
302 464 41 0
303 464 49 1
306 431 57 1
307 472 28 0
308 447 41 1
310 311 38 0
312 365 78 1
313 465 97 1
320 394 48 1
322 382 16 1
323 410 56 1
323 427 22 0
324 436 19 0
324 474 76 1
328 408 22 1
329 330 25 0
331 408 30 0
331 469 64 0
332 412 24 0
333 412 17 1
334 435 41 0
334 457 62 1
335 435 53 0
335 457 70 1
336 435 43 1
336 457 48 0
338 364 278 1
338 365 315 1
341 447 40 1
342 420 51 0
343 388 30 1
345 433 67 1
348 352 28 0
350 353 38 0
350 458 89 1
351 354 32 1
355 474 37 0
356 437 40 1
357 358 46 1
362 363 20 0
363 385 36 0
363 386 81 1
363 389 52 0
366 426 38 0
370 393 12 1
371 379 30 0
372 373 31 0
372 378 47 0
376 440 37 0
376 441 39 0
380 418 30 0
380 419 26 0
387 388 26 0
392 413 20 0
392 414 46 1
398 400 76 1
398 423 57 1
401 476 107 1
402 403 113 1
402 476 96 1
403 476 30 1
406 472 46 0
409 430 75 1
410 411 70 1
413 414 20 0
416 473 96 1
420 454 36 0
427 447 26 0
430 446 50 0
433 434 52 1
449 469 58 0
460 476 96 0
465 466 49 0

CENÁRIO 3
PROBABILIDADE: 197/1062 = 0.185499
QTD_ARESTAS_REQUERIDAS: 524
QTD_ARESTAS_NAO_REQUERIDAS: 580
1 2 99 1
1 3 43 0
4 5 35 1
4 6 75 1
7 8 60 0
7 9 89 1
7 10 82 0
7 11 92 1
12 13 76 1
12 14 30 0
12 15 94 1
16 17 46 0
16 18 56 1
19 20 83 1
19 21 56 1
19 22 72 1
19 23 80 1
24 25 45 0
24 26 81 1
27 28 24 0
29 30 47 0
29 31 96 1
29 32 60 1
33 34 32 0
33 35 52 1
33 36 44 1
33 37 107 1
38 39 86 1
38 40 78 1
38 41 25 1
42 43 30 0
44 45 105 1
46 47 76 1
46 48 31 0
46 49 35 1
46 50 35 1
51 52 81 1
51 53 40 1
51 54 59 1
55 56 59 0
55 57 92 1
58 59 25 0
58 60 64 1
58 61 99 1
62 63 41 0
62 64 72 1
62 65 14 0
66 67 56 1
66 68 46 1
39 69 12 1
39 41 68 1
39 70 38 0
71 72 78 1
73 74 13 0
73 75 76 1
76 77 41 0
76 78 49 1
76 79 51 1
80 81 38 0
82 83 84 1
82 84 43 0
82 85 43 0
86 87 24 0
86 88 38 0
86 89 47 0
86 90 65 1
59 91 96 1
59 60 32 0
92 93 50 0
94 95 27 0
94 96 51 0
97 98 1 1
97 99 33 0
100 101 61 0
43 102 67 1
43 103 19 0
104 105 60 1
104 106 44 0
104 107 46 0
108 109 39 0
34 110 49 0
111 112 5 0
111 113 35 0
111 114 70 1
115 116 73 1
117 118 62 0
117 119 46 1
117 120 67 1
117 121 113 1
117 122 56 0
123 124 49 1
123 125 39 0
126 127 33 0
128 129 20 0
128 130 24 1
128 131 54 1
128 132 40 1
133 134 36 0
133 135 11 0
133 136 58 0
137 138 57 0
137 139 40 1
140 141 78 1
140 142 129 1
140 143 44 0
140 144 153 1
145 146 55 0
90 145 57 1
147 148 113 1
147 149 47 0
56 150 78 1
150 151 36 1
150 152 59 1
28 153 76 1
28 154 54 0
17 155 27 1
156 157 36 0
158 159 33 0
158 160 12 1
158 161 42 0
158 162 18 0
163 164 104 1
40 69 59 1
40 165 51 0
40 70 32 0
159 160 34 0
159 166 81 1
159 167 33 0
159 161 25 0
159 168 71 0
56 169 110 1
170 171 40 0
170 172 36 1
170 173 11 1
170 174 33 0
157 175 30 0
176 177 83 1
178 179 20 0
180 181 18 0
182 183 22 0
182 184 24 0
185 186 48 0
157 187 105 1
157 188 36 0
189 190 102 1
189 191 38 0
47 192 64 1
49 192 59 1
193 194 5 0
169 195 76 1
119 196 43 1
197 198 102 1
10 197 50 0
199 200 38 0
199 201 24 0
202 203 32 0
202 204 30 1
136 202 49 0
205 206 37 0
207 208 26 0
207 209 1 1
207 210 20 0
211 212 75 1
32 211 76 1
213 214 65 1
213 215 70 1
91 216 92 1
116 217 38 0
218 219 64 0
52 218 80 1
218 220 25 0
218 221 36 1
183 222 48 0
183 223 28 0
183 224 43 0
225 226 44 1
225 227 10 0
228 229 27 1
228 230 22 0
231 232 33 0
107 231 17 0
233 234 1 1
233 235 33 1
236 237 28 1
236 238 80 0
83 124 48 0
83 84 33 1
200 239 31 0
239 240 33 1
239 241 9 1
239 242 73 1
124 125 55 0
124 243 57 0
244 245 67 1
95 246 51 0
96 246 49 1
247 248 25 0
247 249 39 0
247 250 33 0
247 251 75 1
252 253 76 1
254 255 81 1
254 256 35 1
254 257 24 0
258 259 51 1
165 260 92 1
165 261 100 1
25 262 110 0
160 262 118 0
166 262 145 1
262 263 43 0
3 264 107 1
261 264 113 1
264 265 115 1
266 267 71 0
222 268 46 0
222 269 47 0
232 270 100 1
155 270 50 0
142 234 55 0
177 271 97 1
25 272 39 0
272 273 91 1
274 275 124 1
216 274 9 1
242 274 36 0
130 276 41 0
130 277 73 1
105 278 70 1
127 279 35 1
279 280 28 0
186 279 32 0
279 281 48 0
279 282 16 0
109 219 80 1
120 283 62 1
284 285 44 0
284 286 56 0
284 287 9 0
84 288 62 0
84 289 62 0
84 243 81 1
290 291 9 1
290 292 51 0
290 293 78 1
294 295 49 0
294 296 83 1
294 297 31 0
64 65 43 0
64 191 62 0
275 298 41 0
216 298 84 1
242 298 31 0
14 45 113 1
60 299 62 1
60 300 64 1
255 301 34 0
255 257 30 0
107 232 78 1
302 303 17 1
151 152 24 1
198 304 40 1
65 305 56 0
65 78 52 1
135 306 26 0
113 306 49 0
22 307 47 0
285 308 32 0
285 287 36 0
285 309 49 1
203 310 40 1
203 204 38 1
203 311 46 1
131 312 41 1
313 314 77 0
54 313 96 1
144 313 52 0
310 315 78 1
214 316 84 1
316 317 53 0
318 319 40 1
318 320 56 1
8 321 59 1
8 11 17 1
57 322 46 0
118 119 46 0
118 323 88 1
79 291 64 1
291 324 86 1
303 325 40 0
110 326 25 1
326 327 57 0
328 329 81 1
328 330 49 1
190 328 44 1
328 331 33 1
77 305 61 0
77 78 31 0
77 79 62 1
332 333 30 0
88 332 25 0
89 332 41 0
334 335 25 1
334 336 16 0
20 269 51 1
61 337 30 0
338 339 48 0
5 338 51 0
110 187 57 0
35 110 60 1
308 340 30 0
308 341 27 0
287 308 27 1
275 342 62 0
343 344 77 0
99 345 70 1
345 346 80 1
301 347 75 0
348 349 72 1
350 351 61 0
208 296 91 1
208 352 16 0
208 210 11 1
351 353 40 1
353 354 70 1
248 355 41 0
248 250 68 1
87 146 43 0
206 356 28 1
356 357 17 0
356 358 24 0
190 359 52 0
359 360 100 1
191 359 84 1
95 361 52 0
259 362 14 1
259 363 21 0
220 314 37 0
54 314 48 0
364 365 34 0
366 367 86 1
327 366 11 0
67 68 47 0
181 368 74 0
181 369 42 0
278 370 56 1
371 372 19 0
194 371 24 0
371 373 25 0
371 374 32 1
375 376 81 0
281 375 89 1
375 377 76 1
373 378 24 0
89 378 46 0
378 379 27 0
223 380 41 0
25 381 112 1
162 381 21 0
340 341 52 1
179 245 38 1
57 382 48 0
383 384 76 1
368 383 38 1
164 383 29 0
385 386 54 1
344 387 81 1
297 344 92 1
344 388 107 1
102 292 70 1
292 293 10 0
386 389 104 1
386 390 147 1
386 391 150 1
226 227 35 0
102 226 41 0
226 319 14 1
2 256 44 0
2 48 51 0
2 257 83 1
2 50 57 1
392 393 10 0
370 392 25 1
21 394 25 1
395 396 29 0
148 395 118 1
335 336 31 0
30 397 42 0
30 361 62 1
30 32 132 1
195 398 47 0
376 399 48 0
399 400 110 1
15 399 89 1
184 268 51 0
401 402 15 0
401 403 75 0
144 401 71 0
229 230 37 0
229 404 20 1
22 23 30 1
22 405 67 1
22 406 24 1
127 186 20 1
127 407 48 0
25 26 108 1
25 263 71 0
41 379 44 0
295 297 35 1
295 388 57 0
330 408 57 1
190 408 21 0
409 410 14 0
409 411 34 0
323 409 73 1
372 374 36 1
200 241 33 0
119 122 72 1
238 240 57 0
88 412 18 0
393 413 29 0
393 414 60 1
3 139 70 1
3 415 8 0
416 417 36 0
224 416 38 1
418 419 50 0
223 418 27 0
420 421 70 0
177 367 63 0
177 422 81 1
400 423 41 1
74 424 57 0
424 425 22 1
160 166 32 0
160 161 59 1
160 162 40 1
68 426 47 0
410 427 43 0
227 319 27 0
227 273 62 1
23 405 33 0
23 406 49 1
52 220 75 1
52 428 38 1
52 429 57 0
15 376 55 0
376 377 52 0
390 391 17 1
299 300 16 1
139 299 73 1
48 299 56 1
417 419 27 1
224 417 43 0
411 430 25 1
112 431 4 1
112 113 31 0
432 433 27 0
432 434 16 0
346 432 14 1
18 435 37 0
125 269 45 0
186 280 33 0
280 282 27 1
50 300 46 0
74 186 47 0
172 173 30 1
194 374 9 0
361 397 4 0
281 282 75 1
78 436 44 1
373 379 17 1
277 351 161 1
206 357 18 0
206 437 9 0
357 437 17 0
398 438 113 1
311 439 68 0
256 257 44 0
440 441 8 0
99 442 49 0
99 253 25 0
261 443 23 0
53 428 29 0
220 221 4 1
10 174 80 1
444 445 33 1
444 446 47 0
309 447 19 1
327 426 59 1
107 448 52 0
152 448 47 0
237 449 35 0
148 237 43 1
249 450 65 1
26 451 31 0
26 273 50 0
452 453 31 0
384 454 56 0
61 407 62 0
309 341 33 0
201 217 40 0
201 242 81 1
329 355 51 0
93 317 27 1
47 311 38 0
309 323 59 1
122 323 76 1
139 415 45 0
358 398 61 0
257 301 88 1
85 455 52 1
81 456 21 0
81 414 45 0
96 352 60 0
453 457 51 0
167 168 83 0
132 458 13 0
267 458 31 0
405 451 49 0
74 425 56 0
459 460 142 1
121 459 54 0
461 462 26 0
461 463 116 1
325 464 30 1
31 361 37 0
31 304 102 1
309 427 32 1
342 421 60 1
109 465 99 1
109 466 39 0
456 467 78 0
404 456 86 1
273 462 36 0
450 468 53 0
251 450 31 0
79 324 45 0
238 469 37 0
238 449 56 1
238 468 53 0
142 235 68 1
54 428 83 1
215 464 24 0
48 49 39 0
190 330 43 1
330 331 50 0
355 470 45 0
250 355 68 1
37 471 132 1
49 50 65 1
120 430 54 0
191 360 33 0
472 473 30 0
468 469 36 0
370 414 67 1
269 406 42 0
406 473 80 1
324 470 40 0
470 474 56 0
293 470 43 0
57 430 57 1
346 433 29 0
72 391 94 1
6 339 32 1
223 419 76 1
164 368 49 0
436 474 52 0
449 468 50 0
103 475 39 0
403 460 96 0
428 429 36 0
396 455 91 1
75 425 23 0
243 475 40 0
148 149 73 0
121 460 57 0
90 412 49 0
358 437 45 0
136 369 81 1
143 476 129 1
15 377 97 1
1 265 28 0
1 301 105 1
1 415 38 0
2 254 76 1
3 137 50 0
3 265 78 1
4 338 94 1
5 6 29 0
5 339 48 1
6 338 46 1
8 9 14 1
8 211 96 0
8 212 177 1
9 10 105 1
9 11 19 0
9 211 163 1
9 212 117 0
9 321 60 1
10 172 86 1
11 211 98 0
11 212 180 1
11 321 72 1
12 44 44 0
12 45 68 1
13 14 30 1
13 153 35 1
13 154 34 0
13 399 65 0
14 44 35 0
14 153 62 1
15 375 49 0
16 106 76 1
16 107 55 0
17 73 134 1
17 441 91 1
18 106 28 0
18 107 49 0
19 405 31 0
20 123 52 0
20 125 18 0
21 103 41 0
23 307 33 0
23 451 71 0
23 472 46 0
24 272 69 0
24 451 37 0
26 405 92 1
27 44 41 0
27 67 14 1
27 68 52 0
28 44 73 1
28 67 31 0
29 211 44 0
29 212 112 1
30 31 51 0
30 37 187 1
30 367 146 0
31 397 35 0
32 212 65 1
33 471 20 0
34 35 24 1
34 36 19 1
34 471 35 0
35 36 25 0
35 326 47 0
35 471 43 0
36 471 24 0
37 95 158 1
37 367 97 1
38 69 84 1
39 40 30 0
39 233 36 0
40 41 48 0
40 261 93 0
40 443 101 0
41 69 41 0
42 103 23 0
42 394 70 1
42 475 30 0
43 320 38 0
43 475 27 0
44 66 70 1
44 67 57 1
45 100 52 0
46 192 32 1
47 49 46 0
48 50 21 0
48 300 26 0
49 439 52 0
50 192 33 0
51 428 38 0
52 53 51 0
52 54 75 1
52 221 76 1
52 314 41 1
53 429 37 0
55 286 55 0
55 322 73 1
55 382 37 0
56 444 49 0
56 445 57 1
57 446 59 1
58 91 47 0
58 337 75 1
58 439 110 1
59 439 76 1
62 305 45 0
63 65 29 0
63 77 28 0
63 78 8 1
63 305 73 0
64 360 96 1
65 77 42 0
66 100 99 1
69 70 72 1
69 233 35 0
69 371 77 0
69 373 76 0
69 379 108 1
70 228 275 1
70 229 262 1
70 235 60 1
70 336 216 0
70 435 332 1
71 386 46 0
71 390 84 1
71 391 94 1
72 386 76 1
72 390 62 0
73 126 30 0
73 155 69 0
73 280 67 1
73 441 100 0
74 75 57 1
74 126 54 1
75 185 52 1
75 407 86 1
75 424 30 0
76 324 32 1
76 436 12 0
80 120 168 1
80 283 93 0
80 414 54 0
80 456 50 0
81 413 37 0
82 215 47 0
82 288 22 0
83 243 83 1
85 288 35 1
85 396 71 0
85 464 104 1
86 146 59 0
86 332 26 0
86 412 22 0
87 90 25 0
87 145 46 0
87 412 67 1
88 333 20 1
89 372 48 0
91 274 54 0
91 337 34 0
92 156 40 1
92 327 65 1
92 426 76 1
93 157 81 1
93 188 26 0
94 246 50 0
94 422 56 1
95 367 204 1
95 422 80 1
96 198 116 0
96 304 93 0
97 253 51 1
98 99 52 1
98 252 19 0
98 442 54 1
99 252 36 0
100 325 142 1
101 325 49 1
102 318 33 0
102 320 46 1
103 320 29 0
103 394 31 0
104 278 54 0
105 151 70 1
105 152 31 0
106 107 36 1
108 465 49 1
108 466 48 0
110 175 40 0
112 114 76 1
113 347 68 0
113 431 32 0
114 431 76 1
115 359 78 0
115 442 78 0
116 199 96 1
116 201 88 1
116 454 115 1
117 196 36 0
117 459 47 0
118 122 10 0
120 411 68 1
120 414 100 0
121 196 102 1
123 222 59 1
123 269 82 0
126 186 41 1
126 280 15 0
126 282 30 0
127 282 51 1
128 267 38 0
129 130 25 1
129 131 48 0
129 132 43 1
129 267 52 0
129 277 72 1
129 350 84 1
129 458 62 1
130 131 33 0
130 132 57 1
130 312 81 1
132 267 48 1
132 350 91 1
133 306 41 1
133 315 32 1
134 136 41 1
134 202 48 1
134 310 67 1
135 315 17 1
137 415 55 0
138 264 51 1
138 452 75 1
138 457 59 0
140 467 26 0
141 143 11 0
141 467 24 0
141 476 131 1
142 228 270 1
142 229 161 0
142 334 363 1
142 336 213 0
142 435 328 1
143 467 36 1
144 402 66 0
146 378 97 1
147 279 71 0
147 281 62 0
148 236 15 0
149 395 20 1
150 444 26 0
150 445 14 0
151 444 72 1
153 154 13 0
155 441 45 0
156 188 3 1
158 167 48 1
158 381 31 0
159 463 52 0
160 381 52 1
161 166 34 0
162 167 43 1
163 181 59 1
163 369 102 1
163 421 70 0
164 384 38 1
165 443 121 1
165 452 84 1
165 453 78 1
166 263 91 0
167 461 32 0
167 463 56 0
168 305 77 0
168 463 29 0
169 286 99 1
169 438 27 1
170 344 34 0
171 173 46 0
171 174 44 0
171 344 43 1
172 174 60 1
172 197 6 0
173 174 60 1
173 344 59 1
174 197 42 0
175 187 46 0
175 326 39 0
176 366 50 0
176 367 64 1
176 426 42 0
178 245 6 0
178 266 51 1
179 244 92 1
179 266 48 1
179 368 54 0
179 383 65 0
180 312 62 0
180 368 113 1
180 369 46 0
182 223 11 1
182 419 48 0
183 184 9 1
184 214 59 0
184 223 46 1
185 407 36 1
185 425 40 0
186 407 72 1
187 326 68 0
188 317 67 1
189 359 83 1
189 360 24 1
192 256 31 0
192 315 166 1
193 371 27 0
193 372 49 1
193 374 9 0
194 372 49 1
195 358 35 0
195 423 80 0
195 438 38 0
196 459 15 0
198 246 105 0
198 294 84 1
199 217 59 0
199 239 86 1
199 240 89 1
200 240 21 0
202 310 36 1
204 310 32 0
204 421 57 0
205 207 48 1
205 209 30 0
205 271 46 0
205 348 30 0
205 349 22 0
206 271 46 0
206 349 68 1
206 358 41 0
207 348 9 0
208 209 26 0
208 348 19 0
210 348 25 1
210 352 35 1
211 321 77 0
212 321 92 0
213 302 34 0
213 303 33 0
213 316 72 1
214 268 56 1
215 288 57 0
215 303 57 1
216 242 57 1
217 342 77 0
217 420 57 0
217 454 77 0
218 314 44 1
219 466 20 0
221 314 36 0
224 473 76 0
225 273 39 0
225 318 38 1
225 319 35 1
225 461 62 1
225 462 44 1
226 318 22 0
227 461 48 1
227 462 30 1
228 235 267 1
228 334 291 1
228 336 168 0
228 404 5 0
228 435 160 0
228 456 84 1
229 235 254 1
229 334 174 0
229 336 256 1
229 435 243 1
230 278 62 0
230 370 87 0
230 393 134 1
230 456 53 0
231 448 73 1
232 423 129 1
232 448 59 1
234 235 21 0
235 334 360 1
235 336 337 1
235 435 324 1
237 238 65 0
240 241 18 0
244 434 92 1
246 304 131 1
246 361 57 1
246 397 52 1
248 249 78 1
249 251 17 1
250 293 59 1
250 470 40 1
251 289 35 1
252 442 25 1
254 315 145 1
255 347 54 0
256 315 88 0
257 347 76 0
258 362 38 1
258 363 62 1
258 443 85 0
259 389 60 1
260 452 65 1
260 453 17 1
260 457 48 0
263 272 94 0
264 452 56 1
265 415 76 1
270 376 45 0
270 400 113 1
270 440 14 1
270 441 20 1
271 349 43 1
271 422 40 0
272 381 37 0
274 298 50 0
276 277 30 0
276 312 68 1
276 365 19 0
277 354 188 1
277 365 65 1
278 393 36 0
281 377 84 1
283 411 19 0
283 414 88 0
283 430 27 1
283 446 88 1
284 308 40 1
284 340 57 1
285 322 42 0
285 323 43 0
285 382 70 1
285 427 24 0
285 447 40 1
286 438 68 0
287 340 36 0
288 455 49 0
289 450 27 0
294 304 66 0
295 387 34 0
296 352 80 1
297 387 48 0
302 316 48 1
302 464 41 0
303 464 49 1
306 431 36 0
307 472 28 0
308 447 26 0
310 311 38 0
312 365 78 1
313 465 97 1
320 394 48 1
322 382 10 0
323 410 56 1
323 427 22 0
324 436 19 0
324 474 48 0
328 408 14 0
329 330 40 1
331 408 48 1
331 469 102 1
332 412 38 1
333 412 17 1
334 435 41 0
334 457 62 1
335 435 53 0
335 457 44 0
336 435 43 1
336 457 76 1
338 364 174 0
338 365 315 1
341 447 25 0
342 420 81 1
343 388 19 0
345 433 42 0
348 352 28 0
350 353 38 0
350 458 56 0
351 354 32 1
355 474 37 0
356 437 25 0
357 358 29 0
362 363 20 0
363 385 57 1
363 386 51 0
363 389 52 0
366 426 38 0
370 393 8 0
371 379 30 0
372 373 49 1
372 378 47 0
376 440 59 1
376 441 39 0
380 418 30 0
380 419 41 1
387 388 41 1
392 413 20 0
392 414 46 1
398 400 48 0
398 423 36 0
401 476 67 0
402 403 71 0
402 476 60 0
403 476 30 1
406 472 46 0
409 430 47 0
410 411 70 1
413 414 20 0
416 473 60 0
420 454 57 1
427 447 41 1
430 446 80 1
433 434 33 0
449 469 92 1
460 476 153 1
465 466 78 1

CENÁRIO 4
PROBABILIDADE: 307/708 = 0.433616
QTD_ARESTAS_REQUERIDAS: 534
QTD_ARESTAS_NAO_REQUERIDAS: 570
1 2 62 0
1 3 68 1
4 5 35 1
4 6 47 0
7 8 60 0
7 9 89 1
7 10 131 1
7 11 58 0
12 13 76 1
12 14 30 0
12 15 59 0
16 17 73 1
16 18 35 0
19 20 83 1
19 21 56 1
19 22 45 0
19 23 50 0
24 25 72 1
24 26 51 0
27 28 24 0
29 30 47 0
29 31 96 1
29 32 60 1
33 34 32 0
33 35 52 1
33 36 44 1
33 37 107 1
38 39 54 0
38 40 78 1
38 41 16 0
42 43 30 0
44 45 105 1
46 47 48 0
46 48 49 1
46 49 22 0
46 50 35 1
51 52 51 0
51 53 25 0
51 54 59 1
55 56 59 0
55 57 58 0
58 59 40 1
58 60 64 1
58 61 99 1
62 63 41 0
62 64 45 0
62 65 14 0
66 67 35 0
66 68 46 1
39 69 12 1
39 41 43 0
39 70 38 0
71 72 49 0
73 74 20 1
73 75 48 0
76 77 65 1
76 78 31 0
76 79 32 0
80 81 60 1
82 83 53 0
82 84 43 0
82 85 68 1
86 87 24 0
86 88 60 1
86 89 75 1
86 90 41 0
59 91 96 1
59 60 51 1
92 93 80 1
94 95 27 0
94 96 81 1
97 98 1 1
97 99 52 1
100 101 97 1
43 102 42 0
43 103 30 1
104 105 60 1
104 106 70 1
104 107 46 0
108 109 62 1
34 110 49 0
111 112 5 0
111 113 35 0
111 114 70 1
115 116 46 0
117 118 99 1
117 119 46 1
117 120 42 0
117 121 113 1
117 122 89 1
123 124 31 0
123 125 39 0
126 127 33 0
128 129 20 0
128 130 15 0
128 131 34 0
128 132 25 0
133 134 36 0
133 135 17 1
133 136 92 1
137 138 57 0
137 139 25 0
140 141 49 0
140 142 81 0
140 143 70 1
140 144 96 0
145 146 55 0
90 145 36 0
147 148 71 0
147 149 47 0
56 150 78 1
150 151 23 0
150 152 59 1
28 153 48 0
28 154 54 0
17 155 27 1
156 157 57 1
158 159 33 0
158 160 8 0
158 161 67 1
158 162 18 0
163 164 65 0
40 69 59 1
40 165 81 1
40 70 32 0
159 160 34 0
159 166 51 0
159 167 33 0
159 161 40 1
159 168 71 0
56 169 69 0
170 171 40 0
170 172 36 1
170 173 11 1
170 174 52 1
157 175 30 0
176 177 83 1
178 179 32 1
180 181 18 0
182 183 35 1
182 184 24 0
185 186 48 0
157 187 105 1
157 188 57 1
189 190 102 1
189 191 60 1
47 192 40 0
49 192 37 0
193 194 5 0
169 195 48 0
119 196 43 1
197 198 102 1
10 197 50 0
199 200 38 0
199 201 24 0
202 203 51 1
202 204 30 1
136 202 49 0
205 206 37 0
207 208 41 1
207 209 1 1
207 210 32 1
211 212 47 0
32 211 76 1
213 214 65 1
213 215 44 0
91 216 92 1
116 217 60 1
218 219 102 1
52 218 80 1
218 220 40 1
218 221 36 1
183 222 48 0
183 223 44 1
183 224 68 1
225 226 28 0
225 227 16 1
228 229 27 1
228 230 22 0
231 232 52 1
107 231 17 0
233 234 1 1
233 235 21 0
236 237 18 0
236 238 128 1
83 124 48 0
83 84 33 1
200 239 49 1
239 240 33 1
239 241 9 1
239 242 46 0
124 125 55 0
124 243 91 1
244 245 67 1
95 246 81 1
96 246 31 0
247 248 40 1
247 249 62 1
247 250 52 1
247 251 47 0
252 253 76 1
254 255 81 1
254 256 35 1
254 257 24 0
258 259 32 0
165 260 58 0
165 261 63 0
25 262 110 0
160 262 118 0
166 262 91 0
262 263 68 1
3 264 107 1
261 264 71 0
264 265 72 0
266 267 113 1
222 268 46 0
222 269 75 1
232 270 63 0
155 270 80 1
142 234 88 1
177 271 61 0
25 272 62 1
272 273 57 0
274 275 78 0
216 274 6 0
242 274 57 1
130 276 41 0
130 277 46 0
105 278 44 0
127 279 22 0
279 280 28 0
186 279 32 0
279 281 48 0
279 282 16 0
109 219 50 0
120 283 39 0
284 285 44 0
284 286 56 0
284 287 14 1
84 288 62 0
84 289 99 1
84 243 51 0
290 291 9 1
290 292 81 1
290 293 78 1
294 295 78 1
294 296 52 0
294 297 49 1
64 65 68 1
64 191 62 0
275 298 65 1
216 298 53 0
242 298 31 0
14 45 71 0
60 299 39 0
60 300 64 1
255 301 54 1
255 257 48 1
107 232 49 0
302 303 11 0
151 152 24 1
198 304 40 1
65 305 89 1
65 78 33 0
135 306 41 1
113 306 49 0
22 307 47 0
285 308 32 0
285 287 36 0
285 309 31 0
203 310 40 1
203 204 24 0
203 311 29 0
131 312 26 0
313 314 77 0
54 313 96 1
144 313 52 0
310 315 78 1
214 316 84 1
316 317 84 1
318 319 40 1
318 320 56 1
8 321 59 1
8 11 11 0
57 322 46 0
118 119 73 1
118 323 88 1
79 291 40 0
291 324 54 0
303 325 64 1
110 326 16 0
326 327 91 1
328 329 81 1
328 330 31 0
190 328 28 0
328 331 21 0
77 305 61 0
77 78 49 1
77 79 39 0
332 333 30 0
88 332 25 0
89 332 65 1
334 335 25 1
334 336 25 1
20 269 51 1
61 337 30 0
338 339 76 1
5 338 81 1
110 187 91 1
35 110 38 0
308 340 48 1
308 341 43 1
287 308 27 1
275 342 99 1
343 344 77 0
99 345 44 0
345 346 80 1
301 347 120 1
348 349 45 0
350 351 61 0
208 296 91 1
208 352 16 0
208 210 7 0
351 353 40 1
353 354 44 0
248 355 65 1
248 250 68 1
87 146 43 0
206 356 18 0
356 357 27 1
356 358 24 0
190 359 52 0
359 360 100 1
191 359 84 1
95 361 83 1
259 362 14 1
259 363 33 1
220 314 59 1
54 314 48 0
364 365 54 1
366 367 86 1
327 366 17 1
67 68 47 0
181 368 74 0
181 369 67 1
278 370 56 1
371 372 19 0
194 371 24 0
371 373 25 0
371 374 20 0
375 376 129 1
281 375 89 1
375 377 48 0
373 378 38 1
89 378 73 1
378 379 27 0
223 380 41 0
25 381 112 1
162 381 21 0
340 341 52 1
179 245 24 0
57 382 48 0
383 384 48 0
368 383 38 1
164 383 46 1
385 386 54 1
344 387 51 0
297 344 92 1
344 388 67 0
102 292 70 1
292 293 16 1
386 389 65 0
386 390 147 1
386 391 150 1
226 227 56 1
102 226 65 1
226 319 9 0
2 256 44 0
2 48 81 1
2 257 52 0
2 50 57 1
392 393 10 0
370 392 16 0
21 394 16 0
395 396 29 0
148 395 74 0
335 336 49 1
30 397 67 1
30 361 62 1
30 32 132 1
195 398 47 0
376 399 76 1
399 400 110 1
15 399 89 1
184 268 81 1
401 402 15 0
401 403 75 0
144 401 71 0
229 230 37 0
229 404 13 0
22 23 19 0
22 405 67 1
22 406 24 1
127 186 20 1
127 407 48 0
25 26 108 1
25 263 113 1
41 379 44 0
295 297 35 1
295 388 91 1
330 408 36 0
190 408 33 1
409 410 14 0
409 411 34 0
323 409 73 1
372 374 23 0
200 241 52 1
119 122 45 0
238 240 57 0
88 412 28 1
393 413 29 0
393 414 38 0
3 139 70 1
3 415 8 0
416 417 36 0
224 416 38 1
418 419 50 0
223 418 27 0
420 421 112 1
177 367 100 1
177 422 81 1
400 423 41 1
74 424 57 0
424 425 14 0
160 166 51 1
160 161 37 0
160 162 40 1
68 426 47 0
410 427 43 0
227 319 43 1
227 273 62 1
23 405 33 0
23 406 49 1
52 220 47 0
52 428 24 0
52 429 57 0
15 376 55 0
376 377 83 1
390 391 11 0
299 300 10 0
139 299 73 1
48 299 35 0
417 419 17 0
224 417 43 0
411 430 16 0
112 431 4 1
112 113 49 1
432 433 27 0
432 434 25 1
346 432 9 0
18 435 37 0
125 269 72 1
186 280 52 1
280 282 27 1
50 300 73 1
74 186 75 1
172 173 30 1
194 374 9 0
361 397 6 1
281 282 47 0
78 436 44 1
373 379 11 0
277 351 101 0
206 357 28 1
206 437 14 1
357 437 17 0
398 438 71 0
311 439 68 0
256 257 70 1
440 441 8 0
99 442 49 0
99 253 25 0
261 443 23 0
53 428 29 0
220 221 4 1
10 174 50 0
444 445 21 0
444 446 75 1
309 447 19 1
327 426 37 0
107 448 52 0
152 448 47 0
237 449 56 1
148 237 27 0
249 450 41 0
26 451 49 1
26 273 50 0
452 453 49 1
384 454 56 0
61 407 62 0
309 341 52 1
201 217 64 1
201 242 51 0
329 355 81 1
93 317 17 0
47 311 38 0
309 323 37 0
122 323 76 1
139 415 45 0
358 398 97 1
257 301 55 0
85 455 33 0
81 456 33 1
81 414 45 0
96 352 96 1
453 457 81 1
167 168 83 0
132 458 13 0
267 458 31 0
405 451 49 0
74 425 89 1
459 460 142 1
121 459 54 0
461 462 26 0
461 463 73 0
325 464 19 0
31 361 59 1
31 304 64 0
309 427 20 0
342 421 38 0
109 465 99 1
109 466 39 0
456 467 124 1
404 456 54 0
273 462 57 1
450 468 53 0
251 450 49 1
79 324 45 0
238 469 59 1
238 449 56 1
238 468 84 1
142 235 43 0
54 428 52 0
215 464 38 1
48 49 39 0
190 330 43 1
330 331 50 0
355 470 72 1
250 355 43 0
37 471 83 0
49 50 41 0
120 430 54 0
191 360 33 0
472 473 48 1
468 469 57 1
370 414 42 0
269 406 42 0
406 473 50 0
324 470 40 0
470 474 56 0
293 470 43 0
57 430 57 1
346 433 29 0
72 391 59 0
6 339 20 0
223 419 48 0
164 368 78 1
436 474 52 0
449 468 80 1
103 475 39 0
403 460 153 1
428 429 57 1
396 455 91 1
75 425 36 1
243 475 40 0
148 149 116 1
121 460 57 0
90 412 78 1
358 437 45 0
136 369 81 1
143 476 81 0
15 377 61 0
1 265 28 0
1 301 105 1
1 415 60 1
2 254 48 0
3 137 80 1
3 265 49 0
4 338 94 1
5 6 29 0
5 339 30 0
6 338 46 1
8 9 14 1
8 211 96 0
8 212 177 1
9 10 66 0
9 11 19 0
9 211 163 1
9 212 187 1
9 321 38 0
10 172 54 0
11 211 98 0
11 212 113 0
11 321 45 0
12 44 70 1
12 45 68 1
13 14 19 0
13 153 22 0
13 154 54 1
13 399 104 1
14 44 35 0
14 153 62 1
15 375 49 0
16 106 76 1
16 107 88 1
17 73 134 1
17 441 91 1
18 106 28 0
18 107 49 0
19 405 49 1
20 123 83 1
20 125 28 1
21 103 41 0
23 307 33 0
23 451 113 1
23 472 73 1
24 272 69 0
24 451 37 0
26 405 92 1
27 44 65 1
27 67 14 1
27 68 52 0
28 44 73 1
28 67 31 0
29 211 44 0
29 212 112 1
30 31 81 1
30 37 187 1
30 367 146 0
31 397 35 0
32 212 41 0
33 471 20 0
34 35 15 0
34 36 19 1
34 471 35 0
35 36 40 1
35 326 75 1
35 471 43 0
36 471 24 0
37 95 99 0
37 367 97 1
38 69 84 1
39 40 48 1
39 233 57 1
40 41 48 0
40 261 148 1
40 443 161 1
41 69 41 0
42 103 23 0
42 394 44 0
42 475 30 0
43 320 38 0
43 475 27 0
44 66 70 1
44 67 36 0
45 100 83 1
46 192 32 1
47 49 46 0
48 50 33 1
48 300 26 0
49 439 83 1
50 192 52 1
51 428 38 0
52 53 51 0
52 54 47 0
52 221 48 0
52 314 26 0
53 429 37 0
55 286 88 1
55 322 73 1
55 382 37 0
56 444 49 0
56 445 36 0
57 446 37 0
58 91 47 0
58 337 75 1
58 439 110 1
59 439 76 1
62 305 72 1
63 65 46 1
63 77 44 1
63 78 8 1
63 305 73 0
64 360 96 1
65 77 67 1
66 100 62 0
69 70 45 0
69 233 35 0
69 371 77 0
69 373 121 1
69 379 68 0
70 228 172 0
70 229 262 1
70 235 60 1
70 336 216 0
70 435 208 0
71 386 46 0
71 390 53 0
71 391 59 0
72 386 48 0
72 390 99 1
73 126 48 1
73 155 69 0
73 280 42 0
73 441 100 0
74 75 57 1
74 126 54 1
75 185 52 1
75 407 54 0
75 424 30 0
76 324 20 0
76 436 19 1
80 120 105 0
80 283 93 0
80 414 54 0
80 456 80 1
81 413 37 0
82 215 75 1
82 288 22 0
83 243 52 0
85 288 35 1
85 396 71 0
85 464 65 0
86 146 59 0
86 332 41 1
86 412 35 1
87 90 25 0
87 145 73 1
87 412 67 1
88 333 13 0
89 372 76 1
91 274 86 1
91 337 34 0
92 156 40 1
92 327 41 0
92 426 48 0
93 157 51 0
93 188 41 1
94 246 80 1
94 422 56 1
95 367 128 0
95 422 80 1
96 198 116 0
96 304 93 0
97 253 32 0
98 99 33 0
98 252 30 1
98 442 54 1
99 252 57 1
100 325 89 0
101 325 49 1
102 318 52 1
102 320 29 0
103 320 29 0
103 394 31 0
104 278 86 1
105 151 70 1
105 152 31 0
106 107 23 0
108 465 31 0
108 466 48 0
110 175 64 1
112 114 48 0
113 347 68 0
113 431 32 0
114 431 76 1
115 359 124 1
115 442 124 1
116 199 96 1
116 201 55 0
116 454 72 0
117 196 36 0
117 459 47 0
118 122 16 1
120 411 43 0
120 414 100 0
121 196 64 0
123 222 37 0
123 269 82 0
126 186 41 1
126 280 24 1
126 282 48 1
127 282 51 1
128 267 38 0
129 130 25 1
129 131 76 1
129 132 27 0
129 267 83 1
129 277 72 1
129 350 53 0
129 458 39 0
130 131 52 1
130 132 36 0
130 312 51 0
132 267 30 0
132 350 91 1
133 306 26 0
133 315 20 0
134 136 26 0
134 202 30 0
134 310 42 0
135 315 11 0
137 415 55 0
138 264 32 0
138 452 47 0
138 457 94 1
140 467 41 1
141 143 17 1
141 467 24 0
141 476 131 1
142 228 270 1
142 229 161 0
142 334 363 1
142 336 213 0
142 435 205 0
143 467 23 0
144 402 105 1
146 378 97 1
147 279 113 1
147 281 99 1
148 236 24 1
149 395 20 1
150 444 41 1
150 445 14 0
151 444 72 1
153 154 20 1
155 441 72 1
156 188 2 0
158 167 30 0
158 381 31 0
159 463 52 0
160 381 52 1
161 166 34 0
162 167 27 0
163 181 37 0
163 369 64 0
163 421 112 1
164 384 38 1
165 443 76 0
165 452 84 1
165 453 78 1
166 263 91 0
167 461 32 0
167 463 56 0
168 305 123 1
168 463 46 1
169 286 99 1
169 438 27 1
170 344 34 0
171 173 73 1
171 174 44 0
171 344 27 0
172 174 38 0
172 197 6 0
173 174 38 0
173 344 59 1
174 197 67 1
175 187 73 1
175 326 39 0
176 366 50 0
176 367 64 1
176 426 42 0
178 245 9 1
178 266 51 1
179 244 92 1
179 266 48 1
179 368 86 1
179 383 104 1
180 312 62 0
180 368 113 1
180 369 46 0
182 223 7 0
182 419 76 1
183 184 6 0
184 214 59 0
184 223 29 0
185 407 36 1
185 425 40 0
186 407 45 0
187 326 108 1
188 317 67 1
189 359 83 1
189 360 24 1
192 256 49 1
192 315 166 1
193 371 27 0
193 372 49 1
193 374 9 0
194 372 49 1
195 358 56 1
195 423 80 0
195 438 38 0
196 459 24 1
198 246 105 0
198 294 84 1
199 217 94 1
199 239 86 1
199 240 89 1
200 240 33 1
202 310 36 1
204 310 32 0
204 421 57 0
205 207 48 1
205 209 30 0
205 271 73 1
205 348 48 1
205 349 22 0
206 271 46 0
206 349 68 1
206 358 41 0
207 348 14 1
208 209 41 1
208 348 19 0
210 348 25 1
210 352 22 0
211 321 77 0
212 321 92 0
213 302 34 0
213 303 33 0
213 316 72 1
214 268 56 1
215 288 57 0
215 303 57 1
216 242 57 1
217 342 77 0
217 420 91 1
217 454 77 0
218 314 28 0
219 466 32 1
221 314 36 0
224 473 121 1
225 273 62 1
225 318 24 0
225 319 35 1
225 461 62 1
225 462 44 1
226 318 35 1
227 461 48 1
227 462 30 1
228 235 167 0
228 334 291 1
228 336 268 1
228 404 5 0
228 435 256 1
228 456 53 0
229 235 254 1
229 334 278 1
229 336 256 1
229 435 243 1
230 278 62 0
230 370 87 0
230 393 84 0
230 456 53 0
231 448 46 0
232 423 129 1
232 448 59 1
234 235 33 1
235 334 360 1
235 336 337 1
235 435 203 0
237 238 104 1
240 241 28 1
244 434 58 0
246 304 82 0
246 361 36 0
246 397 33 0
248 249 78 1
249 251 11 0
250 293 59 1
250 470 25 0
251 289 35 1
252 442 25 1
254 315 145 1
255 347 54 0
256 315 140 1
257 347 121 1
258 362 38 1
258 363 39 0
258 443 136 1
259 389 60 1
260 452 65 1
260 453 11 0
260 457 48 0
263 272 94 0
264 452 56 1
265 415 48 0
270 376 72 1
270 400 113 1
270 440 14 1
270 441 20 1
271 349 43 1
271 422 64 1
272 381 37 0
274 298 50 0
276 277 30 0
276 312 68 1
276 365 19 0
277 354 188 1
277 365 41 0
278 393 36 0
281 377 53 0
283 411 19 0
283 414 140 1
283 430 27 1
283 446 88 1
284 308 40 1
284 340 57 1
285 322 42 0
285 323 43 0
285 382 70 1
285 427 38 1
285 447 40 1
286 438 108 1
287 340 36 0
288 455 49 0
289 450 27 0
294 304 66 0
295 387 34 0
296 352 80 1
297 387 76 1
302 316 48 1
302 464 65 1
303 464 31 0
306 431 36 0
307 472 44 1
308 447 41 1
310 311 38 0
312 365 49 0
313 465 97 1
320 394 48 1
322 382 10 0
323 410 35 0
323 427 22 0
324 436 19 0
324 474 48 0
328 408 22 1
329 330 25 0
331 408 30 0
331 469 64 0
332 412 38 1
333 412 17 1
334 435 65 1
334 457 39 0
335 435 84 1
335 457 44 0
336 435 43 1
336 457 76 1
338 364 278 1
338 365 315 1
341 447 40 1
342 420 51 0
343 388 19 0
345 433 67 1
348 352 44 1
350 353 38 0
350 458 56 0
351 354 20 0
355 474 59 1
356 437 25 0
357 358 29 0
362 363 32 1
363 385 57 1
363 386 81 1
363 389 52 0
366 426 38 0
370 393 8 0
371 379 48 1
372 373 49 1
372 378 47 0
376 440 37 0
376 441 39 0
380 418 30 0
380 419 41 1
387 388 41 1
392 413 32 1
392 414 29 0
398 400 48 0
398 423 36 0
401 476 107 1
402 403 71 0
402 476 96 1
403 476 30 1
406 472 46 0
409 430 75 1
410 411 70 1
413 414 32 1
416 473 60 0
420 454 57 1
427 447 41 1
430 446 80 1
433 434 33 0
449 469 92 1
460 476 153 1
465 466 78 1

CENÁRIO 5
PROBABILIDADE: 145/708 = 0.204802
QTD_ARESTAS_REQUERIDAS: 541
QTD_ARESTAS_NAO_REQUERIDAS: 563
1 2 99 1
1 3 68 1
4 5 22 0
4 6 47 0
7 8 60 0
7 9 89 1
7 10 82 0
7 11 92 1
12 13 48 0
12 14 48 1
12 15 94 1
16 17 73 1
16 18 35 0
19 20 52 0
19 21 35 0
19 22 72 1
19 23 50 0
24 25 45 0
24 26 81 1
27 28 38 1
29 30 75 1
29 31 60 0
29 32 38 0
33 34 51 1
33 35 33 0
33 36 28 0
33 37 67 0
38 39 54 0
38 40 78 1
38 41 16 0
42 43 30 0
44 45 66 0
46 47 76 1
46 48 31 0
46 49 22 0
46 50 35 1
51 52 51 0
51 53 40 1
51 54 59 1
55 56 59 0
55 57 58 0
58 59 25 0
58 60 64 1
58 61 99 1
62 63 65 1
62 64 45 0
62 65 14 0
66 67 56 1
66 68 46 1
39 69 12 1
39 41 43 0
39 70 60 1
71 72 78 1
73 74 13 0
73 75 76 1
76 77 41 0
76 78 49 1
76 79 51 1
80 81 38 0
82 83 84 1
82 84 43 0
82 85 68 1
86 87 38 1
86 88 60 1
86 89 47 0
86 90 65 1
59 91 60 0
59 60 32 0
92 93 80 1
94 95 43 1
94 96 81 1
97 98 1 0
97 99 52 1
100 101 61 0
43 102 42 0
43 103 19 0
104 105 38 0
104 106 70 1
104 107 46 0
108 109 62 1
34 110 49 0
111 112 8 1
111 113 56 1
111 114 44 0
115 116 73 1
117 118 62 0
117 119 46 1
117 120 67 1
117 121 113 1
117 122 56 0
123 124 49 1
123 125 39 0
126 127 33 0
128 129 20 0
128 130 24 1
128 131 34 0
128 132 40 1
133 134 57 1
133 135 17 1
133 136 92 1
137 138 91 1
137 139 25 0
140 141 78 1
140 142 81 0
140 143 70 1
140 144 96 0
145 146 55 0
90 145 36 0
147 148 71 0
147 149 75 1
56 150 49 0
150 151 23 0
150 152 59 1
28 153 76 1
28 154 54 0
17 155 27 1
156 157 36 0
158 159 33 0
158 160 12 1
158 161 42 0
158 162 18 0
163 164 104 1
40 69 37 0
40 165 81 1
40 70 51 1
159 160 54 1
159 166 51 0
159 167 33 0
159 161 40 1
159 168 71 0
56 169 69 0
170 171 64 1
170 172 36 1
170 173 11 1
170 174 33 0
157 175 30 0
176 177 52 0
178 179 32 1
180 181 28 1
182 183 22 0
182 184 24 0
185 186 48 0
157 187 66 0
157 188 36 0
189 190 64 0
189 191 38 0
47 192 40 0
49 192 37 0
193 194 8 1
169 195 76 1
119 196 27 0
197 198 102 1
10 197 80 1
199 200 60 1
199 201 24 0
202 203 32 0
202 204 19 0
136 202 49 0
205 206 59 1
207 208 26 0
207 209 1 0
207 210 20 0
211 212 47 0
32 211 76 1
213 214 65 1
213 215 44 0
91 216 92 1
116 217 60 1
218 219 64 0
52 218 80 1
218 220 40 1
218 221 36 1
183 222 48 0
183 223 28 0
183 224 43 0
225 226 44 1
225 227 10 0
228 229 17 0
228 230 22 0
231 232 33 0
107 231 17 0
233 234 1 1
233 235 21 0
236 237 18 0
236 238 128 1
83 124 76 1
83 84 33 1
200 239 49 1
239 240 33 1
239 241 6 0
239 242 73 1
124 125 55 0
124 243 91 1
244 245 67 1
95 246 51 0
96 246 49 1
247 248 40 1
247 249 39 0
247 250 52 1
247 251 75 1
252 253 76 1
254 255 81 1
254 256 22 0
254 257 24 0
258 259 32 0
165 260 58 0
165 261 100 1
25 262 110 0
160 262 118 0
166 262 91 0
262 263 68 1
3 264 107 1
261 264 71 0
264 265 72 0
266 267 113 1
222 268 46 0
222 269 47 0
232 270 100 1
155 270 50 0
142 234 55 0
177 271 97 1
25 272 39 0
272 273 91 1
274 275 124 1
216 274 6 0
242 274 57 1
130 276 41 0
130 277 73 1
105 278 44 0
127 279 22 0
279 280 44 1
186 279 51 1
279 281 48 0
279 282 16 0
109 219 80 1
120 283 62 1
284 285 70 1
284 286 56 0
284 287 14 1
84 288 62 0
84 289 62 0
84 243 51 0
290 291 9 1
290 292 51 0
290 293 49 0
294 295 78 1
294 296 83 1
294 297 49 1
64 65 43 0
64 191 99 1
275 298 65 1
216 298 53 0
242 298 49 1
14 45 71 0
60 299 39 0
60 300 40 0
255 301 34 0
255 257 48 1
107 232 78 1
302 303 17 1
151 152 24 1
198 304 25 0
65 305 89 1
65 78 33 0
135 306 26 0
113 306 49 0
22 307 47 0
285 308 51 1
285 287 36 0
285 309 49 1
203 310 25 0
203 204 24 0
203 311 29 0
131 312 26 0
313 314 123 1
54 313 96 1
144 313 52 0
310 315 49 0
214 316 84 1
316 317 53 0
318 319 25 0
318 320 35 0
8 321 59 1
8 11 11 0
57 322 73 1
118 119 46 0
118 323 88 1
79 291 40 0
291 324 54 0
303 325 64 1
110 326 16 0
326 327 57 0
328 329 51 0
328 330 31 0
190 328 28 0
328 331 21 0
77 305 61 0
77 78 49 1
77 79 62 1
332 333 48 1
88 332 40 1
89 332 41 0
334 335 25 1
334 336 25 1
20 269 51 1
61 337 48 1
338 339 48 0
5 338 51 0
110 187 91 1
35 110 60 1
308 340 30 0
308 341 43 1
287 308 27 1
275 342 62 0
343 344 77 0
99 345 44 0
345 346 80 1
301 347 75 0
348 349 72 1
350 351 61 0
208 296 57 0
208 352 16 0
208 210 11 1
351 353 40 1
353 354 44 0
248 355 65 1
248 250 68 1
87 146 43 0
206 356 28 1
356 357 17 0
356 358 38 1
190 359 52 0
359 360 100 1
191 359 84 1
95 361 83 1
259 362 9 0
259 363 33 1
220 314 37 0
54 314 76 1
364 365 34 0
366 367 86 1
327 366 17 1
67 68 75 1
181 368 118 1
181 369 42 0
278 370 56 1
371 372 19 0
194 371 38 1
371 373 25 0
371 374 32 1
375 376 129 1
281 375 89 1
375 377 48 0
373 378 38 1
89 378 73 1
378 379 43 1
223 380 65 1
25 381 112 1
162 381 21 0
340 341 52 1
179 245 38 1
57 382 76 1
383 384 48 0
368 383 24 0
164 383 29 0
385 386 34 0
344 387 51 0
297 344 58 0
344 388 107 1
102 292 70 1
292 293 16 1
386 389 104 1
386 390 92 0
386 391 150 1
226 227 35 0
102 226 41 0
226 319 14 1
2 256 44 0
2 48 51 0
2 257 83 1
2 50 57 1
392 393 10 0
370 392 16 0
21 394 25 1
395 396 46 1
148 395 74 0
335 336 49 1
30 397 67 1
30 361 62 1
30 32 83 0
195 398 47 0
376 399 48 0
399 400 110 1
15 399 56 0
184 268 81 1
401 402 24 1
401 403 75 0
144 401 113 1
229 230 59 1
229 404 13 0
22 23 19 0
22 405 67 1
22 406 15 0
127 186 13 0
127 407 76 1
25 26 108 1
25 263 71 0
41 379 44 0
295 297 35 1
295 388 57 0
330 408 36 0
190 408 33 1
409 410 22 1
409 411 54 1
323 409 73 1
372 374 23 0
200 241 33 0
119 122 72 1
238 240 91 1
88 412 28 1
393 413 29 0
393 414 60 1
3 139 70 1
3 415 8 0
416 417 36 0
224 416 38 1
418 419 80 1
223 418 27 0
420 421 70 0
177 367 100 1
177 422 81 1
400 423 26 0
74 424 57 0
424 425 22 1
160 166 51 1
160 161 37 0
160 162 25 0
68 426 75 1
410 427 68 1
227 319 27 0
227 273 39 0
23 405 33 0
23 406 31 0
52 220 75 1
52 428 24 0
52 429 57 0
15 376 55 0
376 377 83 1
390 391 17 1
299 300 10 0
139 299 73 1
48 299 35 0
417 419 27 1
224 417 43 0
411 430 16 0
112 431 3 0
112 113 31 0
432 433 27 0
432 434 16 0
346 432 9 0
18 435 37 0
125 269 72 1
186 280 52 1
280 282 27 1
50 300 73 1
74 186 75 1
172 173 30 1
194 374 9 0
361 397 4 0
281 282 47 0
78 436 44 1
373 379 17 1
277 351 161 1
206 357 18 0
206 437 14 1
357 437 17 0
398 438 71 0
311 439 108 1
256 257 44 0
440 441 12 1
99 442 78 1
99 253 25 0
261 443 23 0
53 428 29 0
220 221 3 0
10 174 80 1
444 445 33 1
444 446 47 0
309 447 12 0
327 426 37 0
107 448 83 1
152 448 47 0
237 449 56 1
148 237 27 0
249 450 41 0
26 451 49 1
26 273 50 0
452 453 49 1
384 454 56 0
61 407 99 1
309 341 52 1
201 217 64 1
201 242 81 1
329 355 81 1
93 317 27 1
47 311 38 0
309 323 37 0
122 323 76 1
139 415 72 1
358 398 97 1
257 301 55 0
85 455 33 0
81 456 21 0
81 414 45 0
96 352 60 0
453 457 51 0
167 168 132 1
132 458 13 0
267 458 31 0
405 451 49 0
74 425 56 0
459 460 142 1
121 459 86 1
461 462 26 0
461 463 116 1
325 464 30 1
31 361 59 1
31 304 64 0
309 427 32 1
342 421 38 0
109 465 62 0
109 466 62 1
456 467 124 1
404 456 86 1
273 462 57 1
450 468 84 1
251 450 49 1
79 324 45 0
238 469 37 0
238 449 35 0
238 468 53 0
142 235 43 0
54 428 83 1
215 464 24 0
48 49 39 0
190 330 43 1
330 331 80 1
355 470 45 0
250 355 43 0
37 471 83 0
49 50 65 1
120 430 54 0
191 360 33 0
472 473 48 1
468 469 36 0
370 414 42 0
269 406 42 0
406 473 50 0
324 470 64 1
470 474 89 1
293 470 43 0
57 430 36 0
346 433 29 0
72 391 94 1
6 339 20 0
223 419 48 0
164 368 49 0
436 474 83 1
449 468 50 0
103 475 62 1
403 460 96 0
428 429 57 1
396 455 91 1
75 425 23 0
243 475 40 0
148 149 73 0
121 460 57 0
90 412 78 1
358 437 72 1
136 369 81 1
143 476 81 0
15 377 61 0
1 265 44 1
1 301 105 1
1 415 60 1
2 254 48 0
3 137 50 0
3 265 78 1
4 338 59 0
5 6 29 0
5 339 30 0
6 338 46 1
8 9 9 0
8 211 96 0
8 212 177 1
9 10 66 0
9 11 19 0
9 211 163 1
9 212 117 0
9 321 38 0
10 172 54 0
11 211 98 0
11 212 113 0
11 321 45 0
12 44 44 0
12 45 68 1
13 14 30 1
13 153 22 0
13 154 34 0
13 399 104 1
14 44 35 0
14 153 62 1
15 375 49 0
16 106 76 1
16 107 55 0
17 73 134 1
17 441 91 1
18 106 44 1
18 107 49 0
19 405 31 0
20 123 52 0
20 125 28 1
21 103 41 0
23 307 52 1
23 451 71 0
23 472 73 1
24 272 110 1
24 451 59 1
26 405 92 1
27 44 65 1
27 67 14 1
27 68 83 1
28 44 46 0
28 67 31 0
29 211 70 1
29 212 70 0
30 31 81 1
30 37 187 1
30 367 146 0
31 397 56 1
32 212 41 0
33 471 32 1
34 35 15 0
34 36 12 0
34 471 35 0
35 36 40 1
35 326 47 0
35 471 43 0
36 471 24 0
37 95 99 0
37 367 61 0
38 69 53 0
39 40 30 0
39 233 36 0
40 41 48 0
40 261 93 0
40 443 161 1
41 69 41 0
42 103 23 0
42 394 70 1
42 475 48 1
43 320 60 1
43 475 27 0
44 66 70 1
44 67 36 0
45 100 83 1
46 192 32 1
47 49 73 1
48 50 33 1
48 300 41 1
49 439 52 0
50 192 33 0
51 428 38 0
52 53 81 1
52 54 75 1
52 221 48 0
52 314 41 1
53 429 37 0
55 286 88 1
55 322 73 1
55 382 59 1
56 444 78 1
56 445 57 1
57 446 37 0
58 91 75 1
58 337 47 0
58 439 110 1
59 439 48 0
62 305 72 1
63 65 46 1
63 77 28 0
63 78 8 1
63 305 73 0
64 360 96 1
65 77 42 0
66 100 99 1
69 70 72 1
69 233 56 1
69 371 77 0
69 373 76 0
69 379 108 1
70 228 275 1
70 229 262 1
70 235 38 0
70 336 216 0
70 435 332 1
71 386 73 1
71 390 84 1
71 391 59 0
72 386 48 0
72 390 62 0
73 126 30 0
73 155 69 0
73 280 67 1
73 441 100 0
74 75 57 1
74 126 34 0
75 185 52 1
75 407 54 0
75 424 48 1
76 324 20 0
76 436 12 0
80 120 168 1
80 283 148 1
80 414 86 1
80 456 50 0
81 413 59 1
82 215 47 0
82 288 35 1
83 243 83 1
85 288 22 0
85 396 71 0
85 464 104 1
86 146 94 1
86 332 41 1
86 412 35 1
87 90 25 0
87 145 46 0
87 412 67 1
88 333 20 1
89 372 76 1
91 274 86 1
91 337 34 0
92 156 25 0
92 327 41 0
92 426 48 0
93 157 51 0
93 188 26 0
94 246 50 0
94 422 56 1
95 367 128 0
95 422 50 0
96 198 116 0
96 304 93 0
97 253 32 0
98 99 33 0
98 252 19 0
98 442 34 0
99 252 57 1
100 325 142 1
101 325 31 0
102 318 52 1
102 320 46 1
103 320 46 1
103 394 31 0
104 278 86 1
105 151 44 0
105 152 49 1
106 107 36 1
108 465 49 1
108 466 76 1
110 175 64 1
112 114 48 0
113 347 68 0
113 431 51 1
114 431 48 0
115 359 124 1
115 442 124 1
116 199 96 1
116 201 55 0
116 454 72 0
117 196 57 1
117 459 75 1
118 122 10 0
120 411 43 0
120 414 160 1
121 196 102 1
123 222 59 1
123 269 131 1
126 186 26 0
126 280 24 1
126 282 30 0
127 282 32 0
128 267 38 0
129 130 25 1
129 131 48 0
129 132 43 1
129 267 52 0
129 277 45 0
129 350 53 0
129 458 39 0
130 131 52 1
130 132 57 1
130 312 51 0
132 267 48 1
132 350 91 1
133 306 26 0
133 315 20 0
134 136 41 1
134 202 48 1
134 310 67 1
135 315 11 0
137 415 88 1
138 264 51 1
138 452 47 0
138 457 94 1
140 467 41 1
141 143 11 0
141 467 24 0
141 476 131 1
142 228 270 1
142 229 257 1
142 334 363 1
142 336 213 0
142 435 328 1
143 467 36 1
144 402 66 0
146 378 97 1
147 279 113 1
147 281 99 1
148 236 24 1
149 395 20 1
150 444 41 1
150 445 14 0
151 444 45 0
153 154 20 1
155 441 72 1
156 188 2 0
158 167 30 0
158 381 31 0
159 463 52 0
160 381 52 1
161 166 54 1
162 167 27 0
163 181 59 1
163 369 64 0
163 421 112 1
164 384 38 1
165 443 76 0
165 452 53 0
165 453 49 0
166 263 91 0
167 461 51 1
167 463 56 0
168 305 77 0
168 463 29 0
169 286 99 1
169 438 27 1
170 344 54 1
171 173 73 1
171 174 70 1
171 344 27 0
172 174 60 1
172 197 9 1
173 174 38 0
173 344 59 1
174 197 67 1
175 187 46 0
175 326 39 0
176 366 80 1
176 367 40 0
176 426 42 0
178 245 9 1
178 266 51 1
179 244 92 1
179 266 30 0
179 368 54 0
179 383 65 0
180 312 62 0
180 368 113 1
180 369 73 1
182 223 11 1
182 419 76 1
183 184 6 0
184 214 94 1
184 223 29 0
185 407 23 0
185 425 64 1
186 407 45 0
187 326 68 0
188 317 67 1
189 359 83 1
189 360 24 1
192 256 49 1
192 315 104 0
193 371 27 0
193 372 49 1
193 374 9 0
194 372 49 1
195 358 56 1
195 423 80 0
195 438 60 1
196 459 15 0
198 246 105 0
198 294 53 0
199 217 59 0
199 239 86 1
199 240 56 0
200 240 21 0
202 310 36 1
204 310 51 1
204 421 91 1
205 207 30 0
205 209 30 0
205 271 46 0
205 348 30 0
205 349 22 0
206 271 73 1
206 349 43 0
206 358 41 0
207 348 14 1
208 209 26 0
208 348 30 1
210 348 25 1
210 352 35 1
211 321 123 1
212 321 92 0
213 302 34 0
213 303 52 1
213 316 72 1
214 268 56 1
215 288 91 1
215 303 57 1
216 242 57 1
217 342 77 0
217 420 57 0
217 454 123 1
218 314 28 0
219 466 20 0
221 314 36 0
224 473 76 0
225 273 62 1
225 318 24 0
225 319 22 0
225 461 39 0
225 462 44 1
226 318 35 1
227 461 48 1
227 462 30 1
228 235 267 1
228 334 182 0
228 336 168 0
228 404 8 1
228 435 160 0
228 456 53 0
229 235 254 1
229 334 174 0
229 336 160 0
229 435 243 1
230 278 62 0
230 370 87 0
230 393 134 1
230 456 84 1
231 448 73 1
232 423 81 0
232 448 37 0
234 235 33 1
235 334 360 1
235 336 337 1
235 435 203 0
237 238 104 1
240 241 18 0
244 434 92 1
246 304 131 1
246 361 57 1
246 397 52 1
248 249 78 1
249 251 17 1
250 293 37 0
250 470 25 0
251 289 35 1
252 442 25 1
254 315 91 0
255 347 86 1
256 315 140 1
257 347 76 0
258 362 38 1
258 363 62 1
258 443 85 0
259 389 38 0
260 452 65 1
260 453 11 0
260 457 76 1
263 272 150 1
264 452 56 1
265 415 48 0
270 376 45 0
270 400 113 1
270 440 9 0
270 441 13 0
271 349 27 0
271 422 40 0
272 381 59 1
274 298 80 1
276 277 48 1
276 312 43 0
276 365 30 1
277 354 188 1
277 365 41 0
278 393 36 0
281 377 84 1
283 411 19 0
283 414 140 1
283 430 17 0
283 446 55 0
284 308 25 0
284 340 36 0
285 322 67 1
285 323 43 0
285 382 70 1
285 427 24 0
285 447 25 0
286 438 108 1
287 340 36 0
288 455 49 0
289 450 43 1
294 304 66 0
295 387 54 1
296 352 50 0
297 387 48 0
302 316 48 1
302 464 41 0
303 464 31 0
306 431 57 1
307 472 44 1
308 447 26 0
310 311 60 1
312 365 49 0
313 465 97 1
320 394 30 0
322 382 16 1
323 410 56 1
323 427 35 1
324 436 30 1
324 474 76 1
328 408 14 0
329 330 40 1
331 408 30 0
331 469 102 1
332 412 38 1
333 412 11 0
334 435 41 0
334 457 62 1
335 435 84 1
335 457 70 1
336 435 43 1
336 457 48 0
338 364 278 1
338 365 197 0
341 447 25 0
342 420 81 1
343 388 19 0
345 433 67 1
348 352 44 1
350 353 60 1
350 458 89 1
351 354 20 0
355 474 37 0
356 437 25 0
357 358 29 0
362 363 20 0
363 385 57 1
363 386 81 1
363 389 52 0
366 426 60 1
370 393 8 0
371 379 30 0
372 373 31 0
372 378 47 0
376 440 37 0
376 441 39 0
380 418 30 0
380 419 26 0
387 388 41 1
392 413 32 1
392 414 29 0
398 400 76 1
398 423 57 1
401 476 107 1
402 403 71 0
402 476 96 1
403 476 30 1
406 472 73 1
409 430 47 0
410 411 70 1
413 414 20 0
416 473 60 0
420 454 36 0
427 447 26 0
430 446 80 1
433 434 52 1
449 469 58 0
460 476 96 0
465 466 78 1

