NUMERO_DE_VERTICES: 490
NUMERO_DE_ARESTAS: 1305
NUMERO_DE_CENARIOS: 5
INFLACAO: 60 %
PRIMEIRO ESTÁGIO:
1 2 16
1 3 71
1 4 52
5 6 15
5 7 27
5 8 42
9 10 38
9 11 27
12 13 50
14 15 8
14 16 32
17 18 51
17 19 90
17 20 68
17 21 76
22 23 12
22 24 27
22 25 39
26 27 46
26 28 28
26 29 30
30 31 8
30 32 33
30 33 26
30 34 40
30 35 29
30 36 3
37 38 36
37 39 34
40 41 16
40 42 28
43 44 13
43 45 48
43 46 20
43 47 32
43 48 32
49 50 35
49 51 31
52 53 63
52 54 46
52 55 31
2 56 44
2 57 40
2 51 35
58 59 11
58 60 39
58 61 15
58 62 44
63 64 23
63 65 41
66 67 54
68 69 51
70 71 55
70 72 45
70 73 40
70 74 54
70 75 20
76 77 86
76 78 19
76 79 47
76 80 40
81 82 57
13 81 36
81 83 68
23 25 44
84 85 46
86 87 27
86 88 63
86 89 40
86 90 60
86 91 41
92 93 6
92 94 62
44 47 23
95 96 40
95 97 26
95 98 22
99 100 50
99 101 12
102 103 27
102 104 58
102 105 31
106 107 59
106 108 65
106 109 4
110 111 70
110 112 24
113 114 27
113 115 23
113 116 36
113 117 55
113 118 39
113 119 33
120 121 40
120 122 55
123 124 46
115 123 59
108 123 55
123 125 46
126 127 34
126 128 16
129 130 13
131 132 52
131 133 50
131 134 29
131 135 32
121 136 59
130 136 13
137 138 27
137 139 97
137 140 48
141 142 31
143 144 42
143 145 39
85 143 51
143 146 31
143 147 31
143 148 60
149 150 42
149 151 50
82 152 52
33 152 35
153 154 58
155 156 22
155 157 12
155 158 44
121 159 66
159 160 68
18 161 71
107 162 21
124 162 64
162 163 38
162 164 42
162 165 48
166 167 68
166 168 79
166 169 69
166 170 23
171 172 41
24 173 43
174 175 33
174 176 55
174 177 62
83 174 7
178 179 60
178 180 41
154 181 31
181 182 45
183 184 45
97 183 18
98 183 34
185 186 13
185 187 12
107 188 51
107 189 60
107 164 42
103 190 49
103 105 18
103 127 44
61 191 33
192 193 80
192 194 80
192 195 22
196 197 72
138 140 37
198 199 55
182 198 57
134 200 48
200 201 35
200 202 34
200 203 30
31 204 17
204 205 79
190 206 67
127 190 39
190 207 42
208 209 47
208 210 40
211 212 60
213 214 74
213 215 23
213 216 38
93 217 69
217 218 64
217 219 55
45 220 54
45 46 53
221 222 14
221 223 23
224 225 35
38 212 60
38 39 45
38 226 64
227 228 28
229 230 98
222 231 41
232 233 51
232 234 34
232 235 35
232 236 42
237 238 43
139 237 39
140 237 72
184 239 28
97 184 29
98 184 42
240 241 35
240 242 16
240 243 53
244 245 55
246 247 66
246 248 55
249 250 50
249 251 51
186 249 21
187 249 42
163 252 42
188 252 46
165 252 31
21 252 44
253 254 39
253 255 43
42 256 62
256 257 13
256 258 30
259 260 33
212 261 41
262 263 42
140 262 28
264 265 18
264 266 46
74 264 74
267 268 41
269 270 62
269 271 35
260 272 59
272 273 46
272 274 48
254 275 50
94 254 41
254 276 40
179 247 43
179 277 38
179 180 38
90 179 45
278 279 35
278 280 4
74 265 66
281 282 63
281 283 77
114 284 25
114 119 22
245 285 51
286 287 43
286 288 32
118 286 21
62 286 45
53 250 45
108 124 58
124 289 58
157 290 39
160 290 19
118 287 37
287 291 40
62 287 46
292 293 70
294 295 28
294 296 35
294 297 66
294 298 18
299 300 86
299 301 22
302 303 50
175 176 38
118 288 33
132 304 49
305 306 74
305 307 74
305 308 70
305 309 25
111 279 71
279 310 56
193 311 39
194 311 39
311 312 13
133 313 48
266 314 65
266 315 30
316 317 62
316 318 27
319 320 22
319 321 44
322 323 20
322 324 20
322 325 18
322 326 31
87 327 33
88 327 37
327 328 56
91 327 50
93 218 31
93 94 59
93 329 61
330 331 18
330 332 72
330 333 60
334 335 60
334 336 55
334 337 54
101 338 47
338 339 39
167 168 14
167 268 74
59 340 47
19 59 47
59 60 43
35 82 37
82 341 75
310 342 67
89 247 70
90 247 50
343 344 45
343 345 53
343 346 66
343 347 42
64 263 52
140 263 24
31 33 31
177 340 58
60 340 6
348 349 48
348 350 33
10 11 48
10 351 69
352 353 52
352 354 51
352 355 55
291 356 15
62 356 55
261 357 19
154 209 60
87 358 62
87 91 19
20 104 90
168 268 79
331 332 75
270 359 24
359 360 54
13 359 53
177 361 63
260 362 17
260 363 64
65 260 29
94 255 38
255 276 42
64 364 20
64 365 19
242 243 40
75 366 27
41 243 14
225 300 34
353 367 70
353 368 71
344 369 64
344 347 34
370 371 35
370 372 100
156 157 14
156 373 31
156 374 24
273 362 69
65 362 44
250 375 13
157 374 33
376 377 36
376 378 49
378 379 78
379 380 76
238 364 69
364 365 18
381 382 55
383 384 73
383 385 37
383 386 77
387 388 10
387 389 15
390 391 47
27 390 62
390 392 37
393 394 71
268 393 37
393 395 81
393 396 78
206 397 69
128 206 67
88 358 45
88 351 68
88 329 51
193 398 40
193 195 87
277 399 60
399 400 30
13 270 53
170 401 32
20 402 48
402 403 20
42 404 20
72 228 36
74 228 49
11 405 43
371 405 78
6 8 38
20 391 74
13 360 42
161 165 44
161 289 37
161 406 31
21 161 42
230 407 107
230 408 56
236 349 34
349 409 25
371 410 70
410 411 54
79 176 15
176 291 42
257 258 31
412 413 21
412 414 8
412 415 37
111 416 59
111 160 55
417 418 51
258 417 72
69 417 61
151 417 64
100 419 61
100 101 45
100 420 41
100 339 39
218 421 77
421 422 69
61 423 33
96 423 37
165 188 41
354 424 37
73 354 17
354 368 60
27 28 39
27 29 70
122 413 55
413 415 55
333 413 44
77 205 86
77 425 54
408 426 77
350 426 39
427 428 49
202 427 49
105 429 39
142 332 69
323 325 35
323 326 16
323 430 22
7 431 42
7 432 36
122 414 47
122 386 38
414 433 58
238 434 22
140 238 42
225 397 31
225 369 66
3 317 70
3 231 38
3 57 68
233 234 35
116 435 35
284 435 32
296 435 52
435 436 11
56 324 11
56 325 26
248 418 45
151 418 23
125 382 13
29 437 61
195 437 46
351 419 64
339 419 24
234 438 38
235 438 26
236 438 37
234 235 45
54 234 34
130 160 60
160 373 37
128 397 48
207 397 37
345 369 63
295 298 37
13 83 67
144 145 11
439 440 15
314 440 61
314 315 50
182 199 13
214 215 58
214 271 45
214 441 59
146 442 52
442 443 35
320 444 41
32 34 39
394 445 83
396 445 62
444 446 40
25 367 58
25 173 31
25 304 51
274 447 54
363 447 93
337 447 53
447 448 48
60 449 43
96 449 24
449 450 62
321 451 63
140 434 62
164 165 21
164 406 38
452 453 43
350 452 57
39 226 56
150 248 51
351 358 41
329 358 44
116 119 8
67 116 31
97 239 14
239 429 53
355 454 47
377 378 20
377 455 45
285 456 34
431 456 40
456 457 47
456 458 30
20 459 55
20 403 51
197 460 70
197 461 42
197 425 45
398 462 22
274 363 47
274 337 94
440 451 52
315 451 69
236 409 38
307 440 67
443 463 55
373 463 40
374 463 46
117 464 43
101 271 31
333 460 87
317 396 70
407 465 23
285 458 47
407 466 26
308 467 10
308 431 27
308 468 15
127 128 40
454 469 29
367 454 24
454 470 44
337 471 23
313 472 50
472 473 8
324 325 17
324 474 32
378 474 49
119 284 7
67 284 36
101 346 14
467 468 13
303 408 61
326 475 51
170 475 69
430 475 32
476 477 71
128 207 38
329 351 25
328 351 49
471 478 32
448 471 46
112 479 68
112 480 78
443 479 75
428 481 24
277 400 47
457 482 34
48 482 42
85 483 37
148 483 26
78 461 51
388 389 20
283 388 28
33 36 28
73 424 43
296 297 38
325 474 25
173 484 23
304 484 48
34 35 27
62 464 56
72 75 44
28 195 81
448 478 69
145 480 31
145 146 49
142 210 20
46 384 52
46 47 35
15 400 21
15 16 25
85 147 31
380 400 11
315 444 51
444 473 13
146 485 49
485 486 61
201 202 11
201 203 42
219 422 49
389 411 12
333 386 56
226 261 53
78 80 56
394 487 26
79 80 24
368 488 11
210 489 61
119 436 30
169 318 48
367 469 10
469 470 42
169 394 68
394 396 59
158 443 44
146 486 52
432 490 58
309 490 34
313 470 45
289 406 61
8 432 35
350 453 58
261 347 64
8 309 68
21 406 62
283 372 77
312 398 26
139 372 49
69 151 29
202 203 33
47 457 36
47 48 34
339 420 31
443 486 38
457 458 37
98 429 34
1 56 46
1 57 25
2 4 47
2 49 47
2 318 49
4 51 44
4 316 39
4 317 49
4 318 31
6 7 18
6 431 43
6 432 30
7 456 36
8 490 41
9 371 72
9 405 38
10 371 89
10 410 75
10 419 55
11 336 78
11 419 78
12 253 33
12 270 14
12 275 22
12 276 39
12 359 36
12 360 22
14 379 68
14 380 10
15 380 11
15 399 23
16 380 33
16 399 9
16 400 37
17 105 87
18 21 34
18 252 42
19 96 38
19 191 33
19 423 30
19 449 49
21 165 61
22 173 18
22 257 61
23 24 24
24 257 57
24 258 57
25 484 35
26 390 47
26 392 14
27 392 37
28 29 36
28 392 34
29 192 89
29 195 70
31 35 24
31 36 10
31 152 43
32 33 18
32 36 33
32 93 70
32 94 93
33 34 22
34 152 16
35 152 22
35 204 15
37 299 16
37 301 8
38 299 35
38 300 66
38 301 33
39 301 27
40 242 53
40 243 23
40 404 9
40 422 30
41 42 41
42 68 13
42 69 40
42 151 49
43 384 43
43 482 45
44 46 13
44 48 38
44 457 45
45 142 59
45 384 11
45 385 47
46 457 47
46 482 47
47 482 14
49 475 35
50 51 40
50 166 69
50 169 1
50 170 61
50 401 31
51 169 40
51 318 23
52 234 53
52 412 51
52 415 18
53 55 49
53 251 63
53 433 57
54 55 32
54 185 48
54 186 46
55 250 46
55 375 54
56 57 50
56 322 20
56 323 38
57 324 51
57 474 64
58 191 42
58 340 44
59 61 20
59 191 36
59 423 18
59 449 35
61 62 42
61 464 61
62 288 34
63 259 57
63 364 38
64 65 47
65 259 21
66 348 44
66 349 41
66 452 31
67 297 26
67 435 21
67 436 14
68 151 55
68 404 14
68 422 12
69 256 58
69 258 51
69 418 44
70 395 119
70 424 66
71 73 74
71 74 68
71 75 71
71 395 78
71 424 51
72 74 59
72 470 61
73 75 25
73 366 3
74 227 66
75 355 44
75 395 130
76 461 48
77 78 78
77 197 65
77 461 49
78 79 57
78 341 46
79 174 64
79 291 51
80 176 36
80 291 58
81 152 60
81 341 50
82 204 30
82 205 53
84 145 53
84 147 38
84 483 81
86 327 41
87 90 62
88 218 50
89 150 42
89 248 89
90 91 52
90 178 46
90 180 8
91 178 61
91 180 57
92 217 72
92 218 26
92 329 57
94 339 57
95 183 15
95 239 19
96 183 46
98 239 22
99 338 43
99 346 19
100 255 48
100 338 32
102 190 63
103 104 78
103 429 41
104 105 68
104 402 94
105 127 55
106 162 53
107 163 39
107 165 55
108 293 30
109 189 58
109 292 18
110 416 45
110 479 87
111 112 80
111 310 56
113 286 44
113 381 31
114 118 17
114 286 34
115 116 52
115 117 46
115 381 27
116 284 11
116 381 34
116 436 25
117 123 57
117 289 41
119 381 38
120 129 59
120 386 47
121 122 30
121 129 59
121 386 53
121 433 30
122 412 51
122 433 26
124 406 59
125 453 23
126 184 38
126 190 25
126 224 52
126 397 44
127 184 35
127 429 33
128 190 11
128 224 51
129 136 2
130 159 34
130 290 51
131 446 57
132 134 52
132 203 40
132 427 50
132 428 24
133 135 34
133 304 34
133 469 59
134 154 119
134 203 52
134 208 115
134 209 75
135 313 54
135 446 44
136 159 28
137 238 81
137 262 43
137 336 83
138 262 18
138 263 57
139 238 79
140 364 53
141 210 31
141 332 43
141 385 50
142 208 45
142 220 29
143 480 58
143 483 44
143 485 56
144 146 44
144 147 43
144 480 21
145 147 34
146 480 50
147 483 50
148 485 50
149 248 72
149 418 41
150 418 53
153 198 63
153 208 61
153 209 44
153 220 37
154 198 46
154 200 97
154 201 121
155 160 47
155 290 30
155 373 11
155 374 44
155 463 31
156 158 49
156 463 26
157 373 20
157 463 34
158 373 50
158 442 60
158 463 25
158 479 56
158 486 77
160 479 75
161 252 51
162 406 46
163 164 5
163 165 19
163 406 34
164 188 23
164 252 39
165 406 20
166 401 46
167 267 63
168 267 61
169 487 58
171 293 112
171 312 41
171 462 24
171 476 2
172 189 64
172 292 14
172 293 72
173 257 58
175 177 31
176 177 55
177 291 43
177 356 50
178 282 67
179 399 48
180 247 50
181 198 23
181 199 47
181 319 64
182 319 53
182 321 42
183 239 20
185 249 33
185 407 46
185 465 30
186 187 24
186 375 55
186 407 46
186 465 25
186 466 47
187 230 102
187 407 44
187 465 33
189 292 61
191 423 30
192 437 51
193 194 3
193 437 51
194 398 41
194 437 52
196 294 54
196 296 29
196 297 57
196 435 66
199 244 51
199 321 52
199 440 63
200 208 93
200 209 51
201 209 77
201 489 50
203 427 40
205 341 75
206 207 36
206 224 54
207 224 26
208 220 44
208 489 41
209 220 60
209 489 74
210 220 45
211 261 32
211 343 61
211 344 35
211 357 48
211 369 36
212 226 14
212 357 49
213 361 59
213 450 50
214 216 61
214 269 32
214 345 40
215 216 46
215 269 60
215 450 68
216 345 57
216 441 41
217 421 16
219 240 33
219 242 47
219 421 41
221 231 31
221 376 53
221 455 63
222 223 13
222 376 61
222 417 65
223 246 64
223 376 58
223 417 55
223 455 59
224 300 63
224 397 17
226 301 75
226 357 58
226 448 74
227 264 14
227 265 26
227 266 45
228 265 47
228 266 62
229 293 118
229 408 63
229 477 26
230 303 61
231 376 71
232 409 65
232 438 11
233 235 33
233 302 33
233 303 68
233 438 47
235 302 22
236 348 44
237 263 77
237 372 84
237 434 27
238 263 37
240 422 60
241 242 25
241 243 52
244 439 64
244 458 45
245 307 57
245 308 44
245 439 45
245 467 36
245 468 47
246 455 38
247 277 21
248 417 28
249 375 40
249 407 44
249 465 22
249 466 34
250 251 24
251 342 54
251 375 17
252 406 45
253 270 43
253 275 19
253 276 10
254 255 9
259 362 41
260 273 59
261 344 34
262 364 54
263 364 35
266 473 58
270 275 35
270 360 35
271 346 20
272 362 56
272 363 36
273 363 14
273 365 51
275 360 15
278 310 53
279 416 19
280 310 55
280 342 54
281 372 97
281 388 99
282 283 33
282 387 38
282 388 41
283 387 35
284 381 44
284 436 26
285 431 20
285 468 6
286 464 47
287 288 14
287 356 26
288 356 36
289 464 55
290 373 20
293 350 113
293 426 84
293 453 98
293 476 112
293 477 103
295 296 31
295 297 44
295 349 65
295 409 58
297 435 16
297 436 24
298 409 67
300 369 44
304 428 44
304 481 57
306 307 21
306 439 76
306 440 83
307 439 58
308 309 64
308 432 41
309 432 69
310 416 61
311 398 16
311 462 27
312 462 25
312 476 40
313 469 47
314 321 48
314 451 21
315 472 47
315 473 40
316 396 45
316 487 35
317 368 67
318 487 50
319 444 60
319 446 33
320 321 56
320 446 13
320 472 47
320 473 50
323 475 40
324 326 49
325 326 39
326 430 23
327 358 35
328 329 64
328 358 30
328 410 37
330 383 80
330 460 37
331 333 75
331 460 21
332 383 36
332 385 26
334 471 54
334 478 60
335 357 47
335 471 47
335 478 17
336 405 46
337 448 47
338 419 49
338 420 15
340 361 47
340 449 42
340 450 51
344 357 35
345 441 28
347 357 57
348 452 48
352 488 14
353 454 59
353 488 63
354 355 39
354 366 15
354 488 53
355 366 31
357 478 53
361 450 20
366 424 45
366 488 65
367 470 49
369 441 63
370 388 61
370 389 65
370 410 63
370 411 64
376 455 24
377 400 76
378 455 63
379 474 69
380 399 29
382 426 70
382 452 31
382 453 21
384 385 43
386 413 61
388 411 31
390 459 58
391 403 52
391 459 21
393 445 36
395 424 68
395 445 57
396 487 45
401 475 45
402 459 65
403 459 49
404 422 22
408 477 84
412 433 58
413 414 15
419 420 35
423 449 30
425 460 43
425 461 69
426 453 51
427 481 52
428 484 51
431 432 17
431 467 31
431 468 21
431 490 68
442 479 58
442 486 25
444 469 101
444 470 86
444 472 7
447 471 70
462 476 25
465 466 24
469 473 103
470 472 83
470 473 88
479 480 57
481 484 40
483 485 60
CENÁRIO 1
PROBABILIDADE: 19/3498 = 0.00543168
QTD_ARESTAS_REQUERIDAS: 671
QTD_ARESTAS_NAO_REQUERIDAS: 634
1 2 25 1
1 3 71 0
1 4 52 0
5 6 24 1
5 7 43 1
5 8 67 1
9 10 38 0
9 11 43 1
12 13 80 1
14 15 12 1
14 16 32 0
17 18 81 1
17 19 144 1
17 20 108 1
17 21 76 0
22 23 19 1
22 24 43 1
22 25 39 0
26 27 73 1
26 28 44 1
26 29 48 1
30 31 8 0
30 32 52 1
30 33 26 0
30 34 64 1
30 35 29 0
30 36 3 0
37 38 57 1
37 39 54 1
40 41 16 0
40 42 44 1
43 44 13 0
43 45 76 1
43 46 32 1
43 47 51 1
43 48 32 0
49 50 56 1
49 51 49 1
52 53 100 1
52 54 73 1
52 55 31 0
2 56 70 1
2 57 40 0
2 51 35 0
58 59 11 0
58 60 39 0
58 61 24 1
58 62 44 0
63 64 23 0
63 65 65 1
66 67 86 1
68 69 51 0
70 71 88 1
70 72 72 1
70 73 40 0
70 74 54 0
70 75 32 1
76 77 137 1
76 78 19 0
76 79 75 1
76 80 64 1
81 82 57 0
13 81 57 1
81 83 108 1
23 25 70 1
84 85 73 1
86 87 27 0
86 88 63 0
86 89 40 0
86 90 96 1
86 91 41 0
92 93 9 1
92 94 99 1
44 47 23 0
95 96 40 0
95 97 41 1
95 98 35 1
99 100 80 1
99 101 12 0
102 103 43 1
102 104 58 0
102 105 31 0
106 107 59 0
106 108 65 0
106 109 4 0
110 111 112 1
110 112 24 0
113 114 27 0
113 115 23 0
113 116 36 0
113 117 55 0
113 118 62 1
113 119 52 1
120 121 64 1
120 122 88 1
123 124 73 1
115 123 59 0
108 123 55 0
123 125 73 1
126 127 34 0
126 128 25 1
129 130 20 1
131 132 52 0
131 133 50 0
131 134 46 1
131 135 32 0
121 136 94 1
130 136 20 1
137 138 43 1
137 139 97 0
137 140 76 1
141 142 31 0
143 144 42 0
143 145 39 0
85 143 81 1
143 146 31 0
143 147 49 1
143 148 60 0
149 150 42 0
149 151 80 1
82 152 83 1
33 152 35 0
153 154 92 1
155 156 22 0
155 157 12 0
155 158 70 1
121 159 66 0
159 160 68 0
18 161 71 0
107 162 21 0
124 162 102 1
162 163 60 1
162 164 67 1
162 165 48 0
166 167 108 1
166 168 126 1
166 169 110 1
166 170 23 0
171 172 65 1
24 173 43 0
174 175 52 1
174 176 55 0
174 177 99 1
83 174 7 0
178 179 60 0
178 180 41 0
154 181 49 1
181 182 72 1
183 184 45 0
97 183 28 1
98 183 34 0
185 186 13 0
185 187 12 0
107 188 81 1
107 189 96 1
107 164 42 0
103 190 49 0
103 105 28 1
103 127 70 1
61 191 33 0
192 193 80 0
192 194 80 0
192 195 35 1
196 197 115 1
138 140 59 1
198 199 88 1
182 198 91 1
134 200 76 1
200 201 35 0
200 202 34 0
200 203 30 0
31 204 27 1
204 205 79 0
190 206 107 1
127 190 62 1
190 207 67 1
208 209 75 1
208 210 64 1
211 212 96 1
213 214 118 1
213 215 36 1
213 216 38 0
93 217 69 0
217 218 64 0
217 219 55 0
45 220 86 1
45 46 84 1
221 222 14 0
221 223 23 0
224 225 35 0
38 212 60 0
38 39 45 0
38 226 102 1
227 228 28 0
229 230 156 1
222 231 65 1
232 233 81 1
232 234 54 1
232 235 56 1
232 236 42 0
237 238 43 0
139 237 62 1
140 237 115 1
184 239 28 0
97 184 46 1
98 184 42 0
240 241 56 1
240 242 16 0
240 243 53 0
244 245 88 1
246 247 105 1
246 248 55 0
249 250 80 1
249 251 81 1
186 249 21 0
187 249 42 0
163 252 67 1
188 252 73 1
165 252 49 1
21 252 70 1
253 254 62 1
253 255 43 0
42 256 62 0
256 257 13 0
256 258 48 1
259 260 52 1
212 261 41 0
262 263 67 1
140 262 44 1
264 265 28 1
264 266 46 0
74 264 118 1
267 268 41 0
269 270 62 0
269 271 56 1
260 272 94 1
272 273 73 1
272 274 48 0
254 275 80 1
94 254 65 1
254 276 40 0
179 247 68 1
179 277 60 1
179 180 38 0
90 179 45 0
278 279 56 1
278 280 6 1
74 265 66 0
281 282 100 1
281 283 77 0
114 284 25 0
114 119 35 1
245 285 51 0
286 287 43 0
286 288 51 1
118 286 21 0
62 286 45 0
53 250 72 1
108 124 58 0
124 289 58 0
157 290 39 0
160 290 30 1
118 287 37 0
287 291 40 0
62 287 73 1
292 293 70 0
294 295 28 0
294 296 56 1
294 297 105 1
294 298 28 1
299 300 137 1
299 301 35 1
302 303 50 0
175 176 38 0
118 288 33 0
132 304 49 0
305 306 118 1
305 307 74 0
305 308 70 0
305 309 25 0
111 279 113 1
279 310 56 0
193 311 62 1
194 311 62 1
311 312 20 1
133 313 76 1
266 314 104 1
266 315 48 1
316 317 62 0
316 318 27 0
319 320 22 0
319 321 70 1
322 323 32 1
322 324 20 0
322 325 18 0
322 326 31 0
87 327 33 0
88 327 59 1
327 328 56 0
91 327 80 1
93 218 31 0
93 94 94 1
93 329 97 1
330 331 18 0
330 332 115 1
330 333 60 0
334 335 96 1
334 336 88 1
334 337 86 1
101 338 47 0
338 339 39 0
167 168 14 0
167 268 118 1
59 340 47 0
19 59 47 0
59 60 68 1
35 82 37 0
82 341 75 0
310 342 107 1
89 247 112 1
90 247 50 0
343 344 72 1
343 345 84 1
343 346 105 1
343 347 67 1
64 263 83 1
140 263 38 1
31 33 31 0
177 340 92 1
60 340 6 0
348 349 48 0
348 350 52 1
10 11 48 0
10 351 110 1
352 353 83 1
352 354 81 1
352 355 88 1
291 356 24 1
62 356 88 1
261 357 19 0
154 209 96 1
87 358 62 0
87 91 30 1
20 104 90 0
168 268 126 1
331 332 120 1
270 359 24 0
359 360 86 1
13 359 53 0
177 361 100 1
260 362 17 0
260 363 102 1
65 260 29 0
94 255 60 1
255 276 42 0
64 364 20 0
64 365 30 1
242 243 64 1
75 366 43 1
41 243 14 0
225 300 34 0
353 367 112 1
353 368 113 1
344 369 64 0
344 347 34 0
370 371 56 1
370 372 160 1
156 157 22 1
156 373 31 0
156 374 24 0
273 362 110 1
65 362 44 0
250 375 13 0
157 374 33 0
376 377 36 0
376 378 49 0
378 379 124 1
379 380 76 0
238 364 110 1
364 365 18 0
381 382 55 0
383 384 73 0
383 385 37 0
383 386 123 1
387 388 10 0
387 389 15 0
390 391 75 1
27 390 62 0
390 392 59 1
393 394 71 0
268 393 37 0
393 395 81 0
393 396 124 1
206 397 69 0
128 206 107 1
88 358 45 0
88 351 68 0
88 329 51 0
193 398 40 0
193 195 87 0
277 399 96 1
399 400 48 1
13 270 53 0
170 401 32 0
20 402 76 1
402 403 32 1
42 404 20 0
72 228 57 1
74 228 49 0
11 405 68 1
371 405 78 0
6 8 38 0
20 391 74 0
13 360 42 0
161 165 70 1
161 289 37 0
161 406 49 1
21 161 42 0
230 407 171 1
230 408 89 1
236 349 54 1
349 409 25 0
371 410 70 0
410 411 54 0
79 176 15 0
176 291 42 0
257 258 49 1
412 413 21 0
412 414 12 1
412 415 59 1
111 416 94 1
111 160 88 1
417 418 51 0
258 417 72 0
69 417 97 1
151 417 64 0
100 419 61 0
100 101 72 1
100 420 41 0
100 339 39 0
218 421 77 0
421 422 69 0
61 423 52 1
96 423 37 0
165 188 41 0
354 424 59 1
73 354 17 0
354 368 60 0
27 28 62 1
27 29 112 1
122 413 55 0
413 415 55 0
333 413 44 0
77 205 137 1
77 425 86 1
408 426 123 1
350 426 39 0
427 428 49 0
202 427 49 0
105 429 62 1
142 332 69 0
323 325 35 0
323 326 25 1
323 430 22 0
7 431 67 1
7 432 36 0
122 414 47 0
122 386 38 0
414 433 92 1
238 434 35 1
140 238 42 0
225 397 31 0
225 369 105 1
3 317 112 1
3 231 60 1
3 57 68 0
233 234 56 1
116 435 35 0
284 435 51 1
296 435 52 0
435 436 11 0
56 324 17 1
56 325 26 0
248 418 45 0
151 418 23 0
125 382 13 0
29 437 97 1
195 437 73 1
351 419 64 0
339 419 24 0
234 438 60 1
235 438 41 1
236 438 59 1
234 235 45 0
54 234 54 1
130 160 60 0
160 373 59 1
128 397 48 0
207 397 59 1
345 369 63 0
295 298 59 1
13 83 67 0
144 145 11 0
439 440 24 1
314 440 61 0
314 315 50 0
182 199 20 1
214 215 92 1
214 271 45 0
214 441 59 0
146 442 83 1
442 443 56 1
320 444 65 1
32 34 39 0
394 445 83 0
396 445 62 0
444 446 64 1
25 367 92 1
25 173 31 0
25 304 51 0
274 447 86 1
363 447 148 1
337 447 84 1
447 448 76 1
60 449 68 1
96 449 38 1
449 450 62 0
321 451 100 1
140 434 99 1
164 165 33 1
164 406 38 0
452 453 43 0
350 452 57 0
39 226 56 0
150 248 81 1
351 358 41 0
329 358 44 0
116 119 8 0
67 116 49 1
97 239 22 1
239 429 84 1
355 454 75 1
377 378 32 1
377 455 45 0
285 456 54 1
431 456 64 1
456 457 47 0
456 458 30 0
20 459 55 0
20 403 81 1
197 460 70 0
197 461 42 0
197 425 72 1
398 462 22 0
274 363 75 1
274 337 150 1
440 451 52 0
315 451 69 0
236 409 60 1
307 440 67 0
443 463 55 0
373 463 64 1
374 463 73 1
117 464 68 1
101 271 49 1
333 460 87 0
317 396 112 1
407 465 36 1
285 458 47 0
407 466 26 0
308 467 10 0
308 431 43 1
308 468 15 0
127 128 40 0
454 469 29 0
367 454 38 1
454 470 70 1
337 471 23 0
313 472 80 1
472 473 8 0
324 325 17 0
324 474 32 0
378 474 78 1
119 284 7 0
67 284 57 1
101 346 22 1
467 468 20 1
303 408 61 0
326 475 51 0
170 475 110 1
430 475 51 1
476 477 113 1
128 207 38 0
329 351 25 0
328 351 49 0
471 478 32 0
448 471 73 1
112 479 108 1
112 480 124 1
443 479 75 0
428 481 38 1
277 400 47 0
457 482 34 0
48 482 42 0
85 483 59 1
148 483 41 1
78 461 81 1
388 389 32 1
283 388 28 0
33 36 44 1
73 424 43 0
296 297 60 1
325 474 40 1
173 484 36 1
304 484 48 0
34 35 43 1
62 464 56 0
72 75 44 0
28 195 129 1
448 478 69 0
145 480 31 0
145 146 49 0
142 210 20 0
46 384 52 0
46 47 35 0
15 400 33 1
15 16 25 0
85 147 31 0
380 400 17 1
315 444 81 1
444 473 13 0
146 485 49 0
485 486 97 1
201 202 11 0
201 203 67 1
219 422 78 1
389 411 12 0
333 386 56 0
226 261 53 0
78 80 56 0
394 487 26 0
79 80 38 1
368 488 11 0
210 489 97 1
119 436 48 1
169 318 76 1
367 469 10 0
469 470 67 1
169 394 68 0
394 396 59 0
158 443 44 0
146 486 83 1
432 490 92 1
309 490 34 0
313 470 45 0
289 406 61 0
8 432 35 0
350 453 92 1
261 347 64 0
8 309 108 1
21 406 62 0
283 372 77 0
312 398 41 1
139 372 78 1
69 151 29 0
202 203 52 1
47 457 36 0
47 48 54 1
339 420 31 0
443 486 60 1
457 458 59 1
98 429 34 0
1 56 73 1
1 57 40 1
2 4 47 0
2 49 75 1
2 318 49 0
4 51 70 1
4 316 39 0
4 317 78 1
4 318 49 1
6 7 28 1
6 431 43 0
6 432 48 1
7 456 57 1
8 490 41 0
9 371 115 1
9 405 38 0
10 371 89 0
10 410 75 0
10 419 55 0
11 336 124 1
11 419 124 1
12 253 33 0
12 270 14 0
12 275 22 0
12 276 62 1
12 359 57 1
12 360 35 1
14 379 108 1
14 380 10 0
15 380 17 1
15 399 36 1
16 380 52 1
16 399 14 1
16 400 59 1
17 105 87 0
18 21 34 0
18 252 67 1
19 96 60 1
19 191 33 0
19 423 30 0
19 449 49 0
21 165 97 1
22 173 28 1
22 257 61 0
23 24 24 0
24 257 91 1
24 258 57 0
25 484 35 0
26 390 75 1
26 392 22 1
27 392 59 1
28 29 57 1
28 392 54 1
29 192 89 0
29 195 70 0
31 35 38 1
31 36 16 1
31 152 43 0
32 33 18 0
32 36 52 1
32 93 112 1
32 94 93 0
33 34 35 1
34 152 25 1
35 152 35 1
35 204 24 1
37 299 16 0
37 301 12 1
38 299 56 1
38 300 105 1
38 301 52 1
39 301 27 0
40 242 84 1
40 243 36 1
40 404 9 0
40 422 48 1
41 42 65 1
42 68 20 1
42 69 40 0
42 151 78 1
43 384 68 1
43 482 72 1
44 46 20 1
44 48 38 0
44 457 45 0
45 142 94 1
45 384 17 1
45 385 75 1
46 457 75 1
46 482 75 1
47 482 14 0
49 475 35 0
50 51 64 1
50 166 110 1
50 169 1 1
50 170 97 1
50 401 49 1
51 169 64 1
51 318 36 1
52 234 53 0
52 412 51 0
52 415 18 0
53 55 78 1
53 251 63 0
53 433 57 0
54 55 32 0
54 185 48 0
54 186 46 0
55 250 46 0
55 375 86 1
56 57 50 0
56 322 32 1
56 323 38 0
57 324 51 0
57 474 102 1
58 191 67 1
58 340 70 1
59 61 20 0
59 191 36 0
59 423 18 0
59 449 56 1
61 62 42 0
61 464 61 0
62 288 34 0
63 259 57 0
63 364 60 1
64 65 75 1
65 259 33 1
66 348 70 1
66 349 41 0
66 452 31 0
67 297 41 1
67 435 21 0
67 436 14 0
68 151 88 1
68 404 14 0
68 422 12 0
69 256 92 1
69 258 51 0
69 418 44 0
70 395 190 1
70 424 105 1
71 73 74 0
71 74 108 1
71 75 71 0
71 395 124 1
71 424 51 0
72 74 94 1
72 470 61 0
73 75 25 0
73 366 4 1
74 227 105 1
75 355 44 0
75 395 208 1
76 461 48 0
77 78 124 1
77 197 104 1
77 461 78 1
78 79 91 1
78 341 46 0
79 174 64 0
79 291 51 0
80 176 36 0
80 291 58 0
81 152 96 1
81 341 50 0
82 204 48 1
82 205 84 1
84 145 84 1
84 147 60 1
84 483 129 1
86 327 41 0
87 90 62 0
88 218 50 0
89 150 42 0
89 248 89 0
90 91 83 1
90 178 73 1
90 180 8 0
91 178 61 0
91 180 91 1
92 217 115 1
92 218 41 1
92 329 91 1
94 339 57 0
95 183 15 0
95 239 19 0
96 183 46 0
98 239 35 1
99 338 68 1
99 346 19 0
100 255 76 1
100 338 51 1
102 190 63 0
103 104 124 1
103 429 41 0
104 105 108 1
104 402 94 0
105 127 55 0
106 162 53 0
107 163 39 0
107 165 55 0
108 293 48 1
109 189 58 0
109 292 18 0
110 416 45 0
110 479 87 0
111 112 128 1
111 310 89 1
113 286 44 0
113 381 31 0
114 118 17 0
114 286 54 1
115 116 83 1
115 117 73 1
115 381 43 1
116 284 17 1
116 381 54 1
116 436 40 1
117 123 57 0
117 289 65 1
119 381 38 0
120 129 94 1
120 386 75 1
121 122 30 0
121 129 59 0
121 386 84 1
121 433 48 1
122 412 81 1
122 433 41 1
124 406 94 1
125 453 36 1
126 184 60 1
126 190 25 0
126 224 52 0
126 397 70 1
127 184 56 1
127 429 52 1
128 190 11 0
128 224 81 1
129 136 3 1
130 159 54 1
130 290 81 1
131 446 91 1
132 134 52 0
132 203 64 1
132 427 80 1
132 428 24 0
133 135 34 0
133 304 34 0
133 469 59 0
134 154 119 0
134 203 52 0
134 208 115 0
134 209 120 1
135 313 86 1
135 446 70 1
136 159 44 1
137 238 81 0
137 262 68 1
137 336 132 1
138 262 28 1
138 263 57 0
139 238 126 1
140 364 84 1
141 210 49 1
141 332 68 1
141 385 50 0
142 208 72 1
142 220 29 0
143 480 58 0
143 483 44 0
143 485 56 0
144 146 44 0
144 147 68 1
144 480 33 1
145 147 54 1
146 480 50 0
147 483 80 1
148 485 80 1
149 248 115 1
149 418 65 1
150 418 84 1
153 198 63 0
153 208 61 0
153 209 44 0
153 220 59 1
154 198 73 1
154 200 97 0
154 201 193 1
155 160 75 1
155 290 30 0
155 373 11 0
155 374 44 0
155 463 31 0
156 158 49 0
156 463 41 1
157 373 20 0
157 463 54 1
158 373 50 0
158 442 60 0
158 463 25 0
158 479 56 0
158 486 77 0
160 479 75 0
161 252 51 0
162 406 73 1
163 164 5 0
163 165 30 1
163 406 54 1
164 188 36 1
164 252 62 1
165 406 32 1
166 401 73 1
167 267 100 1
168 267 97 1
169 487 58 0
171 293 179 1
171 312 41 0
171 462 38 1
171 476 3 1
172 189 64 0
172 292 14 0
172 293 115 1
173 257 92 1
175 177 31 0
176 177 55 0
177 291 68 1
177 356 50 0
178 282 67 0
179 399 76 1
180 247 50 0
181 198 23 0
181 199 75 1
181 319 64 0
182 319 53 0
182 321 67 1
183 239 20 0
185 249 33 0
185 407 46 0
185 465 48 1
186 187 24 0
186 375 88 1
186 407 73 1
186 465 40 1
186 466 75 1
187 230 163 1
187 407 44 0
187 465 52 1
189 292 97 1
191 423 30 0
192 437 51 0
193 194 3 0
193 437 51 0
194 398 41 0
194 437 52 0
196 294 54 0
196 296 29 0
196 297 91 1
196 435 105 1
199 244 51 0
199 321 52 0
199 440 100 1
200 208 148 1
200 209 81 1
201 209 123 1
201 489 80 1
203 427 40 0
205 341 120 1
206 207 57 1
206 224 86 1
207 224 41 1
208 220 70 1
208 489 65 1
209 220 96 1
209 489 118 1
210 220 45 0
211 261 51 1
211 343 61 0
211 344 56 1
211 357 48 0
211 369 57 1
212 226 14 0
212 357 78 1
213 361 94 1
213 450 50 0
214 216 61 0
214 269 32 0
214 345 40 0
215 216 73 1
215 269 96 1
215 450 108 1
216 345 57 0
216 441 41 0
217 421 16 0
219 240 33 0
219 242 75 1
219 421 65 1
221 231 31 0
221 376 84 1
221 455 100 1
222 223 13 0
222 376 61 0
222 417 104 1
223 246 102 1
223 376 92 1
223 417 88 1
223 455 59 0
224 300 63 0
224 397 17 0
226 301 75 0
226 357 58 0
226 448 74 0
227 264 14 0
227 265 41 1
227 266 72 1
228 265 47 0
228 266 62 0
229 293 188 1
229 408 100 1
229 477 41 1
230 303 61 0
231 376 113 1
232 409 104 1
232 438 17 1
233 235 52 1
233 302 33 0
233 303 108 1
233 438 75 1
235 302 22 0
236 348 44 0
237 263 77 0
237 372 134 1
237 434 43 1
238 263 37 0
240 422 60 0
241 242 40 1
241 243 52 0
244 439 102 1
244 458 72 1
245 307 57 0
245 308 70 1
245 439 72 1
245 467 36 0
245 468 75 1
246 455 38 0
247 277 21 0
248 417 44 1
249 375 40 0
249 407 70 1
249 465 35 1
249 466 54 1
250 251 24 0
251 342 86 1
251 375 27 1
252 406 72 1
253 270 68 1
253 275 30 1
253 276 16 1
254 255 14 1
259 362 65 1
260 273 94 1
261 344 54 1
262 364 54 0
263 364 56 1
266 473 58 0
270 275 35 0
270 360 56 1
271 346 20 0
272 362 89 1
272 363 57 1
273 363 22 1
273 365 51 0
275 360 15 0
278 310 84 1
279 416 30 1
280 310 88 1
280 342 86 1
281 372 97 0
281 388 158 1
282 283 33 0
282 387 60 1
282 388 65 1
283 387 35 0
284 381 70 1
284 436 41 1
285 431 20 0
285 468 6 0
286 464 47 0
287 288 22 1
287 356 41 1
288 356 36 0
289 464 55 0
290 373 20 0
293 350 180 1
293 426 134 1
293 453 98 0
293 476 112 0
293 477 164 1
295 296 49 1
295 297 44 0
295 349 104 1
295 409 58 0
297 435 16 0
297 436 24 0
298 409 67 0
300 369 70 1
304 428 44 0
304 481 57 0
306 307 33 1
306 439 121 1
306 440 132 1
307 439 92 1
308 309 102 1
308 432 65 1
309 432 69 0
310 416 97 1
311 398 25 1
311 462 27 0
312 462 25 0
312 476 40 0
313 469 47 0
314 321 76 1
314 451 33 1
315 472 47 0
315 473 40 0
316 396 45 0
316 487 35 0
317 368 107 1
318 487 50 0
319 444 60 0
319 446 52 1
320 321 56 0
320 446 20 1
320 472 75 1
320 473 50 0
323 475 40 0
324 326 78 1
325 326 39 0
326 430 36 1
327 358 56 1
328 329 102 1
328 358 48 1
328 410 59 1
330 383 80 0
330 460 59 1
331 333 120 1
331 460 33 1
332 383 57 1
332 385 26 0
334 471 54 0
334 478 60 0
335 357 47 0
335 471 75 1
335 478 17 0
336 405 46 0
337 448 75 1
338 419 49 0
338 420 15 0
340 361 75 1
340 449 67 1
340 450 51 0
344 357 35 0
345 441 44 1
347 357 57 0
348 452 76 1
352 488 22 1
353 454 59 0
353 488 63 0
354 355 39 0
354 366 15 0
354 488 53 0
355 366 49 1
357 478 84 1
361 450 32 1
366 424 45 0
366 488 104 1
367 470 49 0
369 441 100 1
370 388 97 1
370 389 65 0
370 410 100 1
370 411 64 0
376 455 38 1
377 400 121 1
378 455 100 1
379 474 69 0
380 399 29 0
382 426 70 0
382 452 31 0
382 453 21 0
384 385 43 0
386 413 97 1
388 411 49 1
390 459 58 0
391 403 52 0
391 459 21 0
393 445 57 1
395 424 108 1
395 445 57 0
396 487 72 1
401 475 45 0
402 459 104 1
403 459 49 0
404 422 35 1
408 477 84 0
412 433 58 0
413 414 15 0
419 420 56 1
423 449 48 1
425 460 43 0
425 461 110 1
426 453 51 0
427 481 52 0
428 484 81 1
431 432 27 1
431 467 49 1
431 468 21 0
431 490 108 1
442 479 92 1
442 486 40 1
444 469 161 1
444 470 86 0
444 472 11 1
447 471 70 0
462 476 25 0
465 466 24 0
469 473 164 1
470 472 83 0
470 473 88 0
479 480 91 1
481 484 40 0
483 485 96 1

CENÁRIO 2
PROBABILIDADE: 41/159 = 0.257862
QTD_ARESTAS_REQUERIDAS: 657
QTD_ARESTAS_NAO_REQUERIDAS: 648
1 2 16 0
1 3 71 0
1 4 52 0
5 6 24 1
5 7 27 0
5 8 67 1
9 10 60 1
9 11 27 0
12 13 80 1
14 15 8 0
14 16 51 1
17 18 51 0
17 19 144 1
17 20 108 1
17 21 121 1
22 23 19 1
22 24 27 0
22 25 39 0
26 27 73 1
26 28 28 0
26 29 48 1
30 31 12 1
30 32 52 1
30 33 26 0
30 34 64 1
30 35 46 1
30 36 3 0
37 38 36 0
37 39 34 0
40 41 25 1
40 42 28 0
43 44 20 1
43 45 76 1
43 46 32 1
43 47 32 0
43 48 32 0
49 50 56 1
49 51 49 1
52 53 100 1
52 54 73 1
52 55 49 1
2 56 70 1
2 57 40 0
2 51 35 0
58 59 11 0
58 60 39 0
58 61 15 0
58 62 70 1
63 64 36 1
63 65 65 1
66 67 86 1
68 69 51 0
70 71 55 0
70 72 45 0
70 73 40 0
70 74 54 0
70 75 32 1
76 77 86 0
76 78 19 0
76 79 75 1
76 80 64 1
81 82 91 1
13 81 57 1
81 83 68 0
23 25 44 0
84 85 73 1
86 87 43 1
86 88 63 0
86 89 40 0
86 90 96 1
86 91 41 0
92 93 9 1
92 94 99 1
44 47 23 0
95 96 64 1
95 97 41 1
95 98 22 0
99 100 80 1
99 101 12 0
102 103 43 1
102 104 92 1
102 105 49 1
106 107 94 1
106 108 65 0
106 109 4 0
110 111 70 0
110 112 24 0
113 114 27 0
113 115 36 1
113 116 57 1
113 117 55 0
113 118 62 1
113 119 33 0
120 121 64 1
120 122 55 0
123 124 73 1
115 123 94 1
108 123 88 1
123 125 46 0
126 127 54 1
126 128 25 1
129 130 13 0
131 132 52 0
131 133 50 0
131 134 29 0
131 135 32 0
121 136 94 1
130 136 13 0
137 138 43 1
137 139 155 1
137 140 76 1
141 142 31 0
143 144 67 1
143 145 62 1
85 143 51 0
143 146 31 0
143 147 49 1
143 148 96 1
149 150 42 0
149 151 80 1
82 152 52 0
33 152 56 1
153 154 92 1
155 156 35 1
155 157 12 0
155 158 44 0
121 159 66 0
159 160 108 1
18 161 71 0
107 162 21 0
124 162 102 1
162 163 38 0
162 164 67 1
162 165 48 0
166 167 108 1
166 168 126 1
166 169 110 1
166 170 36 1
171 172 41 0
24 173 43 0
174 175 52 1
174 176 88 1
174 177 99 1
83 174 7 0
178 179 96 1
178 180 65 1
154 181 49 1
181 182 72 1
183 184 72 1
97 183 18 0
98 183 54 1
185 186 13 0
185 187 12 0
107 188 81 1
107 189 96 1
107 164 67 1
103 190 49 0
103 105 18 0
103 127 44 0
61 191 33 0
192 193 80 0
192 194 128 1
192 195 35 1
196 197 72 0
138 140 37 0
198 199 88 1
182 198 57 0
134 200 76 1
200 201 56 1
200 202 54 1
200 203 30 0
31 204 27 1
204 205 126 1
190 206 107 1
127 190 62 1
190 207 42 0
208 209 47 0
208 210 64 1
211 212 96 1
213 214 118 1
213 215 36 1
213 216 60 1
93 217 110 1
217 218 102 1
217 219 55 0
45 220 86 1
45 46 84 1
221 222 14 0
221 223 23 0
224 225 35 0
38 212 96 1
38 39 72 1
38 226 102 1
227 228 28 0
229 230 98 0
222 231 41 0
232 233 51 0
232 234 34 0
232 235 35 0
232 236 42 0
237 238 68 1
139 237 39 0
140 237 72 0
184 239 44 1
97 184 46 1
98 184 67 1
240 241 56 1
240 242 16 0
240 243 53 0
244 245 88 1
246 247 105 1
246 248 88 1
249 250 80 1
249 251 51 0
186 249 21 0
187 249 67 1
163 252 42 0
188 252 73 1
165 252 49 1
21 252 44 0
253 254 62 1
253 255 68 1
42 256 99 1
256 257 20 1
256 258 48 1
259 260 33 0
212 261 41 0
262 263 67 1
140 262 44 1
264 265 18 0
264 266 46 0
74 264 118 1
267 268 65 1
269 270 99 1
269 271 35 0
260 272 59 0
272 273 73 1
272 274 48 0
254 275 50 0
94 254 41 0
254 276 64 1
179 247 43 0
179 277 38 0
179 180 38 0
90 179 72 1
278 279 35 0
278 280 6 1
74 265 105 1
281 282 63 0
281 283 123 1
114 284 25 0
114 119 35 1
245 285 51 0
286 287 68 1
286 288 32 0
118 286 21 0
62 286 45 0
53 250 45 0
108 124 92 1
124 289 58 0
157 290 39 0
160 290 30 1
118 287 37 0
287 291 64 1
62 287 46 0
292 293 70 0
294 295 44 1
294 296 56 1
294 297 105 1
294 298 18 0
299 300 137 1
299 301 35 1
302 303 80 1
175 176 60 1
118 288 33 0
132 304 78 1
305 306 74 0
305 307 74 0
305 308 112 1
305 309 25 0
111 279 71 0
279 310 56 0
193 311 39 0
194 311 39 0
311 312 13 0
133 313 76 1
266 314 65 0
266 315 48 1
316 317 99 1
316 318 43 1
319 320 35 1
319 321 70 1
322 323 32 1
322 324 20 0
322 325 18 0
322 326 31 0
87 327 52 1
88 327 37 0
327 328 89 1
91 327 80 1
93 218 31 0
93 94 59 0
93 329 97 1
330 331 28 1
330 332 72 0
330 333 60 0
334 335 60 0
334 336 88 1
334 337 86 1
101 338 47 0
338 339 62 1
167 168 22 1
167 268 74 0
59 340 47 0
19 59 75 1
59 60 43 0
35 82 59 1
82 341 75 0
310 342 107 1
89 247 70 0
90 247 50 0
343 344 72 1
343 345 84 1
343 346 66 0
343 347 42 0
64 263 52 0
140 263 38 1
31 33 49 1
177 340 58 0
60 340 9 1
348 349 48 0
348 350 52 1
10 11 76 1
10 351 69 0
352 353 52 0
352 354 51 0
352 355 88 1
291 356 24 1
62 356 55 0
261 357 19 0
154 209 60 0
87 358 99 1
87 91 19 0
20 104 90 0
168 268 126 1
331 332 120 1
270 359 24 0
359 360 54 0
13 359 53 0
177 361 63 0
260 362 17 0
260 363 102 1
65 260 46 1
94 255 60 1
255 276 67 1
64 364 32 1
64 365 30 1
242 243 64 1
75 366 43 1
41 243 14 0
225 300 34 0
353 367 112 1
353 368 113 1
344 369 102 1
344 347 54 1
370 371 35 0
370 372 100 0
156 157 14 0
156 373 49 1
156 374 24 0
273 362 69 0
65 362 70 1
250 375 13 0
157 374 33 0
376 377 36 0
376 378 49 0
378 379 124 1
379 380 121 1
238 364 110 1
364 365 18 0
381 382 88 1
383 384 73 0
383 385 59 1
383 386 123 1
387 388 16 1
387 389 24 1
390 391 47 0
27 390 62 0
390 392 59 1
393 394 113 1
268 393 59 1
393 395 81 0
393 396 124 1
206 397 110 1
128 206 67 0
88 358 45 0
88 351 108 1
88 329 81 1
193 398 40 0
193 195 139 1
277 399 60 0
399 400 48 1
13 270 53 0
170 401 32 0
20 402 48 0
402 403 32 1
42 404 20 0
72 228 57 1
74 228 78 1
11 405 68 1
371 405 78 0
6 8 60 1
20 391 74 0
13 360 42 0
161 165 44 0
161 289 37 0
161 406 49 1
21 161 67 1
230 407 107 0
230 408 89 1
236 349 34 0
349 409 40 1
371 410 112 1
410 411 86 1
79 176 24 1
176 291 42 0
257 258 31 0
412 413 21 0
412 414 8 0
412 415 37 0
111 416 94 1
111 160 55 0
417 418 51 0
258 417 72 0
69 417 61 0
151 417 64 0
100 419 61 0
100 101 45 0
100 420 41 0
100 339 62 1
218 421 123 1
421 422 110 1
61 423 33 0
96 423 37 0
165 188 65 1
354 424 37 0
73 354 27 1
354 368 96 1
27 28 39 0
27 29 112 1
122 413 88 1
413 415 55 0
333 413 44 0
77 205 86 0
77 425 54 0
408 426 77 0
350 426 62 1
427 428 78 1
202 427 49 0
105 429 62 1
142 332 110 1
323 325 56 1
323 326 16 0
323 430 35 1
7 431 42 0
7 432 57 1
122 414 47 0
122 386 60 1
414 433 92 1
238 434 22 0
140 238 42 0
225 397 49 1
225 369 105 1
3 317 112 1
3 231 38 0
3 57 108 1
233 234 56 1
116 435 35 0
284 435 32 0
296 435 83 1
435 436 11 0
56 324 17 1
56 325 41 1
248 418 45 0
151 418 36 1
125 382 13 0
29 437 97 1
195 437 73 1
351 419 102 1
339 419 24 0
234 438 60 1
235 438 41 1
236 438 37 0
234 235 72 1
54 234 54 1
130 160 60 0
160 373 37 0
128 397 76 1
207 397 37 0
345 369 63 0
295 298 37 0
13 83 67 0
144 145 17 1
439 440 24 1
314 440 97 1
314 315 80 1
182 199 20 1
214 215 58 0
214 271 72 1
214 441 94 1
146 442 52 0
442 443 56 1
320 444 65 1
32 34 39 0
394 445 132 1
396 445 99 1
444 446 40 0
25 367 92 1
25 173 49 1
25 304 81 1
274 447 54 0
363 447 148 1
337 447 84 1
447 448 76 1
60 449 43 0
96 449 24 0
449 450 62 0
321 451 63 0
140 434 62 0
164 165 33 1
164 406 38 0
452 453 68 1
350 452 57 0
39 226 89 1
150 248 51 0
351 358 41 0
329 358 44 0
116 119 8 0
67 116 49 1
97 239 22 1
239 429 84 1
355 454 47 0
377 378 20 0
377 455 45 0
285 456 34 0
431 456 64 1
456 457 47 0
456 458 48 1
20 459 55 0
20 403 81 1
197 460 70 0
197 461 42 0
197 425 45 0
398 462 22 0
274 363 47 0
274 337 94 0
440 451 83 1
315 451 69 0
236 409 60 1
307 440 107 1
443 463 55 0
373 463 40 0
374 463 46 0
117 464 43 0
101 271 49 1
333 460 139 1
317 396 70 0
407 465 36 1
285 458 47 0
407 466 26 0
308 467 16 1
308 431 27 0
308 468 15 0
127 128 40 0
454 469 46 1
367 454 24 0
454 470 44 0
337 471 36 1
313 472 50 0
472 473 12 1
324 325 17 0
324 474 32 0
378 474 78 1
119 284 7 0
67 284 57 1
101 346 14 0
467 468 20 1
303 408 61 0
326 475 81 1
170 475 110 1
430 475 51 1
476 477 113 1
128 207 60 1
329 351 25 0
328 351 78 1
471 478 32 0
448 471 46 0
112 479 108 1
112 480 78 0
443 479 120 1
428 481 38 1
277 400 75 1
457 482 34 0
48 482 42 0
85 483 37 0
148 483 26 0
78 461 81 1
388 389 32 1
283 388 44 1
33 36 44 1
73 424 43 0
296 297 38 0
325 474 40 1
173 484 36 1
304 484 76 1
34 35 27 0
62 464 56 0
72 75 70 1
28 195 81 0
448 478 110 1
145 480 49 1
145 146 78 1
142 210 32 1
46 384 83 1
46 47 56 1
15 400 33 1
15 16 40 1
85 147 49 1
380 400 11 0
315 444 81 1
444 473 13 0
146 485 49 0
485 486 97 1
201 202 11 0
201 203 67 1
219 422 49 0
389 411 12 0
333 386 56 0
226 261 53 0
78 80 56 0
394 487 26 0
79 80 38 1
368 488 11 0
210 489 61 0
119 436 48 1
169 318 76 1
367 469 16 1
469 470 42 0
169 394 68 0
394 396 59 0
158 443 70 1
146 486 52 0
432 490 58 0
309 490 34 0
313 470 45 0
289 406 97 1
8 432 35 0
350 453 92 1
261 347 64 0
8 309 68 0
21 406 62 0
283 372 77 0
312 398 26 0
139 372 78 1
69 151 29 0
202 203 52 1
47 457 36 0
47 48 34 0
339 420 31 0
443 486 60 1
457 458 59 1
98 429 54 1
1 56 46 0
1 57 25 0
2 4 47 0
2 49 47 0
2 318 49 0
4 51 70 1
4 316 39 0
4 317 49 0
4 318 31 0
6 7 28 1
6 431 43 0
6 432 30 0
7 456 57 1
8 490 65 1
9 371 115 1
9 405 60 1
10 371 89 0
10 410 120 1
10 419 88 1
11 336 78 0
11 419 78 0
12 253 52 1
12 270 22 1
12 275 35 1
12 276 62 1
12 359 57 1
12 360 35 1
14 379 68 0
14 380 16 1
15 380 11 0
15 399 23 0
16 380 52 1
16 399 9 0
16 400 59 1
17 105 139 1
18 21 34 0
18 252 67 1
19 96 60 1
19 191 52 1
19 423 30 0
19 449 78 1
21 165 97 1
22 173 28 1
22 257 97 1
23 24 38 1
24 257 91 1
24 258 91 1
25 484 35 0
26 390 47 0
26 392 22 1
27 392 59 1
28 29 36 0
28 392 54 1
29 192 89 0
29 195 70 0
31 35 38 1
31 36 16 1
31 152 43 0
32 33 18 0
32 36 52 1
32 93 70 0
32 94 148 1
33 34 22 0
34 152 25 1
35 152 35 1
35 204 24 1
37 299 25 1
37 301 8 0
38 299 56 1
38 300 105 1
38 301 33 0
39 301 43 1
40 242 84 1
40 243 36 1
40 404 9 0
40 422 48 1
41 42 41 0
42 68 20 1
42 69 40 0
42 151 78 1
43 384 43 0
43 482 72 1
44 46 13 0
44 48 60 1
44 457 45 0
45 142 94 1
45 384 17 1
45 385 75 1
46 457 47 0
46 482 75 1
47 482 14 0
49 475 56 1
50 51 40 0
50 166 69 0
50 169 1 0
50 170 61 0
50 401 31 0
51 169 64 1
51 318 36 1
52 234 84 1
52 412 51 0
52 415 28 1
53 55 49 0
53 251 63 0
53 433 91 1
54 55 51 1
54 185 76 1
54 186 73 1
55 250 73 1
55 375 54 0
56 57 50 0
56 322 20 0
56 323 60 1
57 324 51 0
57 474 102 1
58 191 67 1
58 340 44 0
59 61 20 0
59 191 36 0
59 423 18 0
59 449 56 1
61 62 42 0
61 464 61 0
62 288 34 0
63 259 91 1
63 364 60 1
64 65 75 1
65 259 21 0
66 348 44 0
66 349 41 0
66 452 31 0
67 297 26 0
67 435 21 0
67 436 14 0
68 151 88 1
68 404 14 0
68 422 12 0
69 256 58 0
69 258 81 1
69 418 44 0
70 395 190 1
70 424 105 1
71 73 74 0
71 74 68 0
71 75 71 0
71 395 124 1
71 424 51 0
72 74 94 1
72 470 61 0
73 75 40 1
73 366 4 1
74 227 105 1
75 355 44 0
75 395 130 0
76 461 48 0
77 78 78 0
77 197 65 0
77 461 49 0
78 79 57 0
78 341 46 0
79 174 64 0
79 291 81 1
80 176 57 1
80 291 58 0
81 152 60 0
81 341 50 0
82 204 48 1
82 205 84 1
84 145 84 1
84 147 38 0
84 483 81 0
86 327 41 0
87 90 99 1
88 218 80 1
89 150 42 0
89 248 89 0
90 91 83 1
90 178 46 0
90 180 12 1
91 178 97 1
91 180 57 0
92 217 72 0
92 218 41 1
92 329 91 1
94 339 57 0
95 183 24 1
95 239 19 0
96 183 46 0
98 239 22 0
99 338 43 0
99 346 19 0
100 255 76 1
100 338 32 0
102 190 100 1
103 104 124 1
103 429 65 1
104 105 108 1
104 402 150 1
105 127 88 1
106 162 84 1
107 163 62 1
107 165 55 0
108 293 30 0
109 189 58 0
109 292 28 1
110 416 45 0
110 479 87 0
111 112 128 1
111 310 56 0
113 286 70 1
113 381 49 1
114 118 17 0
114 286 34 0
115 116 52 0
115 117 46 0
115 381 27 0
116 284 17 1
116 381 54 1
116 436 40 1
117 123 91 1
117 289 41 0
119 381 38 0
120 129 94 1
120 386 47 0
121 122 48 1
121 129 59 0
121 386 84 1
121 433 48 1
122 412 81 1
122 433 41 1
124 406 94 1
125 453 36 1
126 184 60 1
126 190 25 0
126 224 52 0
126 397 44 0
127 184 35 0
127 429 52 1
128 190 17 1
128 224 51 0
129 136 3 1
130 159 34 0
130 290 51 0
131 446 57 0
132 134 52 0
132 203 40 0
132 427 50 0
132 428 24 0
133 135 34 0
133 304 34 0
133 469 94 1
134 154 119 0
134 203 83 1
134 208 184 1
134 209 75 0
135 313 54 0
135 446 70 1
136 159 44 1
137 238 81 0
137 262 43 0
137 336 132 1
138 262 28 1
138 263 57 0
139 238 126 1
140 364 84 1
141 210 49 1
141 332 43 0
141 385 80 1
142 208 72 1
142 220 46 1
143 480 92 1
143 483 70 1
143 485 89 1
144 146 70 1
144 147 68 1
144 480 21 0
145 147 34 0
146 480 80 1
147 483 50 0
148 485 50 0
149 248 115 1
149 418 41 0
150 418 53 0
153 198 63 0
153 208 61 0
153 209 44 0
153 220 37 0
154 198 46 0
154 200 97 0
154 201 121 0
155 160 75 1
155 290 48 1
155 373 11 0
155 374 70 1
155 463 31 0
156 158 49 0
156 463 41 1
157 373 20 0
157 463 54 1
158 373 50 0
158 442 96 1
158 463 25 0
158 479 56 0
158 486 77 0
160 479 120 1
161 252 51 0
162 406 46 0
163 164 5 0
163 165 30 1
163 406 34 0
164 188 23 0
164 252 62 1
165 406 20 0
166 401 73 1
167 267 100 1
168 267 97 1
169 487 92 1
171 293 179 1
171 312 65 1
171 462 38 1
171 476 3 1
172 189 64 0
172 292 22 1
172 293 115 1
173 257 58 0
175 177 49 1
176 177 55 0
177 291 68 1
177 356 80 1
178 282 107 1
179 399 48 0
180 247 50 0
181 198 36 1
181 199 47 0
181 319 64 0
182 319 53 0
182 321 67 1
183 239 20 0
185 249 33 0
185 407 73 1
185 465 48 1
186 187 24 0
186 375 88 1
186 407 46 0
186 465 40 1
186 466 47 0
187 230 102 0
187 407 70 1
187 465 52 1
189 292 61 0
191 423 48 1
192 437 81 1
193 194 3 0
193 437 51 0
194 398 41 0
194 437 83 1
196 294 54 0
196 296 29 0
196 297 57 0
196 435 105 1
199 244 51 0
199 321 52 0
199 440 63 0
200 208 93 0
200 209 81 1
201 209 123 1
201 489 80 1
203 427 64 1
205 341 120 1
206 207 57 1
206 224 54 0
207 224 41 1
208 220 44 0
208 489 41 0
209 220 60 0
209 489 74 0
210 220 45 0
211 261 51 1
211 343 97 1
211 344 56 1
211 357 76 1
211 369 57 1
212 226 22 1
212 357 78 1
213 361 59 0
213 450 80 1
214 216 97 1
214 269 51 1
214 345 40 0
215 216 73 1
215 269 60 0
215 450 108 1
216 345 91 1
216 441 41 0
217 421 25 1
219 240 33 0
219 242 75 1
219 421 41 0
221 231 31 0
221 376 84 1
221 455 100 1
222 223 20 1
222 376 97 1
222 417 65 0
223 246 64 0
223 376 92 1
223 417 88 1
223 455 94 1
224 300 63 0
224 397 27 1
226 301 120 1
226 357 92 1
226 448 118 1
227 264 22 1
227 265 41 1
227 266 72 1
228 265 47 0
228 266 99 1
229 293 118 0
229 408 63 0
229 477 41 1
230 303 97 1
231 376 113 1
232 409 65 0
232 438 11 0
233 235 52 1
233 302 52 1
233 303 68 0
233 438 75 1
235 302 35 1
236 348 70 1
237 263 77 0
237 372 84 0
237 434 27 0
238 263 59 1
240 422 96 1
241 242 40 1
241 243 52 0
244 439 64 0
244 458 45 0
245 307 91 1
245 308 44 0
245 439 45 0
245 467 57 1
245 468 47 0
246 455 38 0
247 277 33 1
248 417 44 1
249 375 40 0
249 407 70 1
249 465 35 1
249 466 34 0
250 251 38 1
251 342 86 1
251 375 27 1
252 406 72 1
253 270 43 0
253 275 30 1
253 276 16 1
254 255 14 1
259 362 41 0
260 273 59 0
261 344 34 0
262 364 54 0
263 364 35 0
266 473 92 1
270 275 35 0
270 360 56 1
271 346 20 0
272 362 56 0
272 363 36 0
273 363 14 0
273 365 81 1
275 360 15 0
278 310 53 0
279 416 19 0
280 310 88 1
280 342 86 1
281 372 97 0
281 388 99 0
282 283 33 0
282 387 38 0
282 388 65 1
283 387 56 1
284 381 44 0
284 436 26 0
285 431 32 1
285 468 9 1
286 464 75 1
287 288 22 1
287 356 41 1
288 356 57 1
289 464 55 0
290 373 32 1
293 350 113 0
293 426 84 0
293 453 156 1
293 476 179 1
293 477 103 0
295 296 49 1
295 297 70 1
295 349 104 1
295 409 58 0
297 435 25 1
297 436 24 0
298 409 107 1
300 369 70 1
304 428 44 0
304 481 57 0
306 307 33 1
306 439 121 1
306 440 83 0
307 439 58 0
308 309 102 1
308 432 41 0
309 432 110 1
310 416 61 0
311 398 16 0
311 462 27 0
312 462 40 1
312 476 40 0
313 469 75 1
314 321 48 0
314 451 33 1
315 472 75 1
315 473 64 1
316 396 72 1
316 487 35 0
317 368 67 0
318 487 50 0
319 444 60 0
319 446 52 1
320 321 89 1
320 446 13 0
320 472 75 1
320 473 80 1
323 475 64 1
324 326 49 0
325 326 39 0
326 430 36 1
327 358 35 0
328 329 64 0
328 358 30 0
328 410 37 0
330 383 80 0
330 460 37 0
331 333 75 0
331 460 33 1
332 383 36 0
332 385 41 1
334 471 86 1
334 478 96 1
335 357 47 0
335 471 75 1
335 478 17 0
336 405 73 1
337 448 47 0
338 419 49 0
338 420 15 0
340 361 47 0
340 449 67 1
340 450 51 0
344 357 35 0
345 441 28 0
347 357 57 0
348 452 48 0
352 488 14 0
353 454 94 1
353 488 100 1
354 355 39 0
354 366 15 0
354 488 84 1
355 366 31 0
357 478 53 0
361 450 20 0
366 424 72 1
366 488 65 0
367 470 49 0
369 441 63 0
370 388 97 1
370 389 65 0
370 410 100 1
370 411 102 1
376 455 24 0
377 400 76 0
378 455 100 1
379 474 110 1
380 399 46 1
382 426 70 0
382 452 49 1
382 453 21 0
384 385 68 1
386 413 97 1
388 411 49 1
390 459 58 0
391 403 83 1
391 459 21 0
393 445 36 0
395 424 108 1
395 445 57 0
396 487 72 1
401 475 72 1
402 459 65 0
403 459 78 1
404 422 35 1
408 477 84 0
412 433 92 1
413 414 24 1
419 420 35 0
423 449 30 0
425 460 68 1
425 461 69 0
426 453 51 0
427 481 83 1
428 484 81 1
431 432 27 1
431 467 49 1
431 468 21 0
431 490 108 1
442 479 58 0
442 486 40 1
444 469 101 0
444 470 86 0
444 472 11 1
447 471 112 1
462 476 25 0
465 466 38 1
469 473 164 1
470 472 132 1
470 473 88 0
479 480 57 0
481 484 40 0
483 485 96 1

CENÁRIO 3
PROBABILIDADE: 853/3498 = 0.243854
QTD_ARESTAS_REQUERIDAS: 642
QTD_ARESTAS_NAO_REQUERIDAS: 663
1 2 16 0
1 3 71 0
1 4 83 1
5 6 15 0
5 7 43 1
5 8 42 0
9 10 38 0
9 11 43 1
12 13 80 1
14 15 12 1
14 16 32 0
17 18 51 0
17 19 90 0
17 20 68 0
17 21 76 0
22 23 19 1
22 24 27 0
22 25 62 1
26 27 46 0
26 28 44 1
26 29 30 0
30 31 12 1
30 32 33 0
30 33 41 1
30 34 40 0
30 35 29 0
30 36 4 1
37 38 57 1
37 39 34 0
40 41 25 1
40 42 28 0
43 44 20 1
43 45 76 1
43 46 20 0
43 47 51 1
43 48 51 1
49 50 35 0
49 51 49 1
52 53 63 0
52 54 73 1
52 55 49 1
2 56 44 0
2 57 40 0
2 51 56 1
58 59 17 1
58 60 62 1
58 61 15 0
58 62 44 0
63 64 36 1
63 65 41 0
66 67 86 1
68 69 51 0
70 71 55 0
70 72 45 0
70 73 40 0
70 74 54 0
70 75 20 0
76 77 86 0
76 78 19 0
76 79 47 0
76 80 64 1
81 82 91 1
13 81 36 0
81 83 68 0
23 25 44 0
84 85 73 1
86 87 43 1
86 88 63 0
86 89 40 0
86 90 96 1
86 91 65 1
92 93 6 0
92 94 99 1
44 47 36 1
95 96 40 0
95 97 26 0
95 98 35 1
99 100 50 0
99 101 12 0
102 103 27 0
102 104 92 1
102 105 31 0
106 107 94 1
106 108 104 1
106 109 4 0
110 111 70 0
110 112 38 1
113 114 27 0
113 115 23 0
113 116 36 0
113 117 55 0
113 118 62 1
113 119 33 0
120 121 40 0
120 122 55 0
123 124 46 0
115 123 94 1
108 123 55 0
123 125 73 1
126 127 34 0
126 128 25 1
129 130 20 1
131 132 83 1
131 133 80 1
131 134 46 1
131 135 32 0
121 136 94 1
130 136 20 1
137 138 27 0
137 139 97 0
137 140 48 0
141 142 31 0
143 144 42 0
143 145 39 0
85 143 81 1
143 146 31 0
143 147 31 0
143 148 96 1
149 150 42 0
149 151 50 0
82 152 83 1
33 152 35 0
153 154 92 1
155 156 22 0
155 157 12 0
155 158 44 0
121 159 105 1
159 160 108 1
18 161 113 1
107 162 21 0
124 162 102 1
162 163 38 0
162 164 67 1
162 165 48 0
166 167 68 0
166 168 79 0
166 169 69 0
166 170 36 1
171 172 41 0
24 173 68 1
174 175 52 1
174 176 55 0
174 177 99 1
83 174 7 0
178 179 96 1
178 180 41 0
154 181 31 0
181 182 45 0
183 184 45 0
97 183 28 1
98 183 34 0
185 186 20 1
185 187 19 1
107 188 81 1
107 189 96 1
107 164 67 1
103 190 78 1
103 105 28 1
103 127 70 1
61 191 52 1
192 193 80 0
192 194 128 1
192 195 22 0
196 197 72 0
138 140 37 0
198 199 88 1
182 198 57 0
134 200 76 1
200 201 35 0
200 202 34 0
200 203 48 1
31 204 27 1
204 205 126 1
190 206 107 1
127 190 39 0
190 207 67 1
208 209 47 0
208 210 40 0
211 212 60 0
213 214 74 0
213 215 23 0
213 216 38 0
93 217 110 1
217 218 64 0
217 219 88 1
45 220 54 0
45 46 53 0
221 222 14 0
221 223 23 0
224 225 56 1
38 212 60 0
38 39 72 1
38 226 64 0
227 228 44 1
229 230 98 0
222 231 41 0
232 233 81 1
232 234 54 1
232 235 56 1
232 236 42 0
237 238 43 0
139 237 62 1
140 237 72 0
184 239 28 0
97 184 46 1
98 184 42 0
240 241 35 0
240 242 16 0
240 243 53 0
244 245 55 0
246 247 105 1
246 248 55 0
249 250 50 0
249 251 81 1
186 249 21 0
187 249 42 0
163 252 42 0
188 252 46 0
165 252 31 0
21 252 70 1
253 254 62 1
253 255 68 1
42 256 62 0
256 257 20 1
256 258 48 1
259 260 52 1
212 261 41 0
262 263 42 0
140 262 44 1
264 265 18 0
264 266 73 1
74 264 74 0
267 268 65 1
269 270 99 1
269 271 35 0
260 272 94 1
272 273 73 1
272 274 76 1
254 275 50 0
94 254 65 1
254 276 40 0
179 247 43 0
179 277 38 0
179 180 38 0
90 179 45 0
278 279 35 0
278 280 6 1
74 265 105 1
281 282 63 0
281 283 77 0
114 284 25 0
114 119 22 0
245 285 51 0
286 287 68 1
286 288 51 1
118 286 21 0
62 286 45 0
53 250 72 1
108 124 92 1
124 289 92 1
157 290 62 1
160 290 30 1
118 287 37 0
287 291 40 0
62 287 73 1
292 293 70 0
294 295 28 0
294 296 56 1
294 297 105 1
294 298 28 1
299 300 137 1
299 301 22 0
302 303 80 1
175 176 60 1
118 288 52 1
132 304 78 1
305 306 118 1
305 307 74 0
305 308 70 0
305 309 25 0
111 279 71 0
279 310 56 0
193 311 62 1
194 311 62 1
311 312 13 0
133 313 76 1
266 314 65 0
266 315 30 0
316 317 62 0
316 318 27 0
319 320 35 1
319 321 44 0
322 323 20 0
322 324 20 0
322 325 18 0
322 326 31 0
87 327 52 1
88 327 37 0
327 328 56 0
91 327 50 0
93 218 31 0
93 94 94 1
93 329 61 0
330 331 18 0
330 332 115 1
330 333 96 1
334 335 96 1
334 336 55 0
334 337 54 0
101 338 47 0
338 339 62 1
167 168 22 1
167 268 74 0
59 340 75 1
19 59 75 1
59 60 68 1
35 82 37 0
82 341 75 0
310 342 67 0
89 247 112 1
90 247 50 0
343 344 72 1
343 345 53 0
343 346 105 1
343 347 42 0
64 263 83 1
140 263 38 1
31 33 49 1
177 340 58 0
60 340 9 1
348 349 48 0
348 350 33 0
10 11 48 0
10 351 69 0
352 353 83 1
352 354 81 1
352 355 88 1
291 356 15 0
62 356 55 0
261 357 19 0
154 209 96 1
87 358 99 1
87 91 19 0
20 104 144 1
168 268 126 1
331 332 120 1
270 359 38 1
359 360 86 1
13 359 84 1
177 361 100 1
260 362 27 1
260 363 64 0
65 260 46 1
94 255 38 0
255 276 42 0
64 364 32 1
64 365 30 1
242 243 40 0
75 366 43 1
41 243 14 0
225 300 54 1
353 367 70 0
353 368 71 0
344 369 102 1
344 347 34 0
370 371 56 1
370 372 160 1
156 157 14 0
156 373 31 0
156 374 24 0
273 362 69 0
65 362 70 1
250 375 20 1
157 374 52 1
376 377 57 1
376 378 78 1
378 379 78 0
379 380 121 1
238 364 69 0
364 365 28 1
381 382 55 0
383 384 116 1
383 385 59 1
383 386 123 1
387 388 10 0
387 389 24 1
390 391 47 0
27 390 62 0
390 392 59 1
393 394 113 1
268 393 59 1
393 395 81 0
393 396 78 0
206 397 110 1
128 206 67 0
88 358 72 1
88 351 108 1
88 329 81 1
193 398 64 1
193 195 139 1
277 399 96 1
399 400 48 1
13 270 84 1
170 401 32 0
20 402 48 0
402 403 20 0
42 404 20 0
72 228 36 0
74 228 78 1
11 405 68 1
371 405 124 1
6 8 38 0
20 391 118 1
13 360 42 0
161 165 44 0
161 289 59 1
161 406 49 1
21 161 67 1
230 407 107 0
230 408 89 1
236 349 54 1
349 409 25 0
371 410 112 1
410 411 54 0
79 176 15 0
176 291 42 0
257 258 49 1
412 413 21 0
412 414 8 0
412 415 37 0
111 416 59 0
111 160 88 1
417 418 81 1
258 417 115 1
69 417 61 0
151 417 64 0
100 419 97 1
100 101 45 0
100 420 65 1
100 339 62 1
218 421 77 0
421 422 69 0
61 423 52 1
96 423 59 1
165 188 41 0
354 424 59 1
73 354 17 0
354 368 60 0
27 28 39 0
27 29 70 0
122 413 55 0
413 415 88 1
333 413 70 1
77 205 86 0
77 425 54 0
408 426 123 1
350 426 39 0
427 428 49 0
202 427 49 0
105 429 62 1
142 332 110 1
323 325 35 0
323 326 16 0
323 430 22 0
7 431 67 1
7 432 57 1
122 414 75 1
122 386 60 1
414 433 92 1
238 434 35 1
140 238 42 0
225 397 49 1
225 369 66 0
3 317 70 0
3 231 60 1
3 57 108 1
233 234 35 0
116 435 35 0
284 435 32 0
296 435 83 1
435 436 17 1
56 324 17 1
56 325 26 0
248 418 72 1
151 418 36 1
125 382 20 1
29 437 97 1
195 437 46 0
351 419 102 1
339 419 38 1
234 438 60 1
235 438 26 0
236 438 59 1
234 235 45 0
54 234 34 0
130 160 60 0
160 373 37 0
128 397 48 0
207 397 59 1
345 369 100 1
295 298 59 1
13 83 67 0
144 145 17 1
439 440 15 0
314 440 61 0
314 315 50 0
182 199 20 1
214 215 58 0
214 271 72 1
214 441 94 1
146 442 52 0
442 443 35 0
320 444 41 0
32 34 39 0
394 445 132 1
396 445 99 1
444 446 64 1
25 367 58 0
25 173 49 1
25 304 51 0
274 447 86 1
363 447 93 0
337 447 84 1
447 448 76 1
60 449 43 0
96 449 24 0
449 450 99 1
321 451 100 1
140 434 62 0
164 165 21 0
164 406 38 0
452 453 68 1
350 452 57 0
39 226 56 0
150 248 81 1
351 358 65 1
329 358 70 1
116 119 8 0
67 116 31 0
97 239 14 0
239 429 84 1
355 454 75 1
377 378 20 0
377 455 72 1
285 456 34 0
431 456 64 1
456 457 47 0
456 458 48 1
20 459 88 1
20 403 51 0
197 460 112 1
197 461 67 1
197 425 45 0
398 462 22 0
274 363 47 0
274 337 150 1
440 451 52 0
315 451 110 1
236 409 38 0
307 440 67 0
443 463 55 0
373 463 64 1
374 463 46 0
117 464 68 1
101 271 31 0
333 460 87 0
317 396 112 1
407 465 36 1
285 458 47 0
407 466 26 0
308 467 16 1
308 431 43 1
308 468 15 0
127 128 64 1
454 469 46 1
367 454 38 1
454 470 44 0
337 471 36 1
313 472 80 1
472 473 8 0
324 325 17 0
324 474 51 1
378 474 78 1
119 284 7 0
67 284 57 1
101 346 22 1
467 468 20 1
303 408 61 0
326 475 81 1
170 475 69 0
430 475 51 1
476 477 113 1
128 207 38 0
329 351 25 0
328 351 78 1
471 478 51 1
448 471 73 1
112 479 68 0
112 480 78 0
443 479 120 1
428 481 24 0
277 400 47 0
457 482 34 0
48 482 42 0
85 483 59 1
148 483 26 0
78 461 81 1
388 389 20 0
283 388 44 1
33 36 28 0
73 424 43 0
296 297 38 0
325 474 40 1
173 484 23 0
304 484 76 1
34 35 43 1
62 464 56 0
72 75 70 1
28 195 81 0
448 478 69 0
145 480 31 0
145 146 78 1
142 210 20 0
46 384 52 0
46 47 35 0
15 400 33 1
15 16 40 1
85 147 31 0
380 400 11 0
315 444 81 1
444 473 13 0
146 485 49 0
485 486 61 0
201 202 11 0
201 203 42 0
219 422 49 0
389 411 19 1
333 386 56 0
226 261 84 1
78 80 89 1
394 487 41 1
79 80 38 1
368 488 17 1
210 489 97 1
119 436 30 0
169 318 48 0
367 469 10 0
469 470 67 1
169 394 108 1
394 396 59 0
158 443 44 0
146 486 52 0
432 490 58 0
309 490 54 1
313 470 45 0
289 406 97 1
8 432 56 1
350 453 92 1
261 347 102 1
8 309 68 0
21 406 99 1
283 372 123 1
312 398 26 0
139 372 78 1
69 151 29 0
202 203 52 1
47 457 36 0
47 48 34 0
339 420 31 0
443 486 60 1
457 458 59 1
98 429 34 0
1 56 46 0
1 57 25 0
2 4 75 1
2 49 75 1
2 318 49 0
4 51 44 0
4 316 39 0
4 317 78 1
4 318 31 0
6 7 18 0
6 431 68 1
6 432 30 0
7 456 36 0
8 490 41 0
9 371 72 0
9 405 38 0
10 371 142 1
10 410 75 0
10 419 55 0
11 336 78 0
11 419 124 1
12 253 33 0
12 270 14 0
12 275 22 0
12 276 62 1
12 359 57 1
12 360 35 1
14 379 108 1
14 380 16 1
15 380 17 1
15 399 36 1
16 380 52 1
16 399 9 0
16 400 37 0
17 105 139 1
18 21 54 1
18 252 67 1
19 96 60 1
19 191 52 1
19 423 48 1
19 449 78 1
21 165 97 1
22 173 28 1
22 257 97 1
23 24 38 1
24 257 91 1
24 258 57 0
25 484 35 0
26 390 75 1
26 392 14 0
27 392 59 1
28 29 57 1
28 392 54 1
29 192 142 1
29 195 112 1
31 35 38 1
31 36 10 0
31 152 68 1
32 33 18 0
32 36 33 0
32 93 70 0
32 94 93 0
33 34 35 1
34 152 25 1
35 152 35 1
35 204 15 0
37 299 16 0
37 301 8 0
38 299 56 1
38 300 105 1
38 301 52 1
39 301 27 0
40 242 53 0
40 243 23 0
40 404 9 0
40 422 48 1
41 42 41 0
42 68 13 0
42 69 40 0
42 151 78 1
43 384 43 0
43 482 45 0
44 46 13 0
44 48 60 1
44 457 45 0
45 142 94 1
45 384 17 1
45 385 47 0
46 457 47 0
46 482 75 1
47 482 14 0
49 475 56 1
50 51 40 0
50 166 69 0
50 169 1 0
50 170 97 1
50 401 31 0
51 169 64 1
51 318 36 1
52 234 84 1
52 412 51 0
52 415 18 0
53 55 78 1
53 251 63 0
53 433 91 1
54 55 32 0
54 185 76 1
54 186 73 1
55 250 73 1
55 375 86 1
56 57 80 1
56 322 32 1
56 323 60 1
57 324 51 0
57 474 102 1
58 191 42 0
58 340 70 1
59 61 20 0
59 191 36 0
59 423 18 0
59 449 56 1
61 62 67 1
61 464 97 1
62 288 34 0
63 259 91 1
63 364 38 0
64 65 75 1
65 259 33 1
66 348 44 0
66 349 65 1
66 452 31 0
67 297 26 0
67 435 33 1
67 436 22 1
68 151 55 0
68 404 22 1
68 422 12 0
69 256 58 0
69 258 51 0
69 418 70 1
70 395 119 0
70 424 66 0
71 73 74 0
71 74 68 0
71 75 71 0
71 395 78 0
71 424 51 0
72 74 94 1
72 470 97 1
73 75 25 0
73 366 4 1
74 227 105 1
75 355 70 1
75 395 130 0
76 461 76 1
77 78 124 1
77 197 104 1
77 461 78 1
78 79 91 1
78 341 73 1
79 174 102 1
79 291 51 0
80 176 57 1
80 291 58 0
81 152 96 1
81 341 80 1
82 204 30 0
82 205 53 0
84 145 53 0
84 147 60 1
84 483 129 1
86 327 65 1
87 90 62 0
88 218 80 1
89 150 42 0
89 248 142 1
90 91 83 1
90 178 73 1
90 180 8 0
91 178 97 1
91 180 57 0
92 217 115 1
92 218 26 0
92 329 57 0
94 339 57 0
95 183 15 0
95 239 30 1
96 183 73 1
98 239 22 0
99 338 43 0
99 346 19 0
100 255 76 1
100 338 32 0
102 190 63 0
103 104 78 0
103 429 41 0
104 105 68 0
104 402 150 1
105 127 88 1
106 162 84 1
107 163 62 1
107 165 55 0
108 293 30 0
109 189 92 1
109 292 28 1
110 416 45 0
110 479 139 1
111 112 80 0
111 310 56 0
113 286 70 1
113 381 49 1
114 118 27 1
114 286 54 1
115 116 52 0
115 117 73 1
115 381 27 0
116 284 17 1
116 381 34 0
116 436 40 1
117 123 57 0
117 289 41 0
119 381 38 0
120 129 94 1
120 386 75 1
121 122 30 0
121 129 94 1
121 386 53 0
121 433 30 0
122 412 81 1
122 433 41 1
124 406 59 0
125 453 23 0
126 184 60 1
126 190 25 0
126 224 52 0
126 397 70 1
127 184 35 0
127 429 52 1
128 190 17 1
128 224 81 1
129 136 3 1
130 159 54 1
130 290 81 1
131 446 91 1
132 134 83 1
132 203 40 0
132 427 80 1
132 428 38 1
133 135 54 1
133 304 54 1
133 469 59 0
134 154 190 1
134 203 83 1
134 208 184 1
134 209 120 1
135 313 54 0
135 446 70 1
136 159 28 0
137 238 129 1
137 262 43 0
137 336 132 1
138 262 28 1
138 263 91 1
139 238 126 1
140 364 84 1
141 210 49 1
141 332 43 0
141 385 50 0
142 208 45 0
142 220 46 1
143 480 92 1
143 483 70 1
143 485 56 0
144 146 70 1
144 147 43 0
144 480 21 0
145 147 54 1
146 480 50 0
147 483 50 0
148 485 80 1
149 248 72 0
149 418 41 0
150 418 53 0
153 198 63 0
153 208 61 0
153 209 70 1
153 220 37 0
154 198 46 0
154 200 97 0
154 201 121 0
155 160 47 0
155 290 30 0
155 373 11 0
155 374 70 1
155 463 49 1
156 158 49 0
156 463 41 1
157 373 32 1
157 463 54 1
158 373 80 1
158 442 96 1
158 463 25 0
158 479 56 0
158 486 77 0
160 479 75 0
161 252 51 0
162 406 73 1
163 164 5 0
163 165 19 0
163 406 54 1
164 188 23 0
164 252 62 1
165 406 32 1
166 401 73 1
167 267 63 0
168 267 97 1
169 487 92 1
171 293 112 0
171 312 41 0
171 462 38 1
171 476 2 0
172 189 102 1
172 292 22 1
172 293 72 0
173 257 92 1
175 177 49 1
176 177 88 1
177 291 43 0
177 356 50 0
178 282 107 1
179 399 76 1
180 247 80 1
181 198 23 0
181 199 75 1
181 319 64 0
182 319 53 0
182 321 42 0
183 239 20 0
185 249 52 1
185 407 73 1
185 465 48 1
186 187 38 1
186 375 88 1
186 407 73 1
186 465 25 0
186 466 47 0
187 230 102 0
187 407 70 1
187 465 52 1
189 292 97 1
191 423 48 1
192 437 81 1
193 194 4 1
193 437 81 1
194 398 65 1
194 437 83 1
196 294 86 1
196 296 46 1
196 297 57 0
196 435 105 1
199 244 51 0
199 321 52 0
199 440 100 1
200 208 93 0
200 209 81 1
201 209 123 1
201 489 50 0
203 427 64 1
205 341 120 1
206 207 57 1
206 224 54 0
207 224 26 0
208 220 44 0
208 489 65 1
209 220 60 0
209 489 118 1
210 220 72 1
211 261 51 1
211 343 61 0
211 344 56 1
211 357 76 1
211 369 36 0
212 226 22 1
212 357 78 1
213 361 94 1
213 450 50 0
214 216 97 1
214 269 32 0
214 345 64 1
215 216 73 1
215 269 60 0
215 450 108 1
216 345 91 1
216 441 41 0
217 421 25 1
219 240 52 1
219 242 47 0
219 421 65 1
221 231 31 0
221 376 84 1
221 455 63 0
222 223 13 0
222 376 61 0
222 417 104 1
223 246 102 1
223 376 58 0
223 417 88 1
223 455 59 0
224 300 63 0
224 397 17 0
226 301 75 0
226 357 92 1
226 448 74 0
227 264 14 0
227 265 26 0
227 266 45 0
228 265 47 0
228 266 99 1
229 293 118 0
229 408 63 0
229 477 26 0
230 303 97 1
231 376 71 0
232 409 104 1
232 438 11 0
233 235 52 1
233 302 52 1
233 303 108 1
233 438 47 0
235 302 22 0
236 348 70 1
237 263 123 1
237 372 84 0
237 434 43 1
238 263 59 1
240 422 60 0
241 242 40 1
241 243 83 1
244 439 102 1
244 458 45 0
245 307 91 1
245 308 70 1
245 439 45 0
245 467 57 1
245 468 47 0
246 455 38 0
247 277 33 1
248 417 28 0
249 375 40 0
249 407 44 0
249 465 22 0
249 466 54 1
250 251 24 0
251 342 54 0
251 375 17 0
252 406 45 0
253 270 68 1
253 275 30 1
253 276 10 0
254 255 9 0
259 362 65 1
260 273 94 1
261 344 34 0
262 364 54 0
263 364 35 0
266 473 92 1
270 275 35 0
270 360 35 0
271 346 32 1
272 362 89 1
272 363 36 0
273 363 14 0
273 365 81 1
275 360 15 0
278 310 84 1
279 416 30 1
280 310 88 1
280 342 54 0
281 372 97 0
281 388 158 1
282 283 33 0
282 387 60 1
282 388 41 0
283 387 56 1
284 381 44 0
284 436 26 0
285 431 20 0
285 468 6 0
286 464 75 1
287 288 22 1
287 356 26 0
288 356 36 0
289 464 88 1
290 373 20 0
293 350 180 1
293 426 134 1
293 453 156 1
293 476 179 1
293 477 103 0
295 296 31 0
295 297 70 1
295 349 104 1
295 409 92 1
297 435 16 0
297 436 24 0
298 409 67 0
300 369 70 1
304 428 70 1
304 481 57 0
306 307 33 1
306 439 121 1
306 440 132 1
307 439 92 1
308 309 102 1
308 432 41 0
309 432 110 1
310 416 61 0
311 398 16 0
311 462 27 0
312 462 40 1
312 476 64 1
313 469 75 1
314 321 76 1
314 451 21 0
315 472 47 0
315 473 40 0
316 396 72 1
316 487 35 0
317 368 107 1
318 487 50 0
319 444 96 1
319 446 52 1
320 321 89 1
320 446 13 0
320 472 47 0
320 473 50 0
323 475 40 0
324 326 49 0
325 326 39 0
326 430 23 0
327 358 35 0
328 329 64 0
328 358 30 0
328 410 59 1
330 383 80 0
330 460 37 0
331 333 120 1
331 460 33 1
332 383 36 0
332 385 26 0
334 471 86 1
334 478 60 0
335 357 75 1
335 471 47 0
335 478 17 0
336 405 46 0
337 448 75 1
338 419 78 1
338 420 15 0
340 361 47 0
340 449 42 0
340 450 51 0
344 357 35 0
345 441 28 0
347 357 57 0
348 452 76 1
352 488 14 0
353 454 59 0
353 488 100 1
354 355 39 0
354 366 24 1
354 488 53 0
355 366 31 0
357 478 84 1
361 450 20 0
366 424 72 1
366 488 104 1
367 470 49 0
369 441 63 0
370 388 97 1
370 389 104 1
370 410 100 1
370 411 64 0
376 455 24 0
377 400 76 0
378 455 63 0
379 474 110 1
380 399 46 1
382 426 112 1
382 452 31 0
382 453 21 0
384 385 43 0
386 413 61 0
388 411 31 0
390 459 92 1
391 403 52 0
391 459 33 1
393 445 36 0
395 424 108 1
395 445 57 0
396 487 45 0
401 475 45 0
402 459 104 1
403 459 78 1
404 422 35 1
408 477 84 0
412 433 92 1
413 414 24 1
419 420 56 1
423 449 30 0
425 460 43 0
425 461 69 0
426 453 81 1
427 481 83 1
428 484 81 1
431 432 17 0
431 467 31 0
431 468 33 1
431 490 108 1
442 479 58 0
442 486 40 1
444 469 161 1
444 470 86 0
444 472 11 1
447 471 70 0
462 476 40 1
465 466 38 1
469 473 164 1
470 472 83 0
470 473 140 1
479 480 91 1
481 484 40 0
483 485 96 1

CENÁRIO 4
PROBABILIDADE: 125/583 = 0.214408
QTD_ARESTAS_REQUERIDAS: 652
QTD_ARESTAS_NAO_REQUERIDAS: 653
1 2 16 0
1 3 71 0
1 4 83 1
5 6 24 1
5 7 43 1
5 8 42 0
9 10 60 1
9 11 43 1
12 13 50 0
14 15 8 0
14 16 51 1
17 18 51 0
17 19 144 1
17 20 68 0
17 21 121 1
22 23 19 1
22 24 43 1
22 25 62 1
26 27 46 0
26 28 44 1
26 29 48 1
30 31 12 1
30 32 33 0
30 33 26 0
30 34 40 0
30 35 46 1
30 36 3 0
37 38 36 0
37 39 54 1
40 41 16 0
40 42 28 0
43 44 13 0
43 45 76 1
43 46 20 0
43 47 51 1
43 48 32 0
49 50 35 0
49 51 49 1
52 53 63 0
52 54 46 0
52 55 49 1
2 56 44 0
2 57 64 1
2 51 35 0
58 59 11 0
58 60 39 0
58 61 15 0
58 62 70 1
63 64 23 0
63 65 65 1
66 67 86 1
68 69 81 1
70 71 88 1
70 72 45 0
70 73 64 1
70 74 54 0
70 75 32 1
76 77 137 1
76 78 30 1
76 79 75 1
76 80 64 1
81 82 91 1
13 81 57 1
81 83 108 1
23 25 44 0
84 85 73 1
86 87 27 0
86 88 100 1
86 89 64 1
86 90 96 1
86 91 65 1
92 93 6 0
92 94 99 1
44 47 36 1
95 96 64 1
95 97 41 1
95 98 22 0
99 100 80 1
99 101 19 1
102 103 43 1
102 104 92 1
102 105 31 0
106 107 94 1
106 108 104 1
106 109 4 0
110 111 112 1
110 112 38 1
113 114 27 0
113 115 36 1
113 116 57 1
113 117 88 1
113 118 39 0
113 119 33 0
120 121 40 0
120 122 88 1
123 124 46 0
115 123 94 1
108 123 88 1
123 125 73 1
126 127 54 1
126 128 25 1
129 130 20 1
131 132 83 1
131 133 80 1
131 134 46 1
131 135 51 1
121 136 59 0
130 136 13 0
137 138 43 1
137 139 97 0
137 140 48 0
141 142 49 1
143 144 67 1
143 145 39 0
85 143 51 0
143 146 31 0
143 147 31 0
143 148 60 0
149 150 42 0
149 151 80 1
82 152 52 0
33 152 35 0
153 154 58 0
155 156 35 1
155 157 12 0
155 158 70 1
121 159 66 0
159 160 108 1
18 161 113 1
107 162 21 0
124 162 64 0
162 163 60 1
162 164 67 1
162 165 76 1
166 167 68 0
166 168 79 0
166 169 69 0
166 170 36 1
171 172 65 1
24 173 68 1
174 175 33 0
174 176 88 1
174 177 62 0
83 174 7 0
178 179 96 1
178 180 65 1
154 181 49 1
181 182 45 0
183 184 45 0
97 183 18 0
98 183 34 0
185 186 20 1
185 187 12 0
107 188 51 0
107 189 96 1
107 164 67 1
103 190 49 0
103 105 28 1
103 127 70 1
61 191 52 1
192 193 80 0
192 194 80 0
192 195 22 0
196 197 115 1
138 140 37 0
198 199 55 0
182 198 57 0
134 200 76 1
200 201 56 1
200 202 34 0
200 203 30 0
31 204 17 0
204 205 79 0
190 206 67 0
127 190 62 1
190 207 42 0
208 209 75 1
208 210 64 1
211 212 60 0
213 214 118 1
213 215 36 1
213 216 60 1
93 217 110 1
217 218 102 1
217 219 55 0
45 220 54 0
45 46 53 0
221 222 22 1
221 223 23 0
224 225 35 0
38 212 96 1
38 39 72 1
38 226 102 1
227 228 28 0
229 230 156 1
222 231 65 1
232 233 81 1
232 234 54 1
232 235 35 0
232 236 67 1
237 238 43 0
139 237 39 0
140 237 72 0
184 239 28 0
97 184 29 0
98 184 67 1
240 241 56 1
240 242 25 1
240 243 53 0
244 245 55 0
246 247 105 1
246 248 55 0
249 250 80 1
249 251 81 1
186 249 33 1
187 249 67 1
163 252 67 1
188 252 73 1
165 252 49 1
21 252 44 0
253 254 39 0
253 255 68 1
42 256 62 0
256 257 20 1
256 258 30 0
259 260 33 0
212 261 41 0
262 263 67 1
140 262 28 0
264 265 28 1
264 266 46 0
74 264 74 0
267 268 41 0
269 270 62 0
269 271 35 0
260 272 94 1
272 273 46 0
272 274 76 1
254 275 50 0
94 254 41 0
254 276 40 0
179 247 43 0
179 277 60 1
179 180 38 0
90 179 45 0
278 279 35 0
278 280 6 1
74 265 66 0
281 282 100 1
281 283 77 0
114 284 40 1
114 119 35 1
245 285 51 0
286 287 68 1
286 288 32 0
118 286 33 1
62 286 72 1
53 250 45 0
108 124 92 1
124 289 58 0
157 290 39 0
160 290 30 1
118 287 37 0
287 291 40 0
62 287 73 1
292 293 112 1
294 295 28 0
294 296 56 1
294 297 105 1
294 298 18 0
299 300 137 1
299 301 35 1
302 303 50 0
175 176 38 0
118 288 52 1
132 304 78 1
305 306 118 1
305 307 118 1
305 308 112 1
305 309 25 0
111 279 71 0
279 310 56 0
193 311 39 0
194 311 39 0
311 312 13 0
133 313 76 1
266 314 65 0
266 315 48 1
316 317 62 0
316 318 43 1
319 320 35 1
319 321 44 0
322 323 20 0
322 324 20 0
322 325 28 1
322 326 31 0
87 327 33 0
88 327 59 1
327 328 56 0
91 327 50 0
93 218 31 0
93 94 94 1
93 329 61 0
330 331 28 1
330 332 115 1
330 333 60 0
334 335 96 1
334 336 55 0
334 337 54 0
101 338 75 1
338 339 62 1
167 168 14 0
167 268 74 0
59 340 75 1
19 59 47 0
59 60 43 0
35 82 59 1
82 341 75 0
310 342 107 1
89 247 70 0
90 247 50 0
343 344 45 0
343 345 53 0
343 346 105 1
343 347 67 1
64 263 52 0
140 263 38 1
31 33 49 1
177 340 92 1
60 340 6 0
348 349 48 0
348 350 33 0
10 11 48 0
10 351 110 1
352 353 83 1
352 354 81 1
352 355 55 0
291 356 15 0
62 356 55 0
261 357 30 1
154 209 60 0
87 358 99 1
87 91 19 0
20 104 90 0
168 268 79 0
331 332 120 1
270 359 24 0
359 360 86 1
13 359 53 0
177 361 63 0
260 362 27 1
260 363 102 1
65 260 46 1
94 255 60 1
255 276 42 0
64 364 32 1
64 365 19 0
242 243 40 0
75 366 43 1
41 243 22 1
225 300 54 1
353 367 70 0
353 368 113 1
344 369 102 1
344 347 34 0
370 371 35 0
370 372 160 1
156 157 22 1
156 373 49 1
156 374 38 1
273 362 110 1
65 362 44 0
250 375 13 0
157 374 33 0
376 377 57 1
376 378 78 1
378 379 78 0
379 380 76 0
238 364 69 0
364 365 28 1
381 382 55 0
383 384 73 0
383 385 59 1
383 386 77 0
387 388 16 1
387 389 24 1
390 391 47 0
27 390 99 1
390 392 59 1
393 394 113 1
268 393 59 1
393 395 129 1
393 396 124 1
206 397 69 0
128 206 107 1
88 358 72 1
88 351 68 0
88 329 51 0
193 398 40 0
193 195 87 0
277 399 60 0
399 400 48 1
13 270 84 1
170 401 51 1
20 402 48 0
402 403 20 0
42 404 32 1
72 228 57 1
74 228 49 0
11 405 68 1
371 405 124 1
6 8 60 1
20 391 74 0
13 360 42 0
161 165 70 1
161 289 59 1
161 406 49 1
21 161 67 1
230 407 171 1
230 408 56 0
236 349 54 1
349 409 25 0
371 410 112 1
410 411 54 0
79 176 24 1
176 291 67 1
257 258 49 1
412 413 33 1
412 414 12 1
412 415 37 0
111 416 94 1
111 160 55 0
417 418 51 0
258 417 72 0
69 417 61 0
151 417 64 0
100 419 61 0
100 101 72 1
100 420 65 1
100 339 62 1
218 421 123 1
421 422 110 1
61 423 52 1
96 423 37 0
165 188 41 0
354 424 37 0
73 354 17 0
354 368 60 0
27 28 39 0
27 29 112 1
122 413 88 1
413 415 55 0
333 413 44 0
77 205 86 0
77 425 86 1
408 426 123 1
350 426 39 0
427 428 49 0
202 427 49 0
105 429 62 1
142 332 110 1
323 325 56 1
323 326 16 0
323 430 22 0
7 431 42 0
7 432 36 0
122 414 75 1
122 386 38 0
414 433 58 0
238 434 22 0
140 238 67 1
225 397 31 0
225 369 105 1
3 317 70 0
3 231 60 1
3 57 68 0
233 234 35 0
116 435 35 0
284 435 51 1
296 435 83 1
435 436 17 1
56 324 11 0
56 325 41 1
248 418 72 1
151 418 23 0
125 382 20 1
29 437 97 1
195 437 46 0
351 419 64 0
339 419 24 0
234 438 38 0
235 438 26 0
236 438 37 0
234 235 45 0
54 234 54 1
130 160 96 1
160 373 37 0
128 397 48 0
207 397 37 0
345 369 63 0
295 298 37 0
13 83 107 1
144 145 17 1
439 440 15 0
314 440 97 1
314 315 80 1
182 199 13 0
214 215 58 0
214 271 45 0
214 441 59 0
146 442 83 1
442 443 35 0
320 444 65 1
32 34 39 0
394 445 132 1
396 445 99 1
444 446 64 1
25 367 58 0
25 173 49 1
25 304 51 0
274 447 86 1
363 447 148 1
337 447 53 0
447 448 48 0
60 449 43 0
96 449 24 0
449 450 62 0
321 451 63 0
140 434 62 0
164 165 21 0
164 406 38 0
452 453 68 1
350 452 57 0
39 226 56 0
150 248 51 0
351 358 65 1
329 358 44 0
116 119 12 1
67 116 31 0
97 239 14 0
239 429 84 1
355 454 47 0
377 378 32 1
377 455 45 0
285 456 54 1
431 456 40 0
456 457 47 0
456 458 48 1
20 459 55 0
20 403 81 1
197 460 70 0
197 461 67 1
197 425 45 0
398 462 35 1
274 363 75 1
274 337 94 0
440 451 83 1
315 451 69 0
236 409 60 1
307 440 67 0
443 463 55 0
373 463 64 1
374 463 46 0
117 464 68 1
101 271 49 1
333 460 139 1
317 396 112 1
407 465 23 0
285 458 47 0
407 466 26 0
308 467 16 1
308 431 27 0
308 468 24 1
127 128 64 1
454 469 46 1
367 454 38 1
454 470 70 1
337 471 23 0
313 472 50 0
472 473 8 0
324 325 17 0
324 474 32 0
378 474 78 1
119 284 7 0
67 284 57 1
101 346 22 1
467 468 20 1
303 408 97 1
326 475 81 1
170 475 110 1
430 475 32 0
476 477 71 0
128 207 38 0
329 351 25 0
328 351 49 0
471 478 32 0
448 471 73 1
112 479 108 1
112 480 124 1
443 479 75 0
428 481 38 1
277 400 75 1
457 482 34 0
48 482 67 1
85 483 59 1
148 483 26 0
78 461 51 0
388 389 32 1
283 388 44 1
33 36 44 1
73 424 43 0
296 297 38 0
325 474 25 0
173 484 23 0
304 484 76 1
34 35 27 0
62 464 56 0
72 75 70 1
28 195 129 1
448 478 110 1
145 480 49 1
145 146 78 1
142 210 20 0
46 384 83 1
46 47 35 0
15 400 33 1
15 16 40 1
85 147 31 0
380 400 11 0
315 444 51 0
444 473 20 1
146 485 78 1
485 486 61 0
201 202 11 0
201 203 67 1
219 422 78 1
389 411 12 0
333 386 56 0
226 261 53 0
78 80 89 1
394 487 41 1
79 80 38 1
368 488 17 1
210 489 97 1
119 436 48 1
169 318 76 1
367 469 10 0
469 470 42 0
169 394 68 0
394 396 59 0
158 443 70 1
146 486 52 0
432 490 92 1
309 490 34 0
313 470 72 1
289 406 97 1
8 432 35 0
350 453 92 1
261 347 102 1
8 309 68 0
21 406 62 0
283 372 123 1
312 398 26 0
139 372 49 0
69 151 29 0
202 203 52 1
47 457 36 0
47 48 34 0
339 420 49 1
443 486 38 0
457 458 37 0
98 429 54 1
1 56 73 1
1 57 25 0
2 4 47 0
2 49 47 0
2 318 49 0
4 51 44 0
4 316 39 0
4 317 78 1
4 318 49 1
6 7 28 1
6 431 68 1
6 432 48 1
7 456 57 1
8 490 41 0
9 371 72 0
9 405 38 0
10 371 142 1
10 410 120 1
10 419 88 1
11 336 78 0
11 419 124 1
12 253 33 0
12 270 22 1
12 275 22 0
12 276 62 1
12 359 36 0
12 360 22 0
14 379 108 1
14 380 16 1
15 380 11 0
15 399 23 0
16 380 52 1
16 399 14 1
16 400 59 1
17 105 87 0
18 21 34 0
18 252 42 0
19 96 60 1
19 191 52 1
19 423 30 0
19 449 78 1
21 165 97 1
22 173 18 0
22 257 97 1
23 24 38 1
24 257 57 0
24 258 57 0
25 484 35 0
26 390 75 1
26 392 22 1
27 392 37 0
28 29 57 1
28 392 34 0
29 192 142 1
29 195 70 0
31 35 38 1
31 36 10 0
31 152 68 1
32 33 18 0
32 36 52 1
32 93 112 1
32 94 148 1
33 34 22 0
34 152 16 0
35 152 35 1
35 204 15 0
37 299 16 0
37 301 8 0
38 299 56 1
38 300 66 0
38 301 33 0
39 301 27 0
40 242 84 1
40 243 23 0
40 404 9 0
40 422 48 1
41 42 65 1
42 68 20 1
42 69 64 1
42 151 49 0
43 384 68 1
43 482 72 1
44 46 13 0
44 48 60 1
44 457 45 0
45 142 94 1
45 384 17 1
45 385 75 1
46 457 75 1
46 482 75 1
47 482 14 0
49 475 56 1
50 51 64 1
50 166 69 0
50 169 1 0
50 170 61 0
50 401 31 0
51 169 64 1
51 318 23 0
52 234 53 0
52 412 51 0
52 415 18 0
53 55 78 1
53 251 100 1
53 433 91 1
54 55 32 0
54 185 76 1
54 186 73 1
55 250 46 0
55 375 54 0
56 57 50 0
56 322 32 1
56 323 60 1
57 324 81 1
57 474 102 1
58 191 67 1
58 340 44 0
59 61 20 0
59 191 36 0
59 423 18 0
59 449 56 1
61 62 67 1
61 464 61 0
62 288 34 0
63 259 91 1
63 364 38 0
64 65 75 1
65 259 21 0
66 348 70 1
66 349 41 0
66 452 49 1
67 297 41 1
67 435 33 1
67 436 14 0
68 151 55 0
68 404 22 1
68 422 19 1
69 256 92 1
69 258 51 0
69 418 44 0
70 395 190 1
70 424 66 0
71 73 118 1
71 74 68 0
71 75 71 0
71 395 124 1
71 424 51 0
72 74 94 1
72 470 61 0
73 75 25 0
73 366 4 1
74 227 105 1
75 355 70 1
75 395 130 0
76 461 76 1
77 78 78 0
77 197 104 1
77 461 49 0
78 79 57 0
78 341 73 1
79 174 64 0
79 291 51 0
80 176 36 0
80 291 58 0
81 152 96 1
81 341 50 0
82 204 48 1
82 205 53 0
84 145 53 0
84 147 38 0
84 483 129 1
86 327 65 1
87 90 62 0
88 218 80 1
89 150 67 1
89 248 142 1
90 91 83 1
90 178 46 0
90 180 8 0
91 178 97 1
91 180 57 0
92 217 115 1
92 218 26 0
92 329 91 1
94 339 57 0
95 183 15 0
95 239 19 0
96 183 46 0
98 239 35 1
99 338 68 1
99 346 30 1
100 255 48 0
100 338 32 0
102 190 63 0
103 104 78 0
103 429 41 0
104 105 108 1
104 402 94 0
105 127 55 0
106 162 84 1
107 163 39 0
107 165 88 1
108 293 48 1
109 189 58 0
109 292 18 0
110 416 72 1
110 479 139 1
111 112 80 0
111 310 56 0
113 286 70 1
113 381 49 1
114 118 17 0
114 286 54 1
115 116 83 1
115 117 46 0
115 381 27 0
116 284 11 0
116 381 54 1
116 436 25 0
117 123 57 0
117 289 41 0
119 381 60 1
120 129 59 0
120 386 47 0
121 122 30 0
121 129 59 0
121 386 84 1
121 433 48 1
122 412 51 0
122 433 26 0
124 406 94 1
125 453 36 1
126 184 60 1
126 190 40 1
126 224 52 0
126 397 44 0
127 184 35 0
127 429 52 1
128 190 17 1
128 224 81 1
129 136 3 1
130 159 34 0
130 290 81 1
131 446 91 1
132 134 83 1
132 203 64 1
132 427 80 1
132 428 38 1
133 135 54 1
133 304 34 0
133 469 94 1
134 154 190 1
134 203 52 0
134 208 184 1
134 209 75 0
135 313 86 1
135 446 70 1
136 159 44 1
137 238 129 1
137 262 43 0
137 336 83 0
138 262 18 0
138 263 91 1
139 238 126 1
140 364 53 0
141 210 49 1
141 332 68 1
141 385 80 1
142 208 72 1
142 220 29 0
143 480 58 0
143 483 44 0
143 485 56 0
144 146 70 1
144 147 43 0
144 480 21 0
145 147 34 0
146 480 80 1
147 483 80 1
148 485 50 0
149 248 115 1
149 418 65 1
150 418 53 0
153 198 100 1
153 208 97 1
153 209 70 1
153 220 37 0
154 198 46 0
154 200 155 1
154 201 121 0
155 160 47 0
155 290 30 0
155 373 11 0
155 374 44 0
155 463 49 1
156 158 49 0
156 463 26 0
157 373 32 1
157 463 34 0
158 373 50 0
158 442 96 1
158 463 40 1
158 479 56 0
158 486 77 0
160 479 120 1
161 252 51 0
162 406 46 0
163 164 8 1
163 165 30 1
163 406 54 1
164 188 23 0
164 252 62 1
165 406 20 0
166 401 46 0
167 267 100 1
168 267 97 1
169 487 58 0
171 293 179 1
171 312 41 0
171 462 24 0
171 476 3 1
172 189 64 0
172 292 22 1
172 293 72 0
173 257 58 0
175 177 49 1
176 177 55 0
177 291 43 0
177 356 50 0
178 282 107 1
179 399 76 1
180 247 80 1
181 198 36 1
181 199 47 0
181 319 102 1
182 319 53 0
182 321 42 0
183 239 20 0
185 249 33 0
185 407 46 0
185 465 30 0
186 187 38 1
186 375 88 1
186 407 46 0
186 465 40 1
186 466 75 1
187 230 163 1
187 407 70 1
187 465 52 1
189 292 61 0
191 423 48 1
192 437 81 1
193 194 4 1
193 437 51 0
194 398 65 1
194 437 52 0
196 294 54 0
196 296 46 1
196 297 57 0
196 435 105 1
199 244 51 0
199 321 83 1
199 440 63 0
200 208 93 0
200 209 51 0
201 209 77 0
201 489 50 0
203 427 64 1
205 341 75 0
206 207 36 0
206 224 86 1
207 224 26 0
208 220 70 1
208 489 65 1
209 220 96 1
209 489 118 1
210 220 72 1
211 261 32 0
211 343 61 0
211 344 56 1
211 357 76 1
211 369 57 1
212 226 14 0
212 357 78 1
213 361 94 1
213 450 50 0
214 216 61 0
214 269 51 1
214 345 64 1
215 216 73 1
215 269 60 0
215 450 68 0
216 345 91 1
216 441 65 1
217 421 16 0
219 240 33 0
219 242 75 1
219 421 65 1
221 231 31 0
221 376 53 0
221 455 63 0
222 223 13 0
222 376 61 0
222 417 104 1
223 246 64 0
223 376 58 0
223 417 88 1
223 455 94 1
224 300 100 1
224 397 27 1
226 301 120 1
226 357 58 0
226 448 74 0
227 264 14 0
227 265 41 1
227 266 45 0
228 265 75 1
228 266 99 1
229 293 188 1
229 408 63 0
229 477 41 1
230 303 61 0
231 376 113 1
232 409 65 0
232 438 11 0
233 235 52 1
233 302 33 0
233 303 108 1
233 438 47 0
235 302 22 0
236 348 44 0
237 263 123 1
237 372 84 0
237 434 43 1
238 263 37 0
240 422 60 0
241 242 40 1
241 243 52 0
244 439 102 1
244 458 72 1
245 307 57 0
245 308 70 1
245 439 45 0
245 467 36 0
245 468 47 0
246 455 60 1
247 277 21 0
248 417 44 1
249 375 40 0
249 407 70 1
249 465 35 1
249 466 54 1
250 251 24 0
251 342 86 1
251 375 27 1
252 406 45 0
253 270 43 0
253 275 30 1
253 276 16 1
254 255 14 1
259 362 65 1
260 273 59 0
261 344 54 1
262 364 86 1
263 364 56 1
266 473 92 1
270 275 35 0
270 360 56 1
271 346 20 0
272 362 56 0
272 363 57 1
273 363 14 0
273 365 51 0
275 360 15 0
278 310 84 1
279 416 30 1
280 310 88 1
280 342 86 1
281 372 155 1
281 388 158 1
282 283 33 0
282 387 60 1
282 388 65 1
283 387 35 0
284 381 44 0
284 436 26 0
285 431 32 1
285 468 6 0
286 464 75 1
287 288 22 1
287 356 26 0
288 356 57 1
289 464 55 0
290 373 20 0
293 350 113 0
293 426 134 1
293 453 98 0
293 476 112 0
293 477 103 0
295 296 49 1
295 297 44 0
295 349 104 1
295 409 58 0
297 435 25 1
297 436 38 1
298 409 107 1
300 369 70 1
304 428 70 1
304 481 91 1
306 307 21 0
306 439 121 1
306 440 132 1
307 439 92 1
308 309 64 0
308 432 65 1
309 432 69 0
310 416 61 0
311 398 25 1
311 462 43 1
312 462 40 1
312 476 64 1
313 469 47 0
314 321 48 0
314 451 33 1
315 472 47 0
315 473 64 1
316 396 72 1
316 487 56 1
317 368 107 1
318 487 50 0
319 444 60 0
319 446 52 1
320 321 56 0
320 446 20 1
320 472 75 1
320 473 80 1
323 475 64 1
324 326 49 0
325 326 39 0
326 430 36 1
327 358 56 1
328 329 64 0
328 358 30 0
328 410 59 1
330 383 80 0
330 460 59 1
331 333 75 0
331 460 21 0
332 383 36 0
332 385 41 1
334 471 54 0
334 478 60 0
335 357 75 1
335 471 75 1
335 478 17 0
336 405 46 0
337 448 47 0
338 419 78 1
338 420 24 1
340 361 47 0
340 449 67 1
340 450 81 1
344 357 56 1
345 441 28 0
347 357 91 1
348 452 76 1
352 488 14 0
353 454 59 0
353 488 63 0
354 355 39 0
354 366 24 1
354 488 84 1
355 366 31 0
357 478 84 1
361 450 20 0
366 424 45 0
366 488 104 1
367 470 78 1
369 441 63 0
370 388 61 0
370 389 65 0
370 410 63 0
370 411 64 0
376 455 24 0
377 400 121 1
378 455 100 1
379 474 69 0
380 399 29 0
382 426 112 1
382 452 49 1
382 453 21 0
384 385 43 0
386 413 97 1
388 411 31 0
390 459 58 0
391 403 52 0
391 459 33 1
393 445 36 0
395 424 68 0
395 445 57 0
396 487 45 0
401 475 72 1
402 459 104 1
403 459 49 0
404 422 35 1
408 477 134 1
412 433 58 0
413 414 24 1
419 420 35 0
423 449 48 1
425 460 68 1
425 461 69 0
426 453 51 0
427 481 52 0
428 484 51 0
431 432 27 1
431 467 31 0
431 468 33 1
431 490 68 0
442 479 92 1
442 486 25 0
444 469 161 1
444 470 86 0
444 472 7 0
447 471 112 1
462 476 40 1
465 466 38 1
469 473 164 1
470 472 132 1
470 473 140 1
479 480 57 0
481 484 40 0
483 485 60 0

CENÁRIO 5
PROBABILIDADE: 487/1749 = 0.278445
QTD_ARESTAS_REQUERIDAS: 655
QTD_ARESTAS_NAO_REQUERIDAS: 650
1 2 25 1
1 3 71 0
1 4 83 1
5 6 24 1
5 7 43 1
5 8 42 0
9 10 60 1
9 11 27 0
12 13 80 1
14 15 8 0
14 16 32 0
17 18 81 1
17 19 90 0
17 20 108 1
17 21 76 0
22 23 19 1
22 24 27 0
22 25 39 0
26 27 46 0
26 28 28 0
26 29 48 1
30 31 8 0
30 32 52 1
30 33 26 0
30 34 40 0
30 35 46 1
30 36 3 0
37 38 36 0
37 39 34 0
40 41 25 1
40 42 28 0
43 44 20 1
43 45 76 1
43 46 32 1
43 47 51 1
43 48 32 0
49 50 56 1
49 51 31 0
52 53 100 1
52 54 73 1
52 55 31 0
2 56 70 1
2 57 40 0
2 51 35 0
58 59 17 1
58 60 62 1
58 61 15 0
58 62 70 1
63 64 23 0
63 65 41 0
66 67 54 0
68 69 51 0
70 71 88 1
70 72 45 0
70 73 64 1
70 74 54 0
70 75 32 1
76 77 86 0
76 78 30 1
76 79 47 0
76 80 64 1
81 82 91 1
13 81 36 0
81 83 68 0
23 25 44 0
84 85 46 0
86 87 43 1
86 88 100 1
86 89 64 1
86 90 60 0
86 91 41 0
92 93 9 1
92 94 62 0
44 47 36 1
95 96 40 0
95 97 41 1
95 98 35 1
99 100 50 0
99 101 12 0
102 103 27 0
102 104 58 0
102 105 31 0
106 107 59 0
106 108 65 0
106 109 6 1
110 111 70 0
110 112 38 1
113 114 43 1
113 115 23 0
113 116 57 1
113 117 55 0
113 118 39 0
113 119 33 0
120 121 40 0
120 122 55 0
123 124 73 1
115 123 59 0
108 123 55 0
123 125 73 1
126 127 34 0
126 128 25 1
129 130 20 1
131 132 83 1
131 133 80 1
131 134 29 0
131 135 51 1
121 136 59 0
130 136 20 1
137 138 43 1
137 139 155 1
137 140 76 1
141 142 49 1
143 144 67 1
143 145 39 0
85 143 51 0
143 146 49 1
143 147 49 1
143 148 60 0
149 150 42 0
149 151 50 0
82 152 83 1
33 152 56 1
153 154 92 1
155 156 22 0
155 157 12 0
155 158 70 1
121 159 66 0
159 160 108 1
18 161 71 0
107 162 33 1
124 162 102 1
162 163 38 0
162 164 42 0
162 165 76 1
166 167 68 0
166 168 79 0
166 169 110 1
166 170 23 0
171 172 65 1
24 173 68 1
174 175 33 0
174 176 55 0
174 177 99 1
83 174 11 1
178 179 60 0
178 180 65 1
154 181 49 1
181 182 72 1
183 184 45 0
97 183 18 0
98 183 34 0
185 186 20 1
185 187 19 1
107 188 51 0
107 189 96 1
107 164 42 0
103 190 78 1
103 105 18 0
103 127 70 1
61 191 33 0
192 193 80 0
192 194 80 0
192 195 22 0
196 197 72 0
138 140 59 1
198 199 55 0
182 198 57 0
134 200 48 0
200 201 35 0
200 202 34 0
200 203 48 1
31 204 27 1
204 205 126 1
190 206 107 1
127 190 62 1
190 207 42 0
208 209 47 0
208 210 64 1
211 212 96 1
213 214 118 1
213 215 23 0
213 216 60 1
93 217 69 0
217 218 64 0
217 219 55 0
45 220 86 1
45 46 84 1
221 222 14 0
221 223 23 0
224 225 35 0
38 212 96 1
38 39 72 1
38 226 64 0
227 228 28 0
229 230 98 0
222 231 41 0
232 233 81 1
232 234 34 0
232 235 56 1
232 236 42 0
237 238 43 0
139 237 62 1
140 237 72 0
184 239 28 0
97 184 29 0
98 184 42 0
240 241 56 1
240 242 16 0
240 243 84 1
244 245 88 1
246 247 66 0
246 248 88 1
249 250 80 1
249 251 81 1
186 249 21 0
187 249 67 1
163 252 42 0
188 252 46 0
165 252 31 0
21 252 44 0
253 254 39 0
253 255 43 0
42 256 99 1
256 257 20 1
256 258 48 1
259 260 52 1
212 261 65 1
262 263 67 1
140 262 44 1
264 265 28 1
264 266 73 1
74 264 74 0
267 268 41 0
269 270 62 0
269 271 35 0
260 272 94 1
272 273 46 0
272 274 48 0
254 275 80 1
94 254 41 0
254 276 64 1
179 247 43 0
179 277 38 0
179 180 60 1
90 179 45 0
278 279 35 0
278 280 6 1
74 265 66 0
281 282 63 0
281 283 123 1
114 284 40 1
114 119 22 0
245 285 81 1
286 287 68 1
286 288 51 1
118 286 33 1
62 286 45 0
53 250 72 1
108 124 58 0
124 289 92 1
157 290 62 1
160 290 19 0
118 287 59 1
287 291 40 0
62 287 46 0
292 293 70 0
294 295 28 0
294 296 56 1
294 297 105 1
294 298 28 1
299 300 86 0
299 301 35 1
302 303 50 0
175 176 38 0
118 288 33 0
132 304 49 0
305 306 74 0
305 307 118 1
305 308 112 1
305 309 40 1
111 279 113 1
279 310 89 1
193 311 39 0
194 311 39 0
311 312 20 1
133 313 76 1
266 314 65 0
266 315 30 0
316 317 62 0
316 318 27 0
319 320 35 1
319 321 44 0
322 323 32 1
322 324 32 1
322 325 18 0
322 326 49 1
87 327 52 1
88 327 59 1
327 328 56 0
91 327 80 1
93 218 31 0
93 94 59 0
93 329 61 0
330 331 28 1
330 332 115 1
330 333 60 0
334 335 60 0
334 336 88 1
334 337 86 1
101 338 47 0
338 339 62 1
167 168 14 0
167 268 74 0
59 340 47 0
19 59 75 1
59 60 68 1
35 82 37 0
82 341 75 0
310 342 107 1
89 247 70 0
90 247 50 0
343 344 72 1
343 345 53 0
343 346 105 1
343 347 67 1
64 263 83 1
140 263 38 1
31 33 31 0
177 340 92 1
60 340 6 0
348 349 48 0
348 350 33 0
10 11 48 0
10 351 69 0
352 353 52 0
352 354 81 1
352 355 88 1
291 356 15 0
62 356 88 1
261 357 30 1
154 209 96 1
87 358 62 0
87 91 30 1
20 104 144 1
168 268 79 0
331 332 75 0
270 359 24 0
359 360 54 0
13 359 84 1
177 361 63 0
260 362 27 1
260 363 102 1
65 260 46 1
94 255 38 0
255 276 42 0
64 364 20 0
64 365 30 1
242 243 64 1
75 366 43 1
41 243 14 0
225 300 54 1
353 367 70 0
353 368 113 1
344 369 64 0
344 347 54 1
370 371 35 0
370 372 100 0
156 157 22 1
156 373 31 0
156 374 24 0
273 362 69 0
65 362 70 1
250 375 13 0
157 374 33 0
376 377 36 0
376 378 49 0
378 379 78 0
379 380 76 0
238 364 69 0
364 365 28 1
381 382 88 1
383 384 73 0
383 385 59 1
383 386 77 0
387 388 10 0
387 389 24 1
390 391 75 1
27 390 99 1
390 392 59 1
393 394 113 1
268 393 59 1
393 395 129 1
393 396 78 0
206 397 69 0
128 206 107 1
88 358 45 0
88 351 68 0
88 329 51 0
193 398 40 0
193 195 139 1
277 399 96 1
399 400 48 1
13 270 84 1
170 401 32 0
20 402 76 1
402 403 20 0
42 404 32 1
72 228 57 1
74 228 49 0
11 405 43 0
371 405 78 0
6 8 38 0
20 391 74 0
13 360 67 1
161 165 70 1
161 289 37 0
161 406 31 0
21 161 67 1
230 407 107 0
230 408 89 1
236 349 34 0
349 409 25 0
371 410 70 0
410 411 54 0
79 176 15 0
176 291 42 0
257 258 31 0
412 413 33 1
412 414 12 1
412 415 59 1
111 416 94 1
111 160 55 0
417 418 81 1
258 417 72 0
69 417 61 0
151 417 102 1
100 419 97 1
100 101 72 1
100 420 65 1
100 339 62 1
218 421 123 1
421 422 69 0
61 423 52 1
96 423 59 1
165 188 41 0
354 424 37 0
73 354 17 0
354 368 96 1
27 28 39 0
27 29 112 1
122 413 88 1
413 415 88 1
333 413 44 0
77 205 137 1
77 425 86 1
408 426 123 1
350 426 39 0
427 428 49 0
202 427 49 0
105 429 39 0
142 332 110 1
323 325 35 0
323 326 25 1
323 430 35 1
7 431 42 0
7 432 36 0
122 414 47 0
122 386 38 0
414 433 92 1
238 434 35 1
140 238 42 0
225 397 49 1
225 369 66 0
3 317 112 1
3 231 60 1
3 57 108 1
233 234 56 1
116 435 35 0
284 435 51 1
296 435 52 0
435 436 11 0
56 324 11 0
56 325 26 0
248 418 72 1
151 418 36 1
125 382 13 0
29 437 61 0
195 437 46 0
351 419 64 0
339 419 38 1
234 438 60 1
235 438 26 0
236 438 37 0
234 235 45 0
54 234 34 0
130 160 60 0
160 373 37 0
128 397 76 1
207 397 59 1
345 369 63 0
295 298 59 1
13 83 67 0
144 145 17 1
439 440 24 1
314 440 61 0
314 315 50 0
182 199 20 1
214 215 92 1
214 271 72 1
214 441 94 1
146 442 83 1
442 443 35 0
320 444 65 1
32 34 39 0
394 445 83 0
396 445 62 0
444 446 40 0
25 367 92 1
25 173 31 0
25 304 51 0
274 447 86 1
363 447 148 1
337 447 84 1
447 448 48 0
60 449 68 1
96 449 38 1
449 450 99 1
321 451 100 1
140 434 62 0
164 165 33 1
164 406 38 0
452 453 68 1
350 452 57 0
39 226 56 0
150 248 51 0
351 358 65 1
329 358 44 0
116 119 8 0
67 116 31 0
97 239 22 1
239 429 84 1
355 454 47 0
377 378 20 0
377 455 72 1
285 456 54 1
431 456 40 0
456 457 75 1
456 458 30 0
20 459 88 1
20 403 51 0
197 460 112 1
197 461 67 1
197 425 72 1
398 462 22 0
274 363 75 1
274 337 150 1
440 451 83 1
315 451 69 0
236 409 38 0
307 440 67 0
443 463 55 0
373 463 64 1
374 463 73 1
117 464 68 1
101 271 49 1
333 460 139 1
317 396 70 0
407 465 36 1
285 458 75 1
407 466 26 0
308 467 16 1
308 431 27 0
308 468 15 0
127 128 40 0
454 469 29 0
367 454 38 1
454 470 70 1
337 471 36 1
313 472 50 0
472 473 12 1
324 325 27 1
324 474 51 1
378 474 49 0
119 284 11 1
67 284 57 1
101 346 14 0
467 468 13 0
303 408 97 1
326 475 81 1
170 475 110 1
430 475 32 0
476 477 71 0
128 207 38 0
329 351 25 0
328 351 78 1
471 478 51 1
448 471 46 0
112 479 108 1
112 480 78 0
443 479 75 0
428 481 24 0
277 400 47 0
457 482 34 0
48 482 42 0
85 483 59 1
148 483 26 0
78 461 81 1
388 389 20 0
283 388 44 1
33 36 28 0
73 424 68 1
296 297 38 0
325 474 40 1
173 484 36 1
304 484 76 1
34 35 43 1
62 464 89 1
72 75 70 1
28 195 81 0
448 478 110 1
145 480 49 1
145 146 78 1
142 210 20 0
46 384 83 1
46 47 56 1
15 400 33 1
15 16 25 0
85 147 49 1
380 400 11 0
315 444 51 0
444 473 20 1
146 485 49 0
485 486 97 1
201 202 11 0
201 203 42 0
219 422 78 1
389 411 12 0
333 386 89 1
226 261 84 1
78 80 56 0
394 487 41 1
79 80 24 0
368 488 11 0
210 489 61 0
119 436 30 0
169 318 48 0
367 469 10 0
469 470 42 0
169 394 68 0
394 396 59 0
158 443 44 0
146 486 52 0
432 490 58 0
309 490 54 1
313 470 45 0
289 406 61 0
8 432 56 1
350 453 92 1
261 347 102 1
8 309 68 0
21 406 62 0
283 372 123 1
312 398 41 1
139 372 78 1
69 151 46 1
202 203 52 1
47 457 57 1
47 48 54 1
339 420 31 0
443 486 60 1
457 458 59 1
98 429 54 1
1 56 73 1
1 57 40 1
2 4 75 1
2 49 47 0
2 318 78 1
4 51 70 1
4 316 62 1
4 317 49 0
4 318 49 1
6 7 18 0
6 431 68 1
6 432 30 0
7 456 57 1
8 490 65 1
9 371 115 1
9 405 60 1
10 371 89 0
10 410 120 1
10 419 88 1
11 336 124 1
11 419 124 1
12 253 33 0
12 270 14 0
12 275 22 0
12 276 39 0
12 359 36 0
12 360 35 1
14 379 108 1
14 380 10 0
15 380 11 0
15 399 36 1
16 380 52 1
16 399 9 0
16 400 37 0
17 105 139 1
18 21 34 0
18 252 67 1
19 96 60 1
19 191 33 0
19 423 48 1
19 449 49 0
21 165 97 1
22 173 28 1
22 257 61 0
23 24 24 0
24 257 91 1
24 258 57 0
25 484 35 0
26 390 47 0
26 392 22 1
27 392 37 0
28 29 57 1
28 392 34 0
29 192 89 0
29 195 70 0
31 35 38 1
31 36 10 0
31 152 68 1
32 33 28 1
32 36 33 0
32 93 112 1
32 94 148 1
33 34 35 1
34 152 25 1
35 152 22 0
35 204 24 1
37 299 25 1
37 301 12 1
38 299 56 1
38 300 66 0
38 301 52 1
39 301 27 0
40 242 84 1
40 243 36 1
40 404 9 0
40 422 48 1
41 42 41 0
42 68 13 0
42 69 40 0
42 151 49 0
43 384 43 0
43 482 72 1
44 46 13 0
44 48 38 0
44 457 72 1
45 142 59 0
45 384 17 1
45 385 75 1
46 457 47 0
46 482 75 1
47 482 14 0
49 475 56 1
50 51 64 1
50 166 110 1
50 169 1 0
50 170 97 1
50 401 49 1
51 169 64 1
51 318 36 1
52 234 84 1
52 412 51 0
52 415 28 1
53 55 49 0
53 251 63 0
53 433 57 0
54 55 32 0
54 185 48 0
54 186 73 1
55 250 73 1
55 375 54 0
56 57 80 1
56 322 32 1
56 323 60 1
57 324 51 0
57 474 64 0
58 191 67 1
58 340 70 1
59 61 20 0
59 191 36 0
59 423 28 1
59 449 35 0
61 62 42 0
61 464 97 1
62 288 34 0
63 259 91 1
63 364 38 0
64 65 47 0
65 259 33 1
66 348 70 1
66 349 65 1
66 452 49 1
67 297 41 1
67 435 21 0
67 436 14 0
68 151 88 1
68 404 22 1
68 422 19 1
69 256 92 1
69 258 81 1
69 418 70 1
70 395 119 0
70 424 66 0
71 73 118 1
71 74 108 1
71 75 71 0
71 395 124 1
71 424 81 1
72 74 94 1
72 470 61 0
73 75 40 1
73 366 4 1
74 227 66 0
75 355 44 0
75 395 130 0
76 461 48 0
77 78 78 0
77 197 104 1
77 461 78 1
78 79 57 0
78 341 73 1
79 174 102 1
79 291 51 0
80 176 36 0
80 291 58 0
81 152 96 1
81 341 50 0
82 204 48 1
82 205 53 0
84 145 53 0
84 147 38 0
84 483 129 1
86 327 41 0
87 90 99 1
88 218 50 0
89 150 42 0
89 248 89 0
90 91 52 0
90 178 46 0
90 180 8 0
91 178 61 0
91 180 91 1
92 217 72 0
92 218 41 1
92 329 57 0
94 339 91 1
95 183 15 0
95 239 30 1
96 183 73 1
98 239 35 1
99 338 43 0
99 346 30 1
100 255 76 1
100 338 51 1
102 190 100 1
103 104 124 1
103 429 65 1
104 105 68 0
104 402 150 1
105 127 88 1
106 162 84 1
107 163 39 0
107 165 88 1
108 293 48 1
109 189 58 0
109 292 28 1
110 416 45 0
110 479 139 1
111 112 80 0
111 310 56 0
113 286 44 0
113 381 49 1
114 118 27 1
114 286 54 1
115 116 83 1
115 117 46 0
115 381 27 0
116 284 17 1
116 381 34 0
116 436 25 0
117 123 57 0
117 289 41 0
119 381 60 1
120 129 94 1
120 386 47 0
121 122 48 1
121 129 59 0
121 386 53 0
121 433 48 1
122 412 81 1
122 433 41 1
124 406 59 0
125 453 36 1
126 184 60 1
126 190 25 0
126 224 52 0
126 397 70 1
127 184 56 1
127 429 52 1
128 190 11 0
128 224 81 1
129 136 2 0
130 159 54 1
130 290 81 1
131 446 91 1
132 134 52 0
132 203 64 1
132 427 80 1
132 428 24 0
133 135 54 1
133 304 54 1
133 469 59 0
134 154 119 0
134 203 83 1
134 208 184 1
134 209 120 1
135 313 86 1
135 446 70 1
136 159 44 1
137 238 81 0
137 262 68 1
137 336 132 1
138 262 18 0
138 263 91 1
139 238 126 1
140 364 84 1
141 210 49 1
141 332 68 1
141 385 80 1
142 208 45 0
142 220 29 0
143 480 58 0
143 483 44 0
143 485 89 1
144 146 44 0
144 147 68 1
144 480 33 1
145 147 54 1
146 480 80 1
147 483 80 1
148 485 50 0
149 248 72 0
149 418 41 0
150 418 84 1
153 198 100 1
153 208 61 0
153 209 70 1
153 220 37 0
154 198 73 1
154 200 155 1
154 201 193 1
155 160 47 0
155 290 30 0
155 373 17 1
155 374 70 1
155 463 49 1
156 158 49 0
156 463 26 0
157 373 32 1
157 463 34 0
158 373 80 1
158 442 96 1
158 463 40 1
158 479 56 0
158 486 123 1
160 479 75 0
161 252 51 0
162 406 46 0
163 164 5 0
163 165 30 1
163 406 34 0
164 188 36 1
164 252 62 1
165 406 20 0
166 401 73 1
167 267 63 0
168 267 97 1
169 487 58 0
171 293 112 0
171 312 65 1
171 462 24 0
171 476 2 0
172 189 102 1
172 292 14 0
172 293 72 0
173 257 92 1
175 177 49 1
176 177 55 0
177 291 43 0
177 356 50 0
178 282 107 1
179 399 76 1
180 247 50 0
181 198 23 0
181 199 47 0
181 319 102 1
182 319 53 0
182 321 67 1
183 239 20 0
185 249 52 1
185 407 46 0
185 465 30 0
186 187 38 1
186 375 55 0
186 407 73 1
186 465 25 0
186 466 47 0
187 230 102 0
187 407 44 0
187 465 33 0
189 292 97 1
191 423 30 0
192 437 81 1
193 194 4 1
193 437 51 0
194 398 41 0
194 437 52 0
196 294 54 0
196 296 46 1
196 297 91 1
196 435 105 1
199 244 51 0
199 321 52 0
199 440 100 1
200 208 148 1
200 209 51 0
201 209 77 0
201 489 80 1
203 427 40 0
205 341 120 1
206 207 57 1
206 224 86 1
207 224 41 1
208 220 44 0
208 489 41 0
209 220 60 0
209 489 118 1
210 220 72 1
211 261 51 1
211 343 97 1
211 344 35 0
211 357 48 0
211 369 57 1
212 226 22 1
212 357 49 0
213 361 59 0
213 450 80 1
214 216 61 0
214 269 51 1
214 345 64 1
215 216 73 1
215 269 60 0
215 450 68 0
216 345 57 0
216 441 65 1
217 421 25 1
219 240 52 1
219 242 47 0
219 421 65 1
221 231 31 0
221 376 84 1
221 455 63 0
222 223 13 0
222 376 97 1
222 417 65 0
223 246 102 1
223 376 58 0
223 417 88 1
223 455 59 0
224 300 100 1
224 397 17 0
226 301 120 1
226 357 58 0
226 448 74 0
227 264 22 1
227 265 41 1
227 266 45 0
228 265 47 0
228 266 62 0
229 293 188 1
229 408 100 1
229 477 41 1
230 303 97 1
231 376 71 0
232 409 104 1
232 438 17 1
233 235 52 1
233 302 52 1
233 303 68 0
233 438 75 1
235 302 22 0
236 348 44 0
237 263 77 0
237 372 84 0
237 434 27 0
238 263 37 0
240 422 60 0
241 242 40 1
241 243 52 0
244 439 64 0
244 458 72 1
245 307 91 1
245 308 44 0
245 439 45 0
245 467 36 0
245 468 75 1
246 455 60 1
247 277 21 0
248 417 44 1
249 375 64 1
249 407 70 1
249 465 22 0
249 466 54 1
250 251 38 1
251 342 54 0
251 375 27 1
252 406 72 1
253 270 43 0
253 275 19 0
253 276 10 0
254 255 9 0
259 362 41 0
260 273 94 1
261 344 54 1
262 364 54 0
263 364 56 1
266 473 92 1
270 275 35 0
270 360 35 0
271 346 32 1
272 362 89 1
272 363 36 0
273 363 22 1
273 365 51 0
275 360 24 1
278 310 84 1
279 416 19 0
280 310 88 1
280 342 86 1
281 372 155 1
281 388 99 0
282 283 52 1
282 387 38 0
282 388 65 1
283 387 56 1
284 381 70 1
284 436 41 1
285 431 20 0
285 468 6 0
286 464 75 1
287 288 22 1
287 356 26 0
288 356 57 1
289 464 55 0
290 373 20 0
293 350 180 1
293 426 84 0
293 453 156 1
293 476 179 1
293 477 103 0
295 296 49 1
295 297 44 0
295 349 65 0
295 409 92 1
297 435 16 0
297 436 24 0
298 409 107 1
300 369 44 0
304 428 44 0
304 481 57 0
306 307 33 1
306 439 121 1
306 440 83 0
307 439 92 1
308 309 64 0
308 432 65 1
309 432 69 0
310 416 97 1
311 398 16 0
311 462 27 0
312 462 40 1
312 476 40 0
313 469 47 0
314 321 76 1
314 451 21 0
315 472 75 1
315 473 40 0
316 396 72 1
316 487 35 0
317 368 107 1
318 487 80 1
319 444 60 0
319 446 33 0
320 321 89 1
320 446 20 1
320 472 47 0
320 473 80 1
323 475 64 1
324 326 78 1
325 326 62 1
326 430 23 0
327 358 56 1
328 329 102 1
328 358 30 0
328 410 59 1
330 383 80 0
330 460 59 1
331 333 75 0
331 460 33 1
332 383 57 1
332 385 41 1
334 471 54 0
334 478 96 1
335 357 47 0
335 471 75 1
335 478 17 0
336 405 46 0
337 448 47 0
338 419 49 0
338 420 24 1
340 361 47 0
340 449 42 0
340 450 81 1
344 357 56 1
345 441 28 0
347 357 57 0
348 452 76 1
352 488 22 1
353 454 94 1
353 488 63 0
354 355 62 1
354 366 15 0
354 488 53 0
355 366 49 1
357 478 84 1
361 450 32 1
366 424 45 0
366 488 65 0
367 470 49 0
369 441 63 0
370 388 97 1
370 389 65 0
370 410 100 1
370 411 102 1
376 455 24 0
377 400 76 0
378 455 63 0
379 474 69 0
380 399 29 0
382 426 112 1
382 452 49 1
382 453 33 1
384 385 43 0
386 413 61 0
388 411 49 1
390 459 92 1
391 403 83 1
391 459 21 0
393 445 57 1
395 424 108 1
395 445 57 0
396 487 72 1
401 475 45 0
402 459 104 1
403 459 49 0
404 422 22 0
408 477 84 0
412 433 58 0
413 414 15 0
419 420 56 1
423 449 30 0
425 460 68 1
425 461 110 1
426 453 51 0
427 481 52 0
428 484 81 1
431 432 17 0
431 467 31 0
431 468 21 0
431 490 108 1
442 479 58 0
442 486 40 1
444 469 161 1
444 470 86 0
444 472 11 1
447 471 70 0
462 476 25 0
465 466 38 1
469 473 103 0
470 472 83 0
470 473 140 1
479 480 91 1
481 484 40 0
483 485 60 0

