NUMERO_DE_VERTICES: 452
NUMERO_DE_ARESTAS: 915
NUMERO_DE_CENARIOS: 5
INFLACAO: 40 %
PRIMEIRO ESTÁGIO:
1 2 26
3 4 13
3 5 13
6 7 8
8 9 13
8 10 14
11 12 12
13 14 33
13 15 16
16 17 1
18 19 31
20 21 18
22 23 7
24 25 35
24 26 33
24 27 49
28 29 63
30 31 36
30 32 34
33 34 17
35 36 38
35 37 47
35 38 30
39 40 38
39 41 34
39 42 18
43 44 40
43 45 43
46 47 30
46 48 9
49 50 52
51 52 27
53 54 25
55 56 13
55 57 23
58 59 53
60 61 60
62 63 32
40 64 16
65 66 46
52 67 1
68 69 41
70 71 23
72 73 27
72 74 17
75 76 21
75 77 29
75 78 25
59 79 52
80 81 21
82 83 24
84 85 48
86 87 39
86 88 45
89 90 43
91 92 35
93 94 40
95 96 14
95 97 45
73 98 39
99 100 28
99 101 7
69 102 46
102 103 3
47 104 45
47 105 15
106 107 17
108 109 26
31 110 38
76 78 11
111 112 16
111 113 34
104 114 10
41 115 6
64 115 22
116 117 40
116 118 37
119 120 44
119 121 41
119 122 14
123 124 13
125 126 24
125 127 31
128 129 10
128 130 18
41 42 50
41 131 12
129 130 22
132 133 33
132 134 42
135 136 28
137 138 44
139 140 37
141 142 25
143 144 17
143 145 37
146 147 8
148 149 34
148 150 36
23 151 27
103 152 32
153 154 44
155 156 7
157 158 55
124 159 30
160 161 36
160 162 35
163 164 29
163 165 47
124 166 11
167 168 26
167 169 23
170 171 2
172 173 16
56 174 43
109 175 33
175 176 38
98 177 10
178 179 17
180 181 46
182 183 41
184 185 13
186 187 6
34 188 20
69 189 42
190 191 4
192 193 5
194 195 31
196 197 38
196 198 19
196 199 25
9 200 22
201 202 13
203 204 43
109 205 30
206 207 27
208 209 27
210 211 34
210 212 54
213 214 24
101 215 32
215 216 27
217 218 41
100 219 19
220 221 11
222 223 37
224 225 30
224 226 23
227 228 16
183 229 31
230 231 25
232 233 12
232 234 34
232 235 45
234 236 28
237 238 48
239 240 24
239 241 30
168 242 40
96 243 36
21 244 15
158 245 46
246 247 31
248 249 28
250 251 27
250 252 31
253 254 30
255 256 39
257 258 14
258 259 12
57 260 12
261 262 42
261 263 38
264 265 36
266 267 48
120 268 25
120 269 17
270 271 53
270 272 14
273 274 25
273 275 32
276 277 12
57 278 24
126 127 14
126 279 20
280 281 7
282 283 42
282 284 18
285 286 57
287 288 44
289 290 26
140 291 13
292 293 21
294 295 15
90 294 39
294 296 14
26 121 18
297 298 41
299 300 38
299 301 4
281 302 33
303 304 26
79 177 51
305 306 23
305 307 5
64 308 27
308 309 13
308 310 11
311 312 47
311 313 32
314 315 68
107 316 21
107 317 3
318 319 34
320 321 43
320 322 6
323 324 13
325 326 45
327 328 37
238 262 28
238 329 48
330 331 24
158 300 14
140 332 35
168 333 16
168 295 32
168 296 23
50 334 32
334 335 35
336 337 9
336 338 16
339 340 18
341 342 31
343 344 15
343 345 36
346 347 31
348 349 20
350 351 20
352 353 40
240 354 28
355 356 14
283 284 30
251 357 45
85 358 28
359 360 46
361 362 9
363 364 70
365 366 31
367 368 33
304 369 24
307 370 34
371 372 9
310 319 19
329 362 20
362 373 21
290 374 27
44 375 42
376 377 28
300 378 28
304 379 21
380 381 62
382 383 26
384 385 39
195 386 41
77 387 29
388 389 8
388 390 12
225 391 44
392 393 14
394 395 35
396 397 17
347 398 42
337 399 32
400 401 7
402 403 22
404 405 17
275 387 30
295 296 11
366 406 30
150 407 31
408 409 28
410 411 3
263 410 28
185 412 16
413 414 28
165 415 36
272 416 39
293 417 49
279 418 27
279 419 30
420 421 25
422 423 40
422 424 41
162 425 7
426 427 35
15 313 8
428 429 25
151 430 14
195 431 16
173 432 12
433 434 49
226 433 7
340 349 29
435 436 45
435 437 47
434 438 36
228 439 47
226 391 25
440 441 39
353 442 34
356 429 37
134 443 41
162 444 4
445 446 34
189 304 12
207 419 24
447 448 24
447 449 34
38 450 53
199 451 50
19 452 61
2 27 79
2 76 139
2 372 172
3 404 110
3 405 108
3 409 15
3 439 137
4 5 7
4 341 51
4 409 17
5 408 33
5 409 11
6 124 119
6 424 124
6 450 30
7 33 70
7 34 69
7 38 73
7 450 30
9 10 17
9 227 12
11 186 157
11 215 162
11 216 185
11 394 65
11 395 73
12 186 164
12 215 169
12 216 192
12 394 72
12 395 80
13 137 70
13 313 11
13 445 143
14 15 31
14 137 55
15 311 33
16 451 30
17 451 30
18 127 82
18 207 119
18 265 36
18 396 104
18 397 108
18 452 65
19 447 98
19 448 78
19 449 105
20 62 71
20 63 85
20 214 72
20 244 21
21 62 54
21 63 68
21 214 55
22 239 15
22 241 29
22 354 14
23 239 21
23 354 15
23 430 21
24 237 29
25 119 33
25 121 27
25 122 35
26 76 156
26 372 113
27 76 120
27 237 67
27 372 153
28 79 21
29 59 60
29 79 55
30 154 71
30 306 22
32 307 23
32 370 20
33 38 79
33 116 36
33 188 33
34 38 78
34 116 52
34 323 34
36 37 16
36 170 28
36 171 27
37 170 24
37 171 23
40 41 10
40 115 8
40 131 3
42 88 168
42 401 82
43 299 178
43 301 178
43 328 192
43 371 72
43 375 62
44 45 4
45 375 40
46 81 50
46 240 56
47 114 38
48 240 51
48 312 227
48 314 277
48 417 281
49 217 58
49 246 115
49 298 114
50 247 40
50 287 65
51 291 21
51 332 18
51 374 30
52 374 39
53 72 46
53 73 64
53 74 59
53 89 57
53 257 56
53 258 57
53 344 76
54 72 30
54 89 69
55 174 31
56 57 25
56 260 36
57 174 45
58 98 34
58 177 35
58 320 42
58 321 11
59 177 53
60 66 231
60 97 231
60 365 114
60 437 98
61 182 14
61 280 141
61 281 147
61 365 110
62 153 71
62 214 57
62 244 60
63 154 39
63 214 71
63 244 74
64 131 15
65 118 116
65 243 34
66 97 39
66 243 19
66 435 181
66 436 140
66 437 166
68 189 31
68 379 21
70 311 69
70 312 53
71 311 55
71 312 62
72 89 60
73 74 13
73 89 72
73 90 64
73 177 44
74 89 67
74 98 45
75 372 30
76 121 155
76 122 162
76 181 39
77 371 32
77 372 34
77 375 27
78 181 33
82 440 32
82 441 53
83 366 45
83 440 35
84 314 174
84 315 124
84 367 35
84 368 30
84 407 106
85 368 39
86 222 16
87 223 5
87 400 9
87 401 15
89 276 38
91 117 85
91 281 34
91 302 5
92 95 76
92 117 86
93 128 21
93 129 23
93 142 75
94 128 52
94 142 105
95 117 89
95 118 73
96 118 62
97 435 181
97 436 140
97 437 166
98 321 29
99 330 25
100 331 24
101 330 28
101 434 72
102 361 161
102 373 150
104 388 53
105 240 49
105 312 177
105 314 227
105 417 231
106 211 49
106 317 16
108 176 16
109 176 19
111 408 7
113 408 31
113 409 52
114 388 62
115 131 8
116 234 67
116 236 40
117 118 23
121 122 33
121 372 112
122 372 119
123 159 21
123 166 17
123 350 52
124 424 83
124 450 115
125 326 151
125 418 23
126 418 21
127 264 136
127 279 28
127 396 98
127 397 102
129 382 7
129 383 28
130 382 27
130 383 27
132 175 56
132 422 24
133 175 58
133 176 44
134 422 41
135 249 45
135 253 54
136 249 18
136 253 35
137 179 45
137 348 46
138 178 17
138 179 3
138 336 66
139 283 38
140 289 44
141 404 118
141 409 44
141 439 145
142 169 95
142 209 79
142 382 103
142 405 90
143 438 54
144 164 62
144 359 89
145 394 26
145 395 36
146 220 80
146 221 77
146 338 59
148 292 102
149 150 63
149 292 84
150 314 123
150 315 85
151 155 279
151 156 285
151 230 166
151 231 154
151 358 367
151 367 330
151 368 324
152 303 36
152 421 26
153 289 31
155 230 114
155 358 229
155 367 234
155 368 228
156 230 120
156 358 235
156 367 240
156 368 234
157 245 32
158 378 37
159 166 24
159 204 67
159 324 44
159 350 52
159 357 125
160 285 81
160 425 33
161 425 9
163 360 97
163 427 73
164 359 77
165 427 68
167 208 32
167 333 11
168 294 36
169 333 28
169 382 38
170 388 26
170 389 19
171 389 18
172 219 33
172 385 30
172 432 11
173 273 114
175 205 36
177 321 34
178 399 9
180 216 31
180 275 31
180 387 30
182 280 144
182 281 150
182 365 104
183 440 36
184 412 27
185 361 39
186 215 161
186 216 184
186 394 142
186 395 109
188 323 25
188 324 36
189 369 25
189 379 14
190 192 56
191 201 112
191 202 102
191 242 106
191 344 158
192 208 42
192 209 32
193 208 41
193 209 28
194 220 87
194 221 84
194 386 12
194 431 40
195 220 81
195 221 78
197 207 37
197 264 113
197 451 108
198 199 25
200 227 14
200 228 9
201 344 68
202 242 103
202 344 73
203 232 68
203 233 76
203 235 33
203 285 103
204 351 76
204 357 73
205 228 31
205 439 58
206 325 64
206 419 16
207 264 89
207 265 121
207 396 51
207 397 55
208 333 36
209 405 81
210 222 91
210 223 61
210 400 74
211 212 30
212 213 65
212 214 83
213 222 154
213 223 124
213 400 137
214 222 173
214 223 143
214 244 61
214 400 156
215 330 18
215 394 147
215 395 114
216 275 32
216 394 170
216 395 137
217 246 62
217 298 61
218 266 45
218 297 25
218 298 29
219 331 36
220 386 87
221 386 84
224 433 25
224 438 25
225 226 24
229 393 57
229 440 37
229 441 36
230 358 202
230 367 165
230 368 159
232 285 113
233 234 23
233 236 48
233 285 121
235 324 44
237 261 103
239 354 16
240 312 216
240 314 266
240 417 270
242 277 30
242 295 36
242 344 146
245 268 40
245 269 37
246 298 75
246 335 40
247 288 120
247 335 23
248 259 71
248 345 28
249 253 37
250 254 30
250 357 43
251 252 50
251 254 26
251 398 21
252 254 32
252 351 54
255 420 22
255 421 38
256 420 20
256 421 37
257 259 14
257 344 60
258 344 55
259 343 64
259 345 54
260 278 17
261 364 80
261 414 76
263 268 91
263 411 29
264 396 41
264 397 41
264 451 120
265 396 73
265 397 73
266 297 21
266 353 78
267 352 50
267 353 65
268 269 15
268 411 104
270 416 39
271 416 53
273 331 42
274 275 25
274 387 33
276 295 39
277 295 35
278 431 42
280 392 79
280 444 35
281 392 85
282 305 72
282 307 70
282 370 76
282 380 72
282 415 53
284 305 76
284 307 74
284 370 80
284 380 76
286 347 40
286 357 61
287 334 43
288 334 70
288 335 100
291 332 24
292 426 37
293 426 55
299 378 35
301 327 55
301 328 40
305 380 45
306 307 24
308 318 40
308 319 29
309 310 23
309 318 36
311 445 173
312 314 212
312 417 201
312 445 173
313 445 144
314 407 95
314 417 114
315 407 57
322 416 30
325 352 22
325 419 74
326 352 34
326 353 24
326 418 138
326 442 48
329 361 27
329 373 32
337 338 17
339 341 25
339 342 8
339 349 39
340 341 27
341 404 150
341 405 148
341 439 177
346 398 18
347 357 41
354 430 24
355 428 43
355 429 39
355 446 52
356 428 54
358 368 53
360 426 135
360 427 110
360 445 77
360 446 82
361 373 25
361 412 36
363 447 53
364 413 30
364 414 33
365 406 19
369 379 16
370 380 70
371 375 56
376 385 75
376 403 32
376 432 92
377 381 108
377 384 65
377 385 50
377 402 30
380 415 31
381 391 54
381 402 85
381 403 102
384 434 55
389 390 18
391 433 23
392 441 54
393 441 45
396 451 140
397 451 140
404 439 69
413 447 76
413 448 63
422 443 38
423 424 66
423 443 3
424 443 65
424 450 120
428 446 27
429 446 51
436 437 87
448 449 43
CENÁRIO 1
PROBABILIDADE: 51/2236 = 0.0228086
QTD_ARESTAS_REQUERIDAS: 468
QTD_ARESTAS_NAO_REQUERIDAS: 447
1 2 26 0
3 4 13 0
3 5 13 0
6 7 8 0
8 9 18 1
8 10 14 0
11 12 12 0
13 14 46 1
13 15 16 0
16 17 1 0
18 19 31 0
20 21 18 0
22 23 7 0
24 25 49 1
24 26 46 1
24 27 68 1
28 29 63 0
30 31 36 0
30 32 47 1
33 34 23 1
35 36 38 0
35 37 47 0
35 38 42 1
39 40 38 0
39 41 47 1
39 42 18 0
43 44 56 1
43 45 60 1
46 47 42 1
46 48 12 1
49 50 72 1
51 52 37 1
53 54 35 1
55 56 18 1
55 57 23 0
58 59 53 0
60 61 84 1
62 63 44 1
40 64 16 0
65 66 46 0
52 67 1 1
68 69 57 1
70 71 23 0
72 73 27 0
72 74 17 0
75 76 21 0
75 77 40 1
75 78 35 1
59 79 52 0
80 81 29 1
82 83 33 1
84 85 67 1
86 87 39 0
86 88 45 0
89 90 60 1
91 92 49 1
93 94 56 1
95 96 19 1
95 97 45 0
73 98 39 0
99 100 28 0
99 101 7 0
69 102 46 0
102 103 3 0
47 104 63 1
47 105 15 0
106 107 23 1
108 109 36 1
31 110 53 1
76 78 15 1
111 112 22 1
111 113 47 1
104 114 10 0
41 115 8 1
64 115 22 0
116 117 56 1
116 118 51 1
119 120 61 1
119 121 41 0
119 122 19 1
123 124 13 0
125 126 33 1
125 127 31 0
128 129 10 0
128 130 25 1
41 42 50 0
41 131 12 0
129 130 30 1
132 133 46 1
132 134 42 0
135 136 39 1
137 138 61 1
139 140 51 1
141 142 35 1
143 144 17 0
143 145 51 1
146 147 11 1
148 149 47 1
148 150 50 1
23 151 27 0
103 152 32 0
153 154 44 0
155 156 7 0
157 158 55 0
124 159 42 1
160 161 50 1
160 162 49 1
163 164 29 0
163 165 65 1
124 166 11 0
167 168 26 0
167 169 32 1
170 171 2 1
172 173 22 1
56 174 43 0
109 175 33 0
175 176 53 1
98 177 14 1
178 179 17 0
180 181 46 0
182 183 41 0
184 185 18 1
186 187 8 1
34 188 20 0
69 189 42 0
190 191 4 0
192 193 5 0
194 195 31 0
196 197 38 0
196 198 26 1
196 199 25 0
9 200 22 0
201 202 18 1
203 204 43 0
109 205 42 1
206 207 27 0
208 209 37 1
210 211 34 0
210 212 54 0
213 214 24 0
101 215 44 1
215 216 37 1
217 218 57 1
100 219 26 1
220 221 11 0
222 223 37 0
224 225 42 1
224 226 32 1
227 228 16 0
183 229 43 1
230 231 35 1
232 233 16 1
232 234 34 0
232 235 45 0
234 236 39 1
237 238 67 1
239 240 33 1
239 241 30 0
168 242 40 0
96 243 50 1
21 244 15 0
158 245 64 1
246 247 43 1
248 249 28 0
250 251 37 1
250 252 43 1
253 254 30 0
255 256 39 0
257 258 14 0
258 259 16 1
57 260 12 0
261 262 42 0
261 263 38 0
264 265 50 1
266 267 67 1
120 268 35 1
120 269 23 1
270 271 74 1
270 272 19 1
273 274 25 0
273 275 44 1
276 277 12 0
57 278 24 0
126 127 14 0
126 279 20 0
280 281 9 1
282 283 42 0
282 284 18 0
285 286 79 1
287 288 61 1
289 290 36 1
140 291 18 1
292 293 21 0
294 295 15 0
90 294 54 1
294 296 14 0
26 121 18 0
297 298 57 1
299 300 38 0
299 301 5 1
281 302 46 1
303 304 26 0
79 177 51 0
305 306 23 0
305 307 7 1
64 308 37 1
308 309 13 0
308 310 11 0
311 312 47 0
311 313 44 1
314 315 95 1
107 316 29 1
107 317 4 1
318 319 34 0
320 321 43 0
320 322 6 0
323 324 13 0
325 326 63 1
327 328 51 1
238 262 39 1
238 329 67 1
330 331 33 1
158 300 19 1
140 332 49 1
168 333 16 0
168 295 44 1
168 296 32 1
50 334 44 1
334 335 49 1
336 337 12 1
336 338 22 1
339 340 25 1
341 342 31 0
343 344 15 0
343 345 50 1
346 347 43 1
348 349 20 0
350 351 20 0
352 353 56 1
240 354 28 0
355 356 14 0
283 284 30 0
251 357 63 1
85 358 39 1
359 360 46 0
361 362 12 1
363 364 98 1
365 366 43 1
367 368 33 0
304 369 33 1
307 370 34 0
371 372 12 1
310 319 19 0
329 362 28 1
362 373 21 0
290 374 27 0
44 375 42 0
376 377 28 0
300 378 28 0
304 379 29 1
380 381 86 1
382 383 36 1
384 385 39 0
195 386 41 0
77 387 40 1
388 389 11 1
388 390 16 1
225 391 61 1
392 393 14 0
394 395 49 1
396 397 23 1
347 398 42 0
337 399 32 0
400 401 9 1
402 403 30 1
404 405 23 1
275 387 30 0
295 296 15 1
366 406 30 0
150 407 43 1
408 409 28 0
410 411 3 0
263 410 28 0
185 412 22 1
413 414 39 1
165 415 36 0
272 416 54 1
293 417 49 0
279 418 37 1
279 419 42 1
420 421 25 0
422 423 56 1
422 424 57 1
162 425 7 0
426 427 35 0
15 313 8 0
428 429 35 1
151 430 14 0
195 431 16 0
173 432 12 0
433 434 49 0
226 433 9 1
340 349 29 0
435 436 45 0
435 437 47 0
434 438 50 1
228 439 47 0
226 391 25 0
440 441 54 1
353 442 34 0
356 429 37 0
134 443 41 0
162 444 5 1
445 446 47 1
189 304 12 0
207 419 33 1
447 448 24 0
447 449 34 0
38 450 74 1
199 451 70 1
19 452 61 0
2 27 79 0
2 76 194 1
2 372 240 1
3 404 110 0
3 405 108 0
3 409 15 0
3 439 191 1
4 5 9 1
4 341 71 1
4 409 23 1
5 408 33 0
5 409 11 0
6 124 166 1
6 424 173 1
6 450 30 0
7 33 98 1
7 34 96 1
7 38 73 0
7 450 30 0
9 10 23 1
9 227 12 0
11 186 219 1
11 215 162 0
11 216 259 1
11 394 65 0
11 395 102 1
12 186 229 1
12 215 169 0
12 216 268 1
12 394 100 1
12 395 80 0
13 137 98 1
13 313 15 1
13 445 143 0
14 15 31 0
14 137 77 1
15 311 46 1
16 451 30 0
17 451 42 1
18 127 114 1
18 207 166 1
18 265 50 1
18 396 145 1
18 397 108 0
18 452 65 0
19 447 137 1
19 448 109 1
19 449 147 1
20 62 71 0
20 63 119 1
20 214 72 0
20 244 21 0
21 62 75 1
21 63 68 0
21 214 55 0
22 239 15 0
22 241 40 1
22 354 14 0
23 239 29 1
23 354 15 0
23 430 21 0
24 237 40 1
25 119 33 0
25 121 27 0
25 122 35 0
26 76 218 1
26 372 113 0
27 76 168 1
27 237 67 0
27 372 214 1
28 79 29 1
29 59 84 1
29 79 55 0
30 154 71 0
30 306 22 0
32 307 32 1
32 370 28 1
33 38 110 1
33 116 36 0
33 188 33 0
34 38 78 0
34 116 72 1
34 323 47 1
36 37 22 1
36 170 39 1
36 171 37 1
37 170 33 1
37 171 32 1
40 41 14 1
40 115 11 1
40 131 3 0
42 88 235 1
42 401 82 0
43 299 178 0
43 301 249 1
43 328 268 1
43 371 72 0
43 375 62 0
44 45 4 0
45 375 56 1
46 81 50 0
46 240 56 0
47 114 38 0
48 240 71 1
48 312 317 1
48 314 277 0
48 417 393 1
49 217 58 0
49 246 161 1
49 298 159 1
50 247 56 1
50 287 91 1
51 291 21 0
51 332 25 1
51 374 30 0
52 374 54 1
53 72 64 1
53 73 89 1
53 74 59 0
53 89 57 0
53 257 56 0
53 258 57 0
53 344 106 1
54 72 30 0
54 89 69 0
55 174 43 1
56 57 35 1
56 260 36 0
57 174 63 1
58 98 34 0
58 177 49 1
58 320 58 1
58 321 15 1
59 177 74 1
60 66 231 0
60 97 323 1
60 365 114 0
60 437 98 0
61 182 14 0
61 280 197 1
61 281 205 1
61 365 154 1
62 153 99 1
62 214 57 0
62 244 60 0
63 154 54 1
63 214 99 1
63 244 103 1
64 131 15 0
65 118 162 1
65 243 34 0
66 97 54 1
66 243 19 0
66 435 253 1
66 436 140 0
66 437 166 0
68 189 31 0
68 379 29 1
70 311 69 0
70 312 53 0
71 311 77 1
71 312 86 1
72 89 60 0
73 74 13 0
73 89 100 1
73 90 89 1
73 177 44 0
74 89 67 0
74 98 63 1
75 372 42 1
76 121 217 1
76 122 162 0
76 181 39 0
77 371 44 1
77 372 47 1
77 375 37 1
78 181 46 1
82 440 32 0
82 441 53 0
83 366 63 1
83 440 35 0
84 314 174 0
84 315 173 1
84 367 35 0
84 368 42 1
84 407 106 0
85 368 39 0
86 222 22 1
87 223 7 1
87 400 9 0
87 401 15 0
89 276 53 1
91 117 119 1
91 281 47 1
91 302 5 0
92 95 106 1
92 117 120 1
93 128 21 0
93 129 32 1
93 142 105 1
94 128 52 0
94 142 105 0
95 117 124 1
95 118 73 0
96 118 62 0
97 435 253 1
97 436 140 0
97 437 232 1
98 321 40 1
99 330 35 1
100 331 33 1
101 330 39 1
101 434 100 1
102 361 161 0
102 373 150 0
104 388 53 0
105 240 68 1
105 312 247 1
105 314 227 0
105 417 231 0
106 211 68 1
106 317 16 0
108 176 22 1
109 176 26 1
111 408 9 1
113 408 43 1
113 409 52 0
114 388 62 0
115 131 11 1
116 234 93 1
116 236 40 0
117 118 32 1
121 122 46 1
121 372 156 1
122 372 119 0
123 159 29 1
123 166 17 0
123 350 52 0
124 424 116 1
124 450 115 0
125 326 151 0
125 418 23 0
126 418 21 0
127 264 136 0
127 279 28 0
127 396 98 0
127 397 142 1
129 382 9 1
129 383 28 0
130 382 27 0
130 383 37 1
132 175 56 0
132 422 24 0
133 175 81 1
133 176 44 0
134 422 57 1
135 249 63 1
135 253 75 1
136 249 25 1
136 253 49 1
137 179 63 1
137 348 64 1
138 178 17 0
138 179 4 1
138 336 92 1
139 283 38 0
140 289 44 0
141 404 118 0
141 409 44 0
141 439 203 1
142 169 95 0
142 209 79 0
142 382 103 0
142 405 126 1
143 438 54 0
144 164 62 0
144 359 124 1
145 394 36 1
145 395 50 1
146 220 80 0
146 221 107 1
146 338 59 0
148 292 142 1
149 150 88 1
149 292 117 1
150 314 172 1
150 315 85 0
151 155 390 1
151 156 399 1
151 230 232 1
151 231 215 1
151 358 513 1
151 367 330 0
151 368 453 1
152 303 36 0
152 421 26 0
153 289 43 1
155 230 159 1
155 358 229 0
155 367 327 1
155 368 319 1
156 230 168 1
156 358 329 1
156 367 336 1
156 368 234 0
157 245 32 0
158 378 51 1
159 166 24 0
159 204 93 1
159 324 44 0
159 350 52 0
159 357 125 0
160 285 113 1
160 425 46 1
161 425 12 1
163 360 97 0
163 427 73 0
164 359 77 0
165 427 68 0
167 208 44 1
167 333 15 1
168 294 36 0
169 333 39 1
169 382 53 1
170 388 26 0
170 389 19 0
171 389 18 0
172 219 33 0
172 385 30 0
172 432 15 1
173 273 159 1
175 205 50 1
177 321 47 1
178 399 9 0
180 216 31 0
180 275 43 1
180 387 30 0
182 280 144 0
182 281 150 0
182 365 104 0
183 440 50 1
184 412 37 1
185 361 39 0
186 215 225 1
186 216 257 1
186 394 142 0
186 395 109 0
188 323 35 1
188 324 50 1
189 369 35 1
189 379 14 0
190 192 78 1
191 201 112 0
191 202 142 1
191 242 148 1
191 344 221 1
192 208 42 0
192 209 32 0
193 208 57 1
193 209 28 0
194 220 121 1
194 221 84 0
194 386 16 1
194 431 56 1
195 220 113 1
195 221 78 0
197 207 51 1
197 264 113 0
197 451 108 0
198 199 35 1
200 227 14 0
200 228 9 0
201 344 95 1
202 242 144 1
202 344 73 0
203 232 68 0
203 233 76 0
203 235 46 1
203 285 144 1
204 351 76 0
204 357 73 0
205 228 43 1
205 439 58 0
206 325 64 0
206 419 16 0
207 264 124 1
207 265 121 0
207 396 51 0
207 397 55 0
208 333 36 0
209 405 81 0
210 222 127 1
210 223 85 1
210 400 103 1
211 212 30 0
212 213 91 1
212 214 83 0
213 222 154 0
213 223 124 0
213 400 137 0
214 222 173 0
214 223 200 1
214 244 85 1
214 400 218 1
215 330 25 1
215 394 205 1
215 395 114 0
216 275 32 0
216 394 238 1
216 395 137 0
217 246 62 0
217 298 61 0
218 266 63 1
218 297 35 1
218 298 40 1
219 331 36 0
220 386 87 0
221 386 117 1
224 433 35 1
224 438 35 1
225 226 24 0
229 393 57 0
229 440 51 1
229 441 36 0
230 358 282 1
230 367 165 0
230 368 222 1
232 285 113 0
233 234 32 1
233 236 48 0
233 285 121 0
235 324 44 0
237 261 103 0
239 354 16 0
240 312 216 0
240 314 372 1
240 417 378 1
242 277 42 1
242 295 50 1
242 344 146 0
245 268 40 0
245 269 51 1
246 298 75 0
246 335 56 1
247 288 120 0
247 335 32 1
248 259 71 0
248 345 28 0
249 253 51 1
250 254 42 1
250 357 60 1
251 252 70 1
251 254 26 0
251 398 29 1
252 254 44 1
252 351 54 0
255 420 30 1
255 421 38 0
256 420 20 0
256 421 51 1
257 259 19 1
257 344 84 1
258 344 77 1
259 343 64 0
259 345 54 0
260 278 17 0
261 364 112 1
261 414 76 0
263 268 91 0
263 411 29 0
264 396 57 1
264 397 57 1
264 451 120 0
265 396 102 1
265 397 73 0
266 297 21 0
266 353 78 0
267 352 50 0
267 353 91 1
268 269 21 1
268 411 145 1
270 416 39 0
271 416 74 1
273 331 58 1
274 275 25 0
274 387 46 1
276 295 54 1
277 295 49 1
278 431 58 1
280 392 79 0
280 444 35 0
281 392 119 1
282 305 100 1
282 307 70 0
282 370 76 0
282 380 72 0
282 415 74 1
284 305 106 1
284 307 74 0
284 370 80 0
284 380 76 0
286 347 40 0
286 357 61 0
287 334 60 1
288 334 98 1
288 335 100 0
291 332 24 0
292 426 51 1
293 426 77 1
299 378 49 1
301 327 77 1
301 328 40 0
305 380 63 1
306 307 24 0
308 318 40 0
308 319 29 0
309 310 23 0
309 318 36 0
311 445 242 1
312 314 296 1
312 417 201 0
312 445 242 1
313 445 144 0
314 407 133 1
314 417 114 0
315 407 57 0
322 416 42 1
325 352 22 0
325 419 74 0
326 352 47 1
326 353 24 0
326 418 193 1
326 442 48 0
329 361 27 0
329 373 32 0
337 338 23 1
339 341 25 0
339 342 8 0
339 349 39 0
340 341 37 1
341 404 150 0
341 405 148 0
341 439 247 1
346 398 25 1
347 357 57 1
354 430 24 0
355 428 60 1
355 429 39 0
355 446 72 1
356 428 75 1
358 368 53 0
360 426 189 1
360 427 154 1
360 445 77 0
360 446 82 0
361 373 35 1
361 412 36 0
363 447 74 1
364 413 42 1
364 414 46 1
365 406 26 1
369 379 16 0
370 380 70 0
371 375 56 0
376 385 105 1
376 403 44 1
376 432 92 0
377 381 108 0
377 384 91 1
377 385 50 0
377 402 42 1
380 415 31 0
381 391 54 0
381 402 85 0
381 403 102 0
384 434 55 0
389 390 25 1
391 433 23 0
392 441 54 0
393 441 63 1
396 451 140 0
397 451 196 1
404 439 69 0
413 447 106 1
413 448 88 1
422 443 53 1
423 424 92 1
423 443 4 1
424 443 91 1
424 450 168 1
428 446 27 0
429 446 51 0
436 437 121 1
448 449 43 0

CENÁRIO 2
PROBABILIDADE: 957/2236 = 0.427996
QTD_ARESTAS_REQUERIDAS: 464
QTD_ARESTAS_NAO_REQUERIDAS: 451
1 2 26 0
3 4 13 0
3 5 18 1
6 7 11 1
8 9 13 0
8 10 14 0
11 12 12 0
13 14 33 0
13 15 22 1
16 17 1 0
18 19 43 1
20 21 18 0
22 23 9 1
24 25 35 0
24 26 46 1
24 27 68 1
28 29 63 0
30 31 50 1
30 32 47 1
33 34 17 0
35 36 53 1
35 37 65 1
35 38 30 0
39 40 38 0
39 41 34 0
39 42 18 0
43 44 40 0
43 45 60 1
46 47 30 0
46 48 9 0
49 50 72 1
51 52 27 0
53 54 35 1
55 56 18 1
55 57 23 0
58 59 74 1
60 61 84 1
62 63 32 0
40 64 16 0
65 66 46 0
52 67 1 1
68 69 41 0
70 71 23 0
72 73 27 0
72 74 17 0
75 76 21 0
75 77 29 0
75 78 25 0
59 79 52 0
80 81 21 0
82 83 33 1
84 85 67 1
86 87 54 1
86 88 45 0
89 90 60 1
91 92 35 0
93 94 40 0
95 96 14 0
95 97 45 0
73 98 39 0
99 100 39 1
99 101 9 1
69 102 46 0
102 103 4 1
47 104 63 1
47 105 21 1
106 107 23 1
108 109 26 0
31 110 38 0
76 78 11 0
111 112 22 1
111 113 34 0
104 114 14 1
41 115 8 1
64 115 30 1
116 117 40 0
116 118 51 1
119 120 44 0
119 121 57 1
119 122 19 1
123 124 13 0
125 126 24 0
125 127 31 0
128 129 10 0
128 130 25 1
41 42 70 1
41 131 12 0
129 130 22 0
132 133 46 1
132 134 58 1
135 136 39 1
137 138 44 0
139 140 37 0
141 142 25 0
143 144 23 1
143 145 37 0
146 147 11 1
148 149 47 1
148 150 50 1
23 151 27 0
103 152 32 0
153 154 61 1
155 156 9 1
157 158 77 1
124 159 42 1
160 161 36 0
160 162 35 0
163 164 29 0
163 165 65 1
124 166 11 0
167 168 26 0
167 169 32 1
170 171 2 1
172 173 16 0
56 174 43 0
109 175 33 0
175 176 38 0
98 177 10 0
178 179 23 1
180 181 46 0
182 183 57 1
184 185 13 0
186 187 6 0
34 188 20 0
69 189 42 0
190 191 4 0
192 193 7 1
194 195 31 0
196 197 38 0
196 198 26 1
196 199 25 0
9 200 30 1
201 202 13 0
203 204 43 0
109 205 30 0
206 207 37 1
208 209 27 0
210 211 47 1
210 212 75 1
213 214 33 1
101 215 32 0
215 216 27 0
217 218 41 0
100 219 26 1
220 221 15 1
222 223 51 1
224 225 42 1
224 226 23 0
227 228 22 1
183 229 43 1
230 231 25 0
232 233 16 1
232 234 34 0
232 235 45 0
234 236 28 0
237 238 48 0
239 240 24 0
239 241 42 1
168 242 40 0
96 243 50 1
21 244 15 0
158 245 64 1
246 247 43 1
248 249 28 0
250 251 27 0
250 252 43 1
253 254 42 1
255 256 54 1
257 258 14 0
258 259 16 1
57 260 12 0
261 262 42 0
261 263 38 0
264 265 36 0
266 267 48 0
120 268 25 0
120 269 17 0
270 271 74 1
270 272 19 1
273 274 25 0
273 275 32 0
276 277 16 1
57 278 33 1
126 127 14 0
126 279 20 0
280 281 9 1
282 283 42 0
282 284 18 0
285 286 79 1
287 288 61 1
289 290 36 1
140 291 13 0
292 293 21 0
294 295 21 1
90 294 39 0
294 296 14 0
26 121 18 0
297 298 57 1
299 300 38 0
299 301 5 1
281 302 33 0
303 304 36 1
79 177 51 0
305 306 23 0
305 307 7 1
64 308 37 1
308 309 18 1
308 310 11 0
311 312 65 1
311 313 32 0
314 315 68 0
107 316 29 1
107 317 4 1
318 319 34 0
320 321 43 0
320 322 6 0
323 324 18 1
325 326 45 0
327 328 37 0
238 262 39 1
238 329 48 0
330 331 33 1
158 300 14 0
140 332 49 1
168 333 16 0
168 295 32 0
168 296 23 0
50 334 32 0
334 335 49 1
336 337 12 1
336 338 22 1
339 340 18 0
341 342 31 0
343 344 15 0
343 345 50 1
346 347 43 1
348 349 20 0
350 351 28 1
352 353 56 1
240 354 28 0
355 356 14 0
283 284 30 0
251 357 45 0
85 358 28 0
359 360 46 0
361 362 9 0
363 364 98 1
365 366 43 1
367 368 46 1
304 369 33 1
307 370 47 1
371 372 12 1
310 319 19 0
329 362 28 1
362 373 29 1
290 374 27 0
44 375 58 1
376 377 39 1
300 378 39 1
304 379 29 1
380 381 62 0
382 383 26 0
384 385 54 1
195 386 41 0
77 387 29 0
388 389 8 0
388 390 16 1
225 391 61 1
392 393 14 0
394 395 35 0
396 397 23 1
347 398 42 0
337 399 44 1
400 401 9 1
402 403 22 0
404 405 17 0
275 387 30 0
295 296 15 1
366 406 30 0
150 407 31 0
408 409 39 1
410 411 4 1
263 410 39 1
185 412 16 0
413 414 28 0
165 415 50 1
272 416 39 0
293 417 68 1
279 418 37 1
279 419 30 0
420 421 35 1
422 423 40 0
422 424 41 0
162 425 7 0
426 427 49 1
15 313 11 1
428 429 25 0
151 430 14 0
195 431 22 1
173 432 16 1
433 434 49 0
226 433 7 0
340 349 40 1
435 436 45 0
435 437 65 1
434 438 36 0
228 439 47 0
226 391 25 0
440 441 39 0
353 442 47 1
356 429 51 1
134 443 57 1
162 444 4 0
445 446 47 1
189 304 12 0
207 419 33 1
447 448 24 0
447 449 34 0
38 450 74 1
199 451 50 0
19 452 85 1
2 27 110 1
2 76 139 0
2 372 240 1
3 404 110 0
3 405 108 0
3 409 15 0
3 439 191 1
4 5 7 0
4 341 51 0
4 409 17 0
5 408 46 1
5 409 11 0
6 124 119 0
6 424 173 1
6 450 42 1
7 33 98 1
7 34 69 0
7 38 102 1
7 450 42 1
9 10 17 0
9 227 12 0
11 186 219 1
11 215 162 0
11 216 185 0
11 394 65 0
11 395 73 0
12 186 164 0
12 215 236 1
12 216 268 1
12 394 100 1
12 395 112 1
13 137 98 1
13 313 11 0
13 445 200 1
14 15 43 1
14 137 77 1
15 311 33 0
16 451 42 1
17 451 30 0
18 127 82 0
18 207 119 0
18 265 50 1
18 396 145 1
18 397 108 0
18 452 91 1
19 447 98 0
19 448 78 0
19 449 147 1
20 62 99 1
20 63 119 1
20 214 72 0
20 244 29 1
21 62 54 0
21 63 95 1
21 214 77 1
22 239 21 1
22 241 29 0
22 354 19 1
23 239 29 1
23 354 21 1
23 430 21 0
24 237 29 0
25 119 33 0
25 121 27 0
25 122 49 1
26 76 156 0
26 372 158 1
27 76 120 0
27 237 67 0
27 372 214 1
28 79 29 1
29 59 84 1
29 79 77 1
30 154 99 1
30 306 22 0
32 307 23 0
32 370 28 1
33 38 110 1
33 116 50 1
33 188 33 0
34 38 109 1
34 116 72 1
34 323 34 0
36 37 16 0
36 170 28 0
36 171 27 0
37 170 33 1
37 171 32 1
40 41 14 1
40 115 11 1
40 131 4 1
42 88 168 0
42 401 82 0
43 299 249 1
43 301 178 0
43 328 268 1
43 371 72 0
43 375 86 1
44 45 4 0
45 375 56 1
46 81 50 0
46 240 56 0
47 114 53 1
48 240 51 0
48 312 227 0
48 314 277 0
48 417 393 1
49 217 81 1
49 246 161 1
49 298 114 0
50 247 40 0
50 287 91 1
51 291 29 1
51 332 18 0
51 374 42 1
52 374 54 1
53 72 46 0
53 73 64 0
53 74 59 0
53 89 79 1
53 257 56 0
53 258 79 1
53 344 76 0
54 72 30 0
54 89 69 0
55 174 31 0
56 57 35 1
56 260 50 1
57 174 63 1
58 98 34 0
58 177 35 0
58 320 58 1
58 321 15 1
59 177 53 0
60 66 323 1
60 97 323 1
60 365 159 1
60 437 137 1
61 182 19 1
61 280 197 1
61 281 147 0
61 365 110 0
62 153 99 1
62 214 79 1
62 244 60 0
63 154 39 0
63 214 99 1
63 244 74 0
64 131 21 1
65 118 116 0
65 243 47 1
66 97 39 0
66 243 26 1
66 435 181 0
66 436 196 1
66 437 166 0
68 189 43 1
68 379 21 0
70 311 69 0
70 312 53 0
71 311 55 0
71 312 86 1
72 89 60 0
73 74 18 1
73 89 100 1
73 90 64 0
73 177 61 1
74 89 93 1
74 98 45 0
75 372 30 0
76 121 155 0
76 122 162 0
76 181 54 1
77 371 44 1
77 372 34 0
77 375 27 0
78 181 33 0
82 440 44 1
82 441 74 1
83 366 63 1
83 440 49 1
84 314 174 0
84 315 173 1
84 367 35 0
84 368 30 0
84 407 106 0
85 368 39 0
86 222 22 1
87 223 7 1
87 400 12 1
87 401 21 1
89 276 53 1
91 117 85 0
91 281 34 0
91 302 7 1
92 95 106 1
92 117 86 0
93 128 21 0
93 129 32 1
93 142 105 1
94 128 72 1
94 142 105 0
95 117 89 0
95 118 102 1
96 118 62 0
97 435 253 1
97 436 196 1
97 437 232 1
98 321 40 1
99 330 25 0
100 331 24 0
101 330 28 0
101 434 72 0
102 361 161 0
102 373 150 0
104 388 74 1
105 240 49 0
105 312 247 1
105 314 317 1
105 417 323 1
106 211 49 0
106 317 22 1
108 176 22 1
109 176 19 0
111 408 9 1
113 408 31 0
113 409 52 0
114 388 86 1
115 131 11 1
116 234 67 0
116 236 40 0
117 118 23 0
121 122 46 1
121 372 156 1
122 372 119 0
123 159 29 1
123 166 17 0
123 350 72 1
124 424 116 1
124 450 161 1
125 326 151 0
125 418 23 0
126 418 21 0
127 264 190 1
127 279 28 0
127 396 137 1
127 397 102 0
129 382 9 1
129 383 39 1
130 382 37 1
130 383 37 1
132 175 56 0
132 422 33 1
133 175 58 0
133 176 61 1
134 422 57 1
135 249 45 0
135 253 54 0
136 249 18 0
136 253 35 0
137 179 45 0
137 348 64 1
138 178 17 0
138 179 3 0
138 336 92 1
139 283 53 1
140 289 44 0
141 404 118 0
141 409 44 0
141 439 203 1
142 169 95 0
142 209 79 0
142 382 103 0
142 405 90 0
143 438 75 1
144 164 86 1
144 359 124 1
145 394 36 1
145 395 36 0
146 220 112 1
146 221 107 1
146 338 82 1
148 292 142 1
149 150 63 0
149 292 117 1
150 314 172 1
150 315 85 0
151 155 279 0
151 156 399 1
151 230 232 1
151 231 215 1
151 358 513 1
151 367 462 1
151 368 453 1
152 303 36 0
152 421 36 1
153 289 31 0
155 230 159 1
155 358 229 0
155 367 327 1
155 368 228 0
156 230 120 0
156 358 235 0
156 367 336 1
156 368 327 1
157 245 32 0
158 378 37 0
159 166 33 1
159 204 93 1
159 324 61 1
159 350 52 0
159 357 175 1
160 285 113 1
160 425 46 1
161 425 9 0
163 360 97 0
163 427 102 1
164 359 107 1
165 427 95 1
167 208 32 0
167 333 11 0
168 294 50 1
169 333 39 1
169 382 53 1
170 388 26 0
170 389 26 1
171 389 25 1
172 219 33 0
172 385 42 1
172 432 15 1
173 273 159 1
175 205 36 0
177 321 34 0
178 399 12 1
180 216 43 1
180 275 43 1
180 387 42 1
182 280 201 1
182 281 150 0
182 365 145 1
183 440 50 1
184 412 37 1
185 361 39 0
186 215 225 1
186 216 257 1
186 394 142 0
186 395 152 1
188 323 35 1
188 324 36 0
189 369 35 1
189 379 14 0
190 192 56 0
191 201 112 0
191 202 142 1
191 242 106 0
191 344 221 1
192 208 42 0
192 209 32 0
193 208 57 1
193 209 39 1
194 220 121 1
194 221 84 0
194 386 16 1
194 431 56 1
195 220 81 0
195 221 109 1
197 207 51 1
197 264 158 1
197 451 151 1
198 199 25 0
200 227 14 0
200 228 12 1
201 344 95 1
202 242 144 1
202 344 73 0
203 232 95 1
203 233 76 0
203 235 33 0
203 285 103 0
204 351 106 1
204 357 102 1
205 228 43 1
205 439 81 1
206 325 89 1
206 419 22 1
207 264 124 1
207 265 121 0
207 396 71 1
207 397 55 0
208 333 36 0
209 405 113 1
210 222 91 0
210 223 85 1
210 400 74 0
211 212 30 0
212 213 91 1
212 214 116 1
213 222 215 1
213 223 173 1
213 400 137 0
214 222 173 0
214 223 200 1
214 244 61 0
214 400 218 1
215 330 18 0
215 394 147 0
215 395 159 1
216 275 44 1
216 394 238 1
216 395 191 1
217 246 62 0
217 298 61 0
218 266 45 0
218 297 35 1
218 298 40 1
219 331 50 1
220 386 121 1
221 386 117 1
224 433 35 1
224 438 35 1
225 226 24 0
229 393 79 1
229 440 37 0
229 441 36 0
230 358 202 0
230 367 231 1
230 368 159 0
232 285 113 0
233 234 23 0
233 236 48 0
233 285 169 1
235 324 61 1
237 261 144 1
239 354 16 0
240 312 302 1
240 314 372 1
240 417 378 1
242 277 42 1
242 295 36 0
242 344 204 1
245 268 56 1
245 269 51 1
246 298 75 0
246 335 40 0
247 288 120 0
247 335 32 1
248 259 99 1
248 345 28 0
249 253 37 0
250 254 30 0
250 357 60 1
251 252 70 1
251 254 36 1
251 398 29 1
252 254 32 0
252 351 54 0
255 420 30 1
255 421 38 0
256 420 28 1
256 421 51 1
257 259 19 1
257 344 84 1
258 344 77 1
259 343 64 0
259 345 54 0
260 278 23 1
261 364 112 1
261 414 106 1
263 268 91 0
263 411 40 1
264 396 57 1
264 397 41 0
264 451 168 1
265 396 102 1
265 397 102 1
266 297 21 0
266 353 109 1
267 352 70 1
267 353 65 0
268 269 21 1
268 411 145 1
270 416 39 0
271 416 74 1
273 331 58 1
274 275 25 0
274 387 33 0
276 295 54 1
277 295 49 1
278 431 42 0
280 392 79 0
280 444 49 1
281 392 119 1
282 305 72 0
282 307 98 1
282 370 106 1
282 380 72 0
282 415 53 0
284 305 76 0
284 307 103 1
284 370 112 1
284 380 76 0
286 347 40 0
286 357 85 1
287 334 43 0
288 334 98 1
288 335 100 0
291 332 33 1
292 426 51 1
293 426 77 1
299 378 49 1
301 327 77 1
301 328 40 0
305 380 63 1
306 307 33 1
308 318 56 1
308 319 40 1
309 310 23 0
309 318 50 1
311 445 242 1
312 314 296 1
312 417 201 0
312 445 173 0
313 445 144 0
314 407 95 0
314 417 114 0
315 407 57 0
322 416 30 0
325 352 22 0
325 419 74 0
326 352 34 0
326 353 33 1
326 418 193 1
326 442 48 0
329 361 27 0
329 373 32 0
337 338 23 1
339 341 25 0
339 342 8 0
339 349 39 0
340 341 37 1
341 404 150 0
341 405 148 0
341 439 247 1
346 398 18 0
347 357 57 1
354 430 33 1
355 428 60 1
355 429 54 1
355 446 52 0
356 428 75 1
358 368 74 1
360 426 135 0
360 427 154 1
360 445 77 0
360 446 114 1
361 373 25 0
361 412 50 1
363 447 74 1
364 413 42 1
364 414 33 0
365 406 26 1
369 379 22 1
370 380 98 1
371 375 56 0
376 385 75 0
376 403 32 0
376 432 128 1
377 381 151 1
377 384 91 1
377 385 50 0
377 402 42 1
380 415 43 1
381 391 75 1
381 402 119 1
381 403 102 0
384 434 55 0
389 390 18 0
391 433 32 1
392 441 54 0
393 441 45 0
396 451 196 1
397 451 140 0
404 439 96 1
413 447 76 0
413 448 63 0
422 443 38 0
423 424 66 0
423 443 3 0
424 443 65 0
424 450 120 0
428 446 37 1
429 446 51 0
436 437 121 1
448 449 43 0

CENÁRIO 3
PROBABILIDADE: 204/559 = 0.364937
QTD_ARESTAS_REQUERIDAS: 466
QTD_ARESTAS_NAO_REQUERIDAS: 449
1 2 36 1
3 4 13 0
3 5 18 1
6 7 11 1
8 9 13 0
8 10 19 1
11 12 16 1
13 14 33 0
13 15 16 0
16 17 1 1
18 19 43 1
20 21 18 0
22 23 7 0
24 25 35 0
24 26 33 0
24 27 49 0
28 29 63 0
30 31 36 0
30 32 47 1
33 34 23 1
35 36 38 0
35 37 65 1
35 38 30 0
39 40 38 0
39 41 34 0
39 42 18 0
43 44 56 1
43 45 43 0
46 47 30 0
46 48 12 1
49 50 52 0
51 52 27 0
53 54 35 1
55 56 13 0
55 57 32 1
58 59 74 1
60 61 60 0
62 63 32 0
40 64 22 1
65 66 64 1
52 67 1 0
68 69 57 1
70 71 23 0
72 73 27 0
72 74 23 1
75 76 21 0
75 77 40 1
75 78 35 1
59 79 52 0
80 81 21 0
82 83 33 1
84 85 48 0
86 87 39 0
86 88 63 1
89 90 60 1
91 92 35 0
93 94 40 0
95 96 14 0
95 97 45 0
73 98 39 0
99 100 28 0
99 101 9 1
69 102 64 1
102 103 3 0
47 104 63 1
47 105 21 1
106 107 23 1
108 109 26 0
31 110 53 1
76 78 15 1
111 112 22 1
111 113 34 0
104 114 10 0
41 115 6 0
64 115 30 1
116 117 40 0
116 118 51 1
119 120 61 1
119 121 57 1
119 122 14 0
123 124 13 0
125 126 33 1
125 127 43 1
128 129 10 0
128 130 18 0
41 42 50 0
41 131 16 1
129 130 30 1
132 133 46 1
132 134 42 0
135 136 28 0
137 138 44 0
139 140 51 1
141 142 25 0
143 144 23 1
143 145 51 1
146 147 11 1
148 149 34 0
148 150 36 0
23 151 37 1
103 152 32 0
153 154 61 1
155 156 7 0
157 158 55 0
124 159 30 0
160 161 36 0
160 162 49 1
163 164 40 1
163 165 47 0
124 166 11 0
167 168 36 1
167 169 23 0
170 171 2 0
172 173 16 0
56 174 43 0
109 175 33 0
175 176 38 0
98 177 14 1
178 179 17 0
180 181 46 0
182 183 57 1
184 185 13 0
186 187 8 1
34 188 28 1
69 189 42 0
190 191 5 1
192 193 7 1
194 195 31 0
196 197 53 1
196 198 19 0
196 199 35 1
9 200 30 1
201 202 13 0
203 204 60 1
109 205 42 1
206 207 27 0
208 209 27 0
210 211 47 1
210 212 54 0
213 214 33 1
101 215 44 1
215 216 37 1
217 218 57 1
100 219 26 1
220 221 11 0
222 223 51 1
224 225 30 0
224 226 32 1
227 228 22 1
183 229 31 0
230 231 25 0
232 233 16 1
232 234 34 0
232 235 45 0
234 236 39 1
237 238 67 1
239 240 24 0
239 241 42 1
168 242 56 1
96 243 50 1
21 244 15 0
158 245 64 1
246 247 31 0
248 249 28 0
250 251 27 0
250 252 43 1
253 254 42 1
255 256 39 0
257 258 19 1
258 259 16 1
57 260 16 1
261 262 58 1
261 263 38 0
264 265 36 0
266 267 48 0
120 268 35 1
120 269 23 1
270 271 74 1
270 272 14 0
273 274 35 1
273 275 32 0
276 277 16 1
57 278 33 1
126 127 14 0
126 279 20 0
280 281 7 0
282 283 42 0
282 284 25 1
285 286 57 0
287 288 61 1
289 290 36 1
140 291 13 0
292 293 21 0
294 295 21 1
90 294 39 0
294 296 14 0
26 121 18 0
297 298 57 1
299 300 53 1
299 301 5 1
281 302 46 1
303 304 36 1
79 177 51 0
305 306 23 0
305 307 5 0
64 308 37 1
308 309 13 0
308 310 11 0
311 312 65 1
311 313 32 0
314 315 68 0
107 316 21 0
107 317 4 1
318 319 34 0
320 321 60 1
320 322 8 1
323 324 13 0
325 326 63 1
327 328 51 1
238 262 28 0
238 329 48 0
330 331 24 0
158 300 14 0
140 332 49 1
168 333 22 1
168 295 32 0
168 296 32 1
50 334 32 0
334 335 35 0
336 337 9 0
336 338 22 1
339 340 25 1
341 342 43 1
343 344 21 1
343 345 50 1
346 347 43 1
348 349 20 0
350 351 20 0
352 353 56 1
240 354 39 1
355 356 14 0
283 284 42 1
251 357 45 0
85 358 28 0
359 360 46 0
361 362 9 0
363 364 70 0
365 366 43 1
367 368 33 0
304 369 33 1
307 370 47 1
371 372 12 1
310 319 26 1
329 362 28 1
362 373 21 0
290 374 27 0
44 375 42 0
376 377 39 1
300 378 39 1
304 379 21 0
380 381 86 1
382 383 36 1
384 385 39 0
195 386 57 1
77 387 40 1
388 389 11 1
388 390 12 0
225 391 61 1
392 393 14 0
394 395 49 1
396 397 23 1
347 398 58 1
337 399 32 0
400 401 7 0
402 403 22 0
404 405 23 1
275 387 30 0
295 296 15 1
366 406 42 1
150 407 43 1
408 409 39 1
410 411 3 0
263 410 39 1
185 412 16 0
413 414 39 1
165 415 50 1
272 416 39 0
293 417 68 1
279 418 27 0
279 419 42 1
420 421 35 1
422 423 40 0
422 424 41 0
162 425 9 1
426 427 49 1
15 313 8 0
428 429 35 1
151 430 19 1
195 431 22 1
173 432 12 0
433 434 49 0
226 433 7 0
340 349 29 0
435 436 63 1
435 437 65 1
434 438 36 0
228 439 47 0
226 391 35 1
440 441 39 0
353 442 47 1
356 429 37 0
134 443 41 0
162 444 4 0
445 446 34 0
189 304 12 0
207 419 33 1
447 448 24 0
447 449 34 0
38 450 74 1
199 451 70 1
19 452 85 1
2 27 79 0
2 76 139 0
2 372 172 0
3 404 110 0
3 405 151 1
3 409 15 0
3 439 137 0
4 5 7 0
4 341 71 1
4 409 23 1
5 408 33 0
5 409 11 0
6 124 119 0
6 424 173 1
6 450 42 1
7 33 98 1
7 34 69 0
7 38 102 1
7 450 42 1
9 10 17 0
9 227 16 1
11 186 219 1
11 215 162 0
11 216 259 1
11 394 91 1
11 395 102 1
12 186 229 1
12 215 169 0
12 216 268 1
12 394 72 0
12 395 112 1
13 137 98 1
13 313 15 1
13 445 143 0
14 15 31 0
14 137 55 0
15 311 33 0
16 451 30 0
17 451 42 1
18 127 114 1
18 207 119 0
18 265 36 0
18 396 145 1
18 397 151 1
18 452 65 0
19 447 137 1
19 448 109 1
19 449 147 1
20 62 99 1
20 63 119 1
20 214 100 1
20 244 29 1
21 62 75 1
21 63 95 1
21 214 77 1
22 239 15 0
22 241 29 0
22 354 14 0
23 239 29 1
23 354 21 1
23 430 21 0
24 237 40 1
25 119 46 1
25 121 27 0
25 122 49 1
26 76 156 0
26 372 158 1
27 76 120 0
27 237 67 0
27 372 153 0
28 79 21 0
29 59 60 0
29 79 55 0
30 154 99 1
30 306 22 0
32 307 23 0
32 370 28 1
33 38 110 1
33 116 36 0
33 188 33 0
34 38 78 0
34 116 72 1
34 323 47 1
36 37 16 0
36 170 39 1
36 171 27 0
37 170 33 1
37 171 32 1
40 41 14 1
40 115 11 1
40 131 4 1
42 88 235 1
42 401 114 1
43 299 178 0
43 301 178 0
43 328 268 1
43 371 100 1
43 375 62 0
44 45 5 1
45 375 56 1
46 81 70 1
46 240 56 0
47 114 38 0
48 240 71 1
48 312 317 1
48 314 387 1
48 417 281 0
49 217 81 1
49 246 161 1
49 298 159 1
50 247 40 0
50 287 91 1
51 291 29 1
51 332 18 0
51 374 42 1
52 374 54 1
53 72 64 1
53 73 89 1
53 74 59 0
53 89 57 0
53 257 56 0
53 258 79 1
53 344 76 0
54 72 30 0
54 89 69 0
55 174 43 1
56 57 25 0
56 260 50 1
57 174 45 0
58 98 47 1
58 177 35 0
58 320 58 1
58 321 15 1
59 177 74 1
60 66 231 0
60 97 231 0
60 365 159 1
60 437 137 1
61 182 19 1
61 280 197 1
61 281 205 1
61 365 110 0
62 153 99 1
62 214 79 1
62 244 84 1
63 154 39 0
63 214 99 1
63 244 74 0
64 131 21 1
65 118 162 1
65 243 34 0
66 97 39 0
66 243 19 0
66 435 253 1
66 436 140 0
66 437 232 1
68 189 43 1
68 379 29 1
70 311 69 0
70 312 74 1
71 311 55 0
71 312 86 1
72 89 84 1
73 74 18 1
73 89 100 1
73 90 89 1
73 177 61 1
74 89 67 0
74 98 63 1
75 372 42 1
76 121 155 0
76 122 226 1
76 181 39 0
77 371 44 1
77 372 34 0
77 375 37 1
78 181 33 0
82 440 32 0
82 441 74 1
83 366 45 0
83 440 49 1
84 314 243 1
84 315 173 1
84 367 35 0
84 368 42 1
84 407 106 0
85 368 39 0
86 222 22 1
87 223 5 0
87 400 12 1
87 401 15 0
89 276 53 1
91 117 119 1
91 281 47 1
91 302 7 1
92 95 106 1
92 117 86 0
93 128 21 0
93 129 32 1
93 142 75 0
94 128 52 0
94 142 147 1
95 117 124 1
95 118 102 1
96 118 86 1
97 435 181 0
97 436 196 1
97 437 166 0
98 321 29 0
99 330 35 1
100 331 33 1
101 330 39 1
101 434 72 0
102 361 225 1
102 373 150 0
104 388 74 1
105 240 68 1
105 312 247 1
105 314 317 1
105 417 231 0
106 211 49 0
106 317 22 1
108 176 22 1
109 176 19 0
111 408 7 0
113 408 31 0
113 409 52 0
114 388 86 1
115 131 8 0
116 234 67 0
116 236 40 0
117 118 32 1
121 122 33 0
121 372 156 1
122 372 166 1
123 159 29 1
123 166 17 0
123 350 72 1
124 424 83 0
124 450 115 0
125 326 151 0
125 418 32 1
126 418 21 0
127 264 136 0
127 279 28 0
127 396 137 1
127 397 102 0
129 382 9 1
129 383 39 1
130 382 27 0
130 383 27 0
132 175 78 1
132 422 33 1
133 175 81 1
133 176 44 0
134 422 57 1
135 249 45 0
135 253 75 1
136 249 18 0
136 253 35 0
137 179 45 0
137 348 46 0
138 178 23 1
138 179 4 1
138 336 92 1
139 283 53 1
140 289 61 1
141 404 118 0
141 409 61 1
141 439 145 0
142 169 95 0
142 209 110 1
142 382 103 0
142 405 126 1
143 438 75 1
144 164 86 1
144 359 89 0
145 394 36 1
145 395 36 0
146 220 80 0
146 221 107 1
146 338 59 0
148 292 102 0
149 150 63 0
149 292 84 0
150 314 172 1
150 315 85 0
151 155 279 0
151 156 399 1
151 230 166 0
151 231 154 0
151 358 367 0
151 367 330 0
151 368 453 1
152 303 50 1
152 421 26 0
153 289 43 1
155 230 114 0
155 358 229 0
155 367 327 1
155 368 228 0
156 230 120 0
156 358 235 0
156 367 336 1
156 368 234 0
157 245 44 1
158 378 51 1
159 166 24 0
159 204 93 1
159 324 61 1
159 350 52 0
159 357 175 1
160 285 113 1
160 425 46 1
161 425 9 0
163 360 135 1
163 427 73 0
164 359 107 1
165 427 68 0
167 208 44 1
167 333 15 1
168 294 36 0
169 333 28 0
169 382 38 0
170 388 26 0
170 389 19 0
171 389 25 1
172 219 46 1
172 385 30 0
172 432 11 0
173 273 114 0
175 205 50 1
177 321 47 1
178 399 9 0
180 216 31 0
180 275 31 0
180 387 42 1
182 280 144 0
182 281 150 0
182 365 104 0
183 440 50 1
184 412 27 0
185 361 39 0
186 215 161 0
186 216 184 0
186 394 198 1
186 395 109 0
188 323 35 1
188 324 36 0
189 369 25 0
189 379 19 1
190 192 56 0
191 201 112 0
191 202 142 1
191 242 148 1
191 344 158 0
192 208 58 1
192 209 44 1
193 208 41 0
193 209 28 0
194 220 121 1
194 221 84 0
194 386 12 0
194 431 56 1
195 220 81 0
195 221 109 1
197 207 37 0
197 264 158 1
197 451 151 1
198 199 25 0
200 227 19 1
200 228 9 0
201 344 68 0
202 242 103 0
202 344 73 0
203 232 95 1
203 233 76 0
203 235 33 0
203 285 144 1
204 351 106 1
204 357 102 1
205 228 43 1
205 439 81 1
206 325 89 1
206 419 16 0
207 264 124 1
207 265 169 1
207 396 51 0
207 397 77 1
208 333 36 0
209 405 81 0
210 222 127 1
210 223 61 0
210 400 103 1
211 212 42 1
212 213 65 0
212 214 83 0
213 222 154 0
213 223 124 0
213 400 191 1
214 222 242 1
214 223 200 1
214 244 61 0
214 400 156 0
215 330 18 0
215 394 205 1
215 395 159 1
216 275 44 1
216 394 170 0
216 395 191 1
217 246 62 0
217 298 85 1
218 266 45 0
218 297 35 1
218 298 29 0
219 331 50 1
220 386 121 1
221 386 84 0
224 433 35 1
224 438 25 0
225 226 24 0
229 393 79 1
229 440 37 0
229 441 36 0
230 358 282 1
230 367 165 0
230 368 159 0
232 285 158 1
233 234 32 1
233 236 48 0
233 285 169 1
235 324 44 0
237 261 103 0
239 354 16 0
240 312 302 1
240 314 266 0
240 417 378 1
242 277 30 0
242 295 36 0
242 344 146 0
245 268 40 0
245 269 51 1
246 298 75 0
246 335 40 0
247 288 168 1
247 335 32 1
248 259 99 1
248 345 28 0
249 253 51 1
250 254 30 0
250 357 60 1
251 252 50 0
251 254 36 1
251 398 21 0
252 254 32 0
252 351 75 1
255 420 22 0
255 421 38 0
256 420 28 1
256 421 37 0
257 259 19 1
257 344 84 1
258 344 77 1
259 343 64 0
259 345 75 1
260 278 23 1
261 364 112 1
261 414 76 0
263 268 127 1
263 411 29 0
264 396 57 1
264 397 57 1
264 451 120 0
265 396 102 1
265 397 73 0
266 297 21 0
266 353 78 0
267 352 70 1
267 353 91 1
268 269 21 1
268 411 145 1
270 416 39 0
271 416 53 0
273 331 58 1
274 275 25 0
274 387 33 0
276 295 54 1
277 295 49 1
278 431 42 0
280 392 110 1
280 444 35 0
281 392 85 0
282 305 72 0
282 307 98 1
282 370 106 1
282 380 72 0
282 415 53 0
284 305 106 1
284 307 103 1
284 370 112 1
284 380 76 0
286 347 56 1
286 357 85 1
287 334 43 0
288 334 70 0
288 335 140 1
291 332 33 1
292 426 51 1
293 426 77 1
299 378 49 1
301 327 55 0
301 328 40 0
305 380 63 1
306 307 33 1
308 318 56 1
308 319 29 0
309 310 23 0
309 318 36 0
311 445 242 1
312 314 296 1
312 417 281 1
312 445 242 1
313 445 144 0
314 407 133 1
314 417 114 0
315 407 79 1
322 416 42 1
325 352 22 0
325 419 103 1
326 352 34 0
326 353 33 1
326 418 193 1
326 442 48 0
329 361 37 1
329 373 32 0
337 338 17 0
339 341 35 1
339 342 11 1
339 349 54 1
340 341 37 1
341 404 210 1
341 405 148 0
341 439 177 0
346 398 18 0
347 357 41 0
354 430 33 1
355 428 43 0
355 429 54 1
355 446 52 0
356 428 54 0
358 368 74 1
360 426 189 1
360 427 110 0
360 445 77 0
360 446 82 0
361 373 25 0
361 412 50 1
363 447 74 1
364 413 42 1
364 414 46 1
365 406 26 1
369 379 16 0
370 380 70 0
371 375 56 0
376 385 105 1
376 403 32 0
376 432 92 0
377 381 108 0
377 384 91 1
377 385 50 0
377 402 42 1
380 415 31 0
381 391 75 1
381 402 119 1
381 403 102 0
384 434 77 1
389 390 18 0
391 433 32 1
392 441 75 1
393 441 63 1
396 451 140 0
397 451 140 0
404 439 96 1
413 447 106 1
413 448 88 1
422 443 38 0
423 424 92 1
423 443 3 0
424 443 65 0
424 450 120 0
428 446 27 0
429 446 51 0
436 437 121 1
448 449 60 1

CENÁRIO 4
PROBABILIDADE: 3/86 = 0.0348837
QTD_ARESTAS_REQUERIDAS: 467
QTD_ARESTAS_NAO_REQUERIDAS: 448
1 2 36 1
3 4 13 0
3 5 13 0
6 7 11 1
8 9 18 1
8 10 19 1
11 12 16 1
13 14 33 0
13 15 16 0
16 17 1 1
18 19 43 1
20 21 18 0
22 23 9 1
24 25 49 1
24 26 33 0
24 27 49 0
28 29 63 0
30 31 36 0
30 32 34 0
33 34 23 1
35 36 38 0
35 37 65 1
35 38 42 1
39 40 38 0
39 41 47 1
39 42 18 0
43 44 56 1
43 45 60 1
46 47 42 1
46 48 9 0
49 50 52 0
51 52 37 1
53 54 25 0
55 56 18 1
55 57 32 1
58 59 74 1
60 61 84 1
62 63 44 1
40 64 22 1
65 66 46 0
52 67 1 0
68 69 57 1
70 71 32 1
72 73 37 1
72 74 17 0
75 76 21 0
75 77 29 0
75 78 25 0
59 79 72 1
80 81 29 1
82 83 24 0
84 85 48 0
86 87 54 1
86 88 45 0
89 90 60 1
91 92 35 0
93 94 56 1
95 96 19 1
95 97 45 0
73 98 54 1
99 100 28 0
99 101 7 0
69 102 64 1
102 103 3 0
47 104 45 0
47 105 21 1
106 107 23 1
108 109 36 1
31 110 38 0
76 78 11 0
111 112 22 1
111 113 34 0
104 114 14 1
41 115 6 0
64 115 30 1
116 117 56 1
116 118 51 1
119 120 44 0
119 121 41 0
119 122 19 1
123 124 13 0
125 126 24 0
125 127 43 1
128 129 14 1
128 130 18 0
41 42 50 0
41 131 12 0
129 130 22 0
132 133 46 1
132 134 42 0
135 136 39 1
137 138 61 1
139 140 51 1
141 142 25 0
143 144 17 0
143 145 51 1
146 147 8 0
148 149 34 0
148 150 50 1
23 151 27 0
103 152 44 1
153 154 61 1
155 156 9 1
157 158 77 1
124 159 42 1
160 161 50 1
160 162 49 1
163 164 40 1
163 165 65 1
124 166 11 0
167 168 36 1
167 169 32 1
170 171 2 1
172 173 22 1
56 174 60 1
109 175 33 0
175 176 38 0
98 177 10 0
178 179 23 1
180 181 46 0
182 183 41 0
184 185 18 1
186 187 8 1
34 188 20 0
69 189 42 0
190 191 4 0
192 193 7 1
194 195 43 1
196 197 53 1
196 198 26 1
196 199 25 0
9 200 22 0
201 202 18 1
203 204 60 1
109 205 42 1
206 207 27 0
208 209 37 1
210 211 34 0
210 212 75 1
213 214 24 0
101 215 44 1
215 216 27 0
217 218 41 0
100 219 19 0
220 221 11 0
222 223 51 1
224 225 42 1
224 226 32 1
227 228 22 1
183 229 31 0
230 231 25 0
232 233 12 0
232 234 34 0
232 235 63 1
234 236 28 0
237 238 48 0
239 240 24 0
239 241 42 1
168 242 40 0
96 243 50 1
21 244 21 1
158 245 64 1
246 247 43 1
248 249 28 0
250 251 37 1
250 252 31 0
253 254 30 0
255 256 54 1
257 258 14 0
258 259 16 1
57 260 12 0
261 262 58 1
261 263 38 0
264 265 50 1
266 267 48 0
120 268 35 1
120 269 23 1
270 271 74 1
270 272 14 0
273 274 35 1
273 275 32 0
276 277 12 0
57 278 33 1
126 127 19 1
126 279 28 1
280 281 7 0
282 283 42 0
282 284 25 1
285 286 57 0
287 288 61 1
289 290 26 0
140 291 18 1
292 293 29 1
294 295 15 0
90 294 39 0
294 296 14 0
26 121 25 1
297 298 57 1
299 300 38 0
299 301 5 1
281 302 33 0
303 304 26 0
79 177 51 0
305 306 32 1
305 307 5 0
64 308 37 1
308 309 18 1
308 310 11 0
311 312 47 0
311 313 32 0
314 315 68 0
107 316 29 1
107 317 4 1
318 319 47 1
320 321 60 1
320 322 8 1
323 324 18 1
325 326 63 1
327 328 51 1
238 262 28 0
238 329 67 1
330 331 24 0
158 300 14 0
140 332 35 0
168 333 22 1
168 295 32 0
168 296 23 0
50 334 32 0
334 335 49 1
336 337 9 0
336 338 22 1
339 340 25 1
341 342 31 0
343 344 15 0
343 345 50 1
346 347 31 0
348 349 28 1
350 351 28 1
352 353 40 0
240 354 39 1
355 356 14 0
283 284 30 0
251 357 45 0
85 358 28 0
359 360 64 1
361 362 9 0
363 364 70 0
365 366 43 1
367 368 46 1
304 369 33 1
307 370 34 0
371 372 9 0
310 319 26 1
329 362 20 0
362 373 29 1
290 374 27 0
44 375 42 0
376 377 28 0
300 378 39 1
304 379 29 1
380 381 86 1
382 383 36 1
384 385 39 0
195 386 41 0
77 387 29 0
388 389 11 1
388 390 12 0
225 391 61 1
392 393 14 0
394 395 49 1
396 397 23 1
347 398 58 1
337 399 32 0
400 401 7 0
402 403 30 1
404 405 23 1
275 387 42 1
295 296 11 0
366 406 42 1
150 407 43 1
408 409 28 0
410 411 3 0
263 410 28 0
185 412 16 0
413 414 28 0
165 415 50 1
272 416 39 0
293 417 68 1
279 418 27 0
279 419 42 1
420 421 25 0
422 423 40 0
422 424 57 1
162 425 9 1
426 427 35 0
15 313 11 1
428 429 35 1
151 430 19 1
195 431 22 1
173 432 16 1
433 434 68 1
226 433 7 0
340 349 29 0
435 436 45 0
435 437 47 0
434 438 50 1
228 439 47 0
226 391 25 0
440 441 39 0
353 442 47 1
356 429 37 0
134 443 41 0
162 444 5 1
445 446 47 1
189 304 16 1
207 419 24 0
447 448 33 1
447 449 34 0
38 450 74 1
199 451 50 0
19 452 85 1
2 27 110 1
2 76 139 0
2 372 172 0
3 404 154 1
3 405 151 1
3 409 21 1
3 439 191 1
4 5 7 0
4 341 51 0
4 409 17 0
5 408 46 1
5 409 11 0
6 124 166 1
6 424 124 0
6 450 30 0
7 33 70 0
7 34 69 0
7 38 102 1
7 450 42 1
9 10 23 1
9 227 12 0
11 186 219 1
11 215 226 1
11 216 259 1
11 394 65 0
11 395 102 1
12 186 164 0
12 215 236 1
12 216 268 1
12 394 72 0
12 395 80 0
13 137 70 0
13 313 11 0
13 445 200 1
14 15 31 0
14 137 77 1
15 311 46 1
16 451 30 0
17 451 30 0
18 127 114 1
18 207 119 0
18 265 36 0
18 396 104 0
18 397 108 0
18 452 91 1
19 447 137 1
19 448 78 0
19 449 147 1
20 62 71 0
20 63 119 1
20 214 72 0
20 244 21 0
21 62 54 0
21 63 68 0
21 214 55 0
22 239 15 0
22 241 29 0
22 354 14 0
23 239 21 0
23 354 15 0
23 430 29 1
24 237 29 0
25 119 33 0
25 121 37 1
25 122 49 1
26 76 218 1
26 372 113 0
27 76 120 0
27 237 93 1
27 372 214 1
28 79 21 0
29 59 84 1
29 79 77 1
30 154 99 1
30 306 22 0
32 307 23 0
32 370 20 0
33 38 110 1
33 116 36 0
33 188 33 0
34 38 109 1
34 116 72 1
34 323 47 1
36 37 22 1
36 170 39 1
36 171 37 1
37 170 33 1
37 171 32 1
40 41 10 0
40 115 8 0
40 131 3 0
42 88 168 0
42 401 82 0
43 299 178 0
43 301 249 1
43 328 192 0
43 371 72 0
43 375 62 0
44 45 5 1
45 375 40 0
46 81 70 1
46 240 56 0
47 114 38 0
48 240 71 1
48 312 227 0
48 314 277 0
48 417 281 0
49 217 58 0
49 246 161 1
49 298 159 1
50 247 56 1
50 287 91 1
51 291 29 1
51 332 25 1
51 374 42 1
52 374 39 0
53 72 46 0
53 73 89 1
53 74 82 1
53 89 57 0
53 257 56 0
53 258 57 0
53 344 76 0
54 72 30 0
54 89 69 0
55 174 43 1
56 57 35 1
56 260 50 1
57 174 63 1
58 98 34 0
58 177 35 0
58 320 42 0
58 321 15 1
59 177 74 1
60 66 231 0
60 97 231 0
60 365 159 1
60 437 98 0
61 182 14 0
61 280 197 1
61 281 205 1
61 365 154 1
62 153 99 1
62 214 57 0
62 244 84 1
63 154 54 1
63 214 71 0
63 244 103 1
64 131 21 1
65 118 162 1
65 243 47 1
66 97 39 0
66 243 19 0
66 435 253 1
66 436 196 1
66 437 232 1
68 189 31 0
68 379 29 1
70 311 96 1
70 312 74 1
71 311 55 0
71 312 86 1
72 89 60 0
73 74 13 0
73 89 100 1
73 90 89 1
73 177 61 1
74 89 67 0
74 98 63 1
75 372 42 1
76 121 155 0
76 122 226 1
76 181 39 0
77 371 44 1
77 372 47 1
77 375 37 1
78 181 46 1
82 440 32 0
82 441 74 1
83 366 45 0
83 440 49 1
84 314 243 1
84 315 173 1
84 367 49 1
84 368 42 1
84 407 106 0
85 368 54 1
86 222 22 1
87 223 5 0
87 400 9 0
87 401 15 0
89 276 53 1
91 117 85 0
91 281 34 0
91 302 5 0
92 95 106 1
92 117 120 1
93 128 21 0
93 129 23 0
93 142 105 1
94 128 52 0
94 142 147 1
95 117 89 0
95 118 102 1
96 118 86 1
97 435 253 1
97 436 196 1
97 437 232 1
98 321 29 0
99 330 25 0
100 331 33 1
101 330 39 1
101 434 100 1
102 361 161 0
102 373 210 1
104 388 74 1
105 240 68 1
105 312 247 1
105 314 317 1
105 417 231 0
106 211 49 0
106 317 16 0
108 176 16 0
109 176 19 0
111 408 7 0
113 408 31 0
113 409 72 1
114 388 62 0
115 131 11 1
116 234 67 0
116 236 40 0
117 118 32 1
121 122 33 0
121 372 156 1
122 372 119 0
123 159 21 0
123 166 23 1
123 350 52 0
124 424 116 1
124 450 115 0
125 326 151 0
125 418 32 1
126 418 29 1
127 264 136 0
127 279 28 0
127 396 137 1
127 397 102 0
129 382 7 0
129 383 28 0
130 382 27 0
130 383 37 1
132 175 56 0
132 422 24 0
133 175 58 0
133 176 61 1
134 422 57 1
135 249 63 1
135 253 54 0
136 249 18 0
136 253 49 1
137 179 63 1
137 348 46 0
138 178 17 0
138 179 3 0
138 336 92 1
139 283 38 0
140 289 44 0
141 404 118 0
141 409 44 0
141 439 203 1
142 169 95 0
142 209 79 0
142 382 144 1
142 405 90 0
143 438 54 0
144 164 86 1
144 359 124 1
145 394 36 1
145 395 50 1
146 220 112 1
146 221 77 0
146 338 59 0
148 292 142 1
149 150 63 0
149 292 84 0
150 314 172 1
150 315 119 1
151 155 279 0
151 156 285 0
151 230 166 0
151 231 154 0
151 358 513 1
151 367 330 0
151 368 453 1
152 303 36 0
152 421 36 1
153 289 31 0
155 230 114 0
155 358 229 0
155 367 234 0
155 368 319 1
156 230 120 0
156 358 329 1
156 367 336 1
156 368 327 1
157 245 32 0
158 378 37 0
159 166 33 1
159 204 93 1
159 324 44 0
159 350 52 0
159 357 125 0
160 285 81 0
160 425 33 0
161 425 12 1
163 360 135 1
163 427 102 1
164 359 77 0
165 427 68 0
167 208 32 0
167 333 15 1
168 294 36 0
169 333 28 0
169 382 38 0
170 388 36 1
170 389 19 0
171 389 25 1
172 219 33 0
172 385 42 1
172 432 15 1
173 273 114 0
175 205 36 0
177 321 47 1
178 399 9 0
180 216 31 0
180 275 43 1
180 387 30 0
182 280 144 0
182 281 150 0
182 365 104 0
183 440 50 1
184 412 37 1
185 361 54 1
186 215 225 1
186 216 257 1
186 394 198 1
186 395 109 0
188 323 25 0
188 324 50 1
189 369 35 1
189 379 19 1
190 192 56 0
191 201 112 0
191 202 102 0
191 242 148 1
191 344 158 0
192 208 42 0
192 209 32 0
193 208 41 0
193 209 28 0
194 220 121 1
194 221 84 0
194 386 16 1
194 431 40 0
195 220 113 1
195 221 109 1
197 207 37 0
197 264 158 1
197 451 151 1
198 199 35 1
200 227 19 1
200 228 9 0
201 344 68 0
202 242 144 1
202 344 102 1
203 232 95 1
203 233 76 0
203 235 33 0
203 285 144 1
204 351 76 0
204 357 73 0
205 228 31 0
205 439 58 0
206 325 89 1
206 419 16 0
207 264 89 0
207 265 121 0
207 396 71 1
207 397 77 1
208 333 50 1
209 405 113 1
210 222 91 0
210 223 85 1
210 400 103 1
211 212 42 1
212 213 65 0
212 214 116 1
213 222 154 0
213 223 124 0
213 400 137 0
214 222 242 1
214 223 200 1
214 244 85 1
214 400 156 0
215 330 25 1
215 394 147 0
215 395 159 1
216 275 32 0
216 394 238 1
216 395 191 1
217 246 86 1
217 298 85 1
218 266 63 1
218 297 35 1
218 298 29 0
219 331 36 0
220 386 87 0
221 386 117 1
224 433 35 1
224 438 35 1
225 226 24 0
229 393 79 1
229 440 37 0
229 441 50 1
230 358 202 0
230 367 165 0
230 368 222 1
232 285 158 1
233 234 23 0
233 236 67 1
233 285 169 1
235 324 61 1
237 261 103 0
239 354 22 1
240 312 302 1
240 314 372 1
240 417 378 1
242 277 42 1
242 295 50 1
242 344 204 1
245 268 56 1
245 269 37 0
246 298 75 0
246 335 40 0
247 288 168 1
247 335 23 0
248 259 99 1
248 345 39 1
249 253 51 1
250 254 42 1
250 357 43 0
251 252 50 0
251 254 36 1
251 398 29 1
252 254 44 1
252 351 75 1
255 420 22 0
255 421 38 0
256 420 28 1
256 421 37 0
257 259 14 0
257 344 84 1
258 344 55 0
259 343 89 1
259 345 75 1
260 278 17 0
261 364 112 1
261 414 76 0
263 268 127 1
263 411 40 1
264 396 57 1
264 397 57 1
264 451 120 0
265 396 102 1
265 397 73 0
266 297 29 1
266 353 109 1
267 352 70 1
267 353 91 1
268 269 15 0
268 411 104 0
270 416 39 0
271 416 53 0
273 331 58 1
274 275 25 0
274 387 46 1
276 295 39 0
277 295 49 1
278 431 58 1
280 392 110 1
280 444 49 1
281 392 85 0
282 305 72 0
282 307 98 1
282 370 76 0
282 380 72 0
282 415 74 1
284 305 76 0
284 307 74 0
284 370 112 1
284 380 106 1
286 347 56 1
286 357 61 0
287 334 43 0
288 334 98 1
288 335 140 1
291 332 24 0
292 426 51 1
293 426 77 1
299 378 35 0
301 327 77 1
301 328 56 1
305 380 63 1
306 307 33 1
308 318 40 0
308 319 29 0
309 310 32 1
309 318 50 1
311 445 242 1
312 314 212 0
312 417 281 1
312 445 242 1
313 445 201 1
314 407 133 1
314 417 159 1
315 407 79 1
322 416 42 1
325 352 30 1
325 419 103 1
326 352 34 0
326 353 33 1
326 418 193 1
326 442 48 0
329 361 37 1
329 373 32 0
337 338 17 0
339 341 25 0
339 342 11 1
339 349 39 0
340 341 37 1
341 404 210 1
341 405 148 0
341 439 177 0
346 398 25 1
347 357 41 0
354 430 24 0
355 428 43 0
355 429 39 0
355 446 72 1
356 428 54 0
358 368 53 0
360 426 135 0
360 427 154 1
360 445 77 0
360 446 82 0
361 373 25 0
361 412 36 0
363 447 53 0
364 413 42 1
364 414 33 0
365 406 26 1
369 379 16 0
370 380 70 0
371 375 56 0
376 385 75 0
376 403 32 0
376 432 92 0
377 381 108 0
377 384 91 1
377 385 70 1
377 402 42 1
380 415 31 0
381 391 75 1
381 402 119 1
381 403 102 0
384 434 55 0
389 390 25 1
391 433 32 1
392 441 54 0
393 441 63 1
396 451 140 0
397 451 140 0
404 439 69 0
413 447 106 1
413 448 88 1
422 443 53 1
423 424 66 0
423 443 4 1
424 443 91 1
424 450 168 1
428 446 37 1
429 446 51 0
436 437 121 1
448 449 43 0

CENÁRIO 5
PROBABILIDADE: 167/1118 = 0.149374
QTD_ARESTAS_REQUERIDAS: 441
QTD_ARESTAS_NAO_REQUERIDAS: 474
1 2 26 0
3 4 13 0
3 5 18 1
6 7 11 1
8 9 18 1
8 10 14 0
11 12 12 0
13 14 46 1
13 15 22 1
16 17 1 1
18 19 43 1
20 21 18 0
22 23 9 1
24 25 35 0
24 26 33 0
24 27 68 1
28 29 88 1
30 31 50 1
30 32 34 0
33 34 17 0
35 36 38 0
35 37 47 0
35 38 30 0
39 40 53 1
39 41 47 1
39 42 18 0
43 44 56 1
43 45 43 0
46 47 30 0
46 48 9 0
49 50 52 0
51 52 27 0
53 54 35 1
55 56 13 0
55 57 32 1
58 59 74 1
60 61 60 0
62 63 32 0
40 64 16 0
65 66 64 1
52 67 1 0
68 69 41 0
70 71 32 1
72 73 27 0
72 74 17 0
75 76 21 0
75 77 40 1
75 78 35 1
59 79 52 0
80 81 29 1
82 83 24 0
84 85 67 1
86 87 39 0
86 88 45 0
89 90 60 1
91 92 49 1
93 94 40 0
95 96 14 0
95 97 63 1
73 98 39 0
99 100 39 1
99 101 7 0
69 102 64 1
102 103 3 0
47 104 45 0
47 105 21 1
106 107 17 0
108 109 26 0
31 110 38 0
76 78 15 1
111 112 16 0
111 113 47 1
104 114 14 1
41 115 6 0
64 115 30 1
116 117 40 0
116 118 37 0
119 120 44 0
119 121 57 1
119 122 14 0
123 124 13 0
125 126 33 1
125 127 31 0
128 129 14 1
128 130 18 0
41 42 50 0
41 131 16 1
129 130 22 0
132 133 46 1
132 134 58 1
135 136 28 0
137 138 61 1
139 140 51 1
141 142 35 1
143 144 23 1
143 145 51 1
146 147 11 1
148 149 34 0
148 150 36 0
23 151 37 1
103 152 44 1
153 154 44 0
155 156 9 1
157 158 55 0
124 159 30 0
160 161 50 1
160 162 35 0
163 164 40 1
163 165 47 0
124 166 15 1
167 168 26 0
167 169 32 1
170 171 2 1
172 173 22 1
56 174 60 1
109 175 33 0
175 176 38 0
98 177 10 0
178 179 23 1
180 181 64 1
182 183 57 1
184 185 18 1
186 187 6 0
34 188 20 0
69 189 58 1
190 191 5 1
192 193 7 1
194 195 31 0
196 197 38 0
196 198 19 0
196 199 35 1
9 200 22 0
201 202 18 1
203 204 60 1
109 205 30 0
206 207 37 1
208 209 27 0
210 211 34 0
210 212 54 0
213 214 33 1
101 215 32 0
215 216 27 0
217 218 41 0
100 219 19 0
220 221 15 1
222 223 37 0
224 225 30 0
224 226 23 0
227 228 22 1
183 229 31 0
230 231 35 1
232 233 16 1
232 234 34 0
232 235 63 1
234 236 28 0
237 238 48 0
239 240 24 0
239 241 30 0
168 242 40 0
96 243 50 1
21 244 15 0
158 245 46 0
246 247 31 0
248 249 28 0
250 251 37 1
250 252 43 1
253 254 42 1
255 256 54 1
257 258 19 1
258 259 12 0
57 260 12 0
261 262 58 1
261 263 38 0
264 265 36 0
266 267 48 0
120 268 35 1
120 269 23 1
270 271 53 0
270 272 14 0
273 274 35 1
273 275 44 1
276 277 16 1
57 278 33 1
126 127 14 0
126 279 20 0
280 281 7 0
282 283 58 1
282 284 18 0
285 286 79 1
287 288 61 1
289 290 36 1
140 291 18 1
292 293 29 1
294 295 15 0
90 294 54 1
294 296 14 0
26 121 25 1
297 298 41 0
299 300 53 1
299 301 4 0
281 302 33 0
303 304 26 0
79 177 51 0
305 306 23 0
305 307 5 0
64 308 37 1
308 309 18 1
308 310 15 1
311 312 47 0
311 313 32 0
314 315 68 0
107 316 21 0
107 317 3 0
318 319 47 1
320 321 43 0
320 322 8 1
323 324 13 0
325 326 45 0
327 328 37 0
238 262 39 1
238 329 48 0
330 331 33 1
158 300 14 0
140 332 49 1
168 333 16 0
168 295 32 0
168 296 23 0
50 334 32 0
334 335 49 1
336 337 9 0
336 338 16 0
339 340 25 1
341 342 43 1
343 344 15 0
343 345 50 1
346 347 43 1
348 349 20 0
350 351 28 1
352 353 56 1
240 354 39 1
355 356 19 1
283 284 42 1
251 357 63 1
85 358 39 1
359 360 64 1
361 362 12 1
363 364 70 0
365 366 31 0
367 368 46 1
304 369 24 0
307 370 47 1
371 372 12 1
310 319 19 0
329 362 20 0
362 373 21 0
290 374 27 0
44 375 58 1
376 377 28 0
300 378 39 1
304 379 29 1
380 381 62 0
382 383 36 1
384 385 54 1
195 386 41 0
77 387 29 0
388 389 11 1
388 390 12 0
225 391 44 0
392 393 14 0
394 395 35 0
396 397 23 1
347 398 58 1
337 399 32 0
400 401 9 1
402 403 22 0
404 405 17 0
275 387 30 0
295 296 11 0
366 406 42 1
150 407 43 1
408 409 39 1
410 411 3 0
263 410 28 0
185 412 22 1
413 414 28 0
165 415 36 0
272 416 39 0
293 417 49 0
279 418 37 1
279 419 30 0
420 421 35 1
422 423 40 0
422 424 41 0
162 425 9 1
426 427 35 0
15 313 8 0
428 429 25 0
151 430 19 1
195 431 16 0
173 432 16 1
433 434 68 1
226 433 7 0
340 349 29 0
435 436 63 1
435 437 65 1
434 438 50 1
228 439 47 0
226 391 25 0
440 441 54 1
353 442 47 1
356 429 37 0
134 443 57 1
162 444 5 1
445 446 34 0
189 304 16 1
207 419 33 1
447 448 24 0
447 449 34 0
38 450 74 1
199 451 70 1
19 452 85 1
2 27 110 1
2 76 139 0
2 372 240 1
3 404 154 1
3 405 151 1
3 409 15 0
3 439 191 1
4 5 7 0
4 341 71 1
4 409 17 0
5 408 46 1
5 409 15 1
6 124 166 1
6 424 124 0
6 450 30 0
7 33 70 0
7 34 69 0
7 38 73 0
7 450 42 1
9 10 23 1
9 227 12 0
11 186 157 0
11 215 162 0
11 216 185 0
11 394 65 0
11 395 102 1
12 186 164 0
12 215 169 0
12 216 268 1
12 394 72 0
12 395 112 1
13 137 70 0
13 313 15 1
13 445 143 0
14 15 31 0
14 137 77 1
15 311 33 0
16 451 42 1
17 451 30 0
18 127 114 1
18 207 119 0
18 265 36 0
18 396 145 1
18 397 108 0
18 452 91 1
19 447 98 0
19 448 109 1
19 449 147 1
20 62 71 0
20 63 85 0
20 214 100 1
20 244 29 1
21 62 75 1
21 63 95 1
21 214 55 0
22 239 15 0
22 241 29 0
22 354 19 1
23 239 29 1
23 354 15 0
23 430 29 1
24 237 29 0
25 119 33 0
25 121 37 1
25 122 49 1
26 76 156 0
26 372 113 0
27 76 120 0
27 237 67 0
27 372 153 0
28 79 29 1
29 59 84 1
29 79 55 0
30 154 99 1
30 306 30 1
32 307 32 1
32 370 20 0
33 38 79 0
33 116 50 1
33 188 33 0
34 38 78 0
34 116 52 0
34 323 34 0
36 37 22 1
36 170 28 0
36 171 37 1
37 170 24 0
37 171 23 0
40 41 14 1
40 115 11 1
40 131 3 0
42 88 168 0
42 401 82 0
43 299 249 1
43 301 178 0
43 328 192 0
43 371 72 0
43 375 62 0
44 45 5 1
45 375 40 0
46 81 70 1
46 240 56 0
47 114 38 0
48 240 71 1
48 312 317 1
48 314 387 1
48 417 281 0
49 217 58 0
49 246 115 0
49 298 114 0
50 247 40 0
50 287 91 1
51 291 29 1
51 332 25 1
51 374 30 0
52 374 54 1
53 72 46 0
53 73 64 0
53 74 82 1
53 89 57 0
53 257 56 0
53 258 57 0
53 344 76 0
54 72 42 1
54 89 96 1
55 174 31 0
56 57 25 0
56 260 36 0
57 174 45 0
58 98 47 1
58 177 49 1
58 320 58 1
58 321 15 1
59 177 74 1
60 66 323 1
60 97 323 1
60 365 159 1
60 437 98 0
61 182 14 0
61 280 197 1
61 281 205 1
61 365 110 0
62 153 99 1
62 214 79 1
62 244 60 0
63 154 54 1
63 214 99 1
63 244 74 0
64 131 21 1
65 118 162 1
65 243 34 0
66 97 54 1
66 243 19 0
66 435 181 0
66 436 196 1
66 437 232 1
68 189 31 0
68 379 21 0
70 311 96 1
70 312 53 0
71 311 77 1
71 312 86 1
72 89 84 1
73 74 18 1
73 89 72 0
73 90 89 1
73 177 61 1
74 89 67 0
74 98 45 0
75 372 42 1
76 121 155 0
76 122 226 1
76 181 39 0
77 371 32 0
77 372 34 0
77 375 37 1
78 181 33 0
82 440 44 1
82 441 74 1
83 366 63 1
83 440 49 1
84 314 174 0
84 315 124 0
84 367 35 0
84 368 42 1
84 407 106 0
85 368 54 1
86 222 22 1
87 223 5 0
87 400 12 1
87 401 15 0
89 276 38 0
91 117 119 1
91 281 47 1
91 302 5 0
92 95 76 0
92 117 120 1
93 128 21 0
93 129 32 1
93 142 105 1
94 128 72 1
94 142 147 1
95 117 124 1
95 118 102 1
96 118 62 0
97 435 253 1
97 436 140 0
97 437 166 0
98 321 40 1
99 330 35 1
100 331 33 1
101 330 28 0
101 434 100 1
102 361 225 1
102 373 210 1
104 388 53 0
105 240 49 0
105 312 177 0
105 314 227 0
105 417 323 1
106 211 68 1
106 317 16 0
108 176 22 1
109 176 26 1
111 408 9 1
113 408 43 1
113 409 52 0
114 388 62 0
115 131 11 1
116 234 93 1
116 236 40 0
117 118 23 0
121 122 33 0
121 372 112 0
122 372 166 1
123 159 29 1
123 166 17 0
123 350 52 0
124 424 116 1
124 450 115 0
125 326 211 1
125 418 32 1
126 418 21 0
127 264 190 1
127 279 39 1
127 396 98 0
127 397 102 0
129 382 7 0
129 383 39 1
130 382 37 1
130 383 37 1
132 175 78 1
132 422 24 0
133 175 58 0
133 176 44 0
134 422 57 1
135 249 45 0
135 253 75 1
136 249 18 0
136 253 35 0
137 179 63 1
137 348 46 0
138 178 23 1
138 179 3 0
138 336 66 0
139 283 38 0
140 289 44 0
141 404 165 1
141 409 61 1
141 439 145 0
142 169 95 0
142 209 110 1
142 382 144 1
142 405 126 1
143 438 54 0
144 164 86 1
144 359 124 1
145 394 26 0
145 395 50 1
146 220 80 0
146 221 107 1
146 338 59 0
148 292 142 1
149 150 63 0
149 292 84 0
150 314 172 1
150 315 119 1
151 155 279 0
151 156 285 0
151 230 166 0
151 231 215 1
151 358 513 1
151 367 462 1
151 368 324 0
152 303 36 0
152 421 26 0
153 289 31 0
155 230 114 0
155 358 320 1
155 367 327 1
155 368 319 1
156 230 168 1
156 358 235 0
156 367 336 1
156 368 327 1
157 245 44 1
158 378 37 0
159 166 33 1
159 204 93 1
159 324 61 1
159 350 52 0
159 357 125 0
160 285 81 0
160 425 33 0
161 425 9 0
163 360 97 0
163 427 73 0
164 359 77 0
165 427 68 0
167 208 32 0
167 333 15 1
168 294 50 1
169 333 39 1
169 382 53 1
170 388 26 0
170 389 26 1
171 389 25 1
172 219 46 1
172 385 42 1
172 432 11 0
173 273 159 1
175 205 36 0
177 321 47 1
178 399 9 0
180 216 43 1
180 275 31 0
180 387 30 0
182 280 201 1
182 281 210 1
182 365 145 1
183 440 50 1
184 412 27 0
185 361 54 1
186 215 225 1
186 216 184 0
186 394 198 1
186 395 152 1
188 323 25 0
188 324 50 1
189 369 25 0
189 379 14 0
190 192 78 1
191 201 112 0
191 202 102 0
191 242 106 0
191 344 158 0
192 208 42 0
192 209 32 0
193 208 41 0
193 209 39 1
194 220 121 1
194 221 117 1
194 386 16 1
194 431 40 0
195 220 81 0
195 221 109 1
197 207 51 1
197 264 158 1
197 451 108 0
198 199 25 0
200 227 19 1
200 228 12 1
201 344 95 1
202 242 144 1
202 344 73 0
203 232 95 1
203 233 106 1
203 235 33 0
203 285 103 0
204 351 76 0
204 357 73 0
205 228 43 1
205 439 58 0
206 325 64 0
206 419 22 1
207 264 89 0
207 265 169 1
207 396 71 1
207 397 77 1
208 333 36 0
209 405 113 1
210 222 127 1
210 223 61 0
210 400 74 0
211 212 30 0
212 213 91 1
212 214 116 1
213 222 215 1
213 223 124 0
213 400 137 0
214 222 173 0
214 223 200 1
214 244 61 0
214 400 156 0
215 330 18 0
215 394 205 1
215 395 159 1
216 275 32 0
216 394 238 1
216 395 191 1
217 246 62 0
217 298 61 0
218 266 63 1
218 297 35 1
218 298 40 1
219 331 50 1
220 386 121 1
221 386 117 1
224 433 25 0
224 438 25 0
225 226 24 0
229 393 57 0
229 440 51 1
229 441 50 1
230 358 282 1
230 367 165 0
230 368 222 1
232 285 158 1
233 234 32 1
233 236 48 0
233 285 121 0
235 324 61 1
237 261 144 1
239 354 16 0
240 312 302 1
240 314 266 0
240 417 270 0
242 277 30 0
242 295 36 0
242 344 146 0
245 268 56 1
245 269 37 0
246 298 105 1
246 335 40 0
247 288 168 1
247 335 32 1
248 259 71 0
248 345 28 0
249 253 37 0
250 254 42 1
250 357 43 0
251 252 50 0
251 254 36 1
251 398 21 0
252 254 32 0
252 351 54 0
255 420 22 0
255 421 53 1
256 420 28 1
256 421 51 1
257 259 14 0
257 344 84 1
258 344 77 1
259 343 64 0
259 345 75 1
260 278 17 0
261 364 112 1
261 414 76 0
263 268 127 1
263 411 40 1
264 396 57 1
264 397 57 1
264 451 168 1
265 396 102 1
265 397 73 0
266 297 21 0
266 353 78 0
267 352 70 1
267 353 65 0
268 269 15 0
268 411 145 1
270 416 54 1
271 416 53 0
273 331 42 0
274 275 35 1
274 387 33 0
276 295 39 0
277 295 35 0
278 431 58 1
280 392 110 1
280 444 35 0
281 392 119 1
282 305 100 1
282 307 98 1
282 370 76 0
282 380 100 1
282 415 53 0
284 305 106 1
284 307 74 0
284 370 80 0
284 380 76 0
286 347 56 1
286 357 61 0
287 334 43 0
288 334 70 0
288 335 140 1
291 332 33 1
292 426 51 1
293 426 55 0
299 378 35 0
301 327 77 1
301 328 56 1
305 380 45 0
306 307 24 0
308 318 40 0
308 319 40 1
309 310 32 1
309 318 36 0
311 445 242 1
312 314 296 1
312 417 201 0
312 445 173 0
313 445 201 1
314 407 95 0
314 417 159 1
315 407 57 0
322 416 30 0
325 352 22 0
325 419 103 1
326 352 47 1
326 353 24 0
326 418 193 1
326 442 67 1
329 361 27 0
329 373 44 1
337 338 23 1
339 341 25 0
339 342 8 0
339 349 39 0
340 341 27 0
341 404 210 1
341 405 148 0
341 439 177 0
346 398 18 0
347 357 41 0
354 430 33 1
355 428 60 1
355 429 39 0
355 446 72 1
356 428 54 0
358 368 53 0
360 426 135 0
360 427 110 0
360 445 107 1
360 446 82 0
361 373 25 0
361 412 50 1
363 447 53 0
364 413 30 0
364 414 46 1
365 406 26 1
369 379 16 0
370 380 98 1
371 375 56 0
376 385 105 1
376 403 44 1
376 432 92 0
377 381 108 0
377 384 65 0
377 385 70 1
377 402 30 0
380 415 31 0
381 391 75 1
381 402 85 0
381 403 102 0
384 434 55 0
389 390 25 1
391 433 23 0
392 441 75 1
393 441 63 1
396 451 196 1
397 451 196 1
404 439 69 0
413 447 76 0
413 448 63 0
422 443 53 1
423 424 92 1
423 443 4 1
424 443 91 1
424 450 120 0
428 446 37 1
429 446 51 0
436 437 121 1
448 449 43 0

