NUMERO_DE_VERTICES: 662
NUMERO_DE_ARESTAS: 1200
NUMERO_DE_CENARIOS: 5
INFLACAO: 80 %
PRIMEIRO ESTÁGIO:
1 2 29
1 3 14
1 4 13
1 5 7
1 6 33
7 8 35
7 9 33
7 10 11
11 12 41
11 13 3
14 15 41
14 16 37
17 18 26
19 20 44
19 21 47
22 23 33
22 24 63
25 26 4
27 28 13
27 29 21
27 30 25
31 32 32
33 34 21
35 36 40
35 37 15
35 38 33
39 40 23
41 42 19
43 44 39
45 46 16
47 48 37
47 49 25
47 50 57
51 52 12
53 54 40
53 55 65
56 57 58
56 58 10
56 59 59
60 61 22
60 62 11
60 63 28
64 65 17
64 66 14
67 68 11
69 70 33
69 71 25
69 72 23
73 74 11
73 75 21
76 77 48
78 79 13
78 80 30
78 81 16
82 83 50
82 84 43
82 85 41
86 87 17
86 88 8
86 89 15
90 91 52
92 93 29
92 94 22
65 95 38
96 97 35
96 98 11
96 99 29
100 101 22
100 102 34
103 104 16
91 105 53
91 106 47
107 108 23
107 109 32
110 111 10
112 113 25
112 114 35
115 116 47
52 115 34
8 117 30
8 9 10
8 63 24
118 119 34
118 120 28
121 122 30
123 124 18
123 125 46
108 126 16
108 109 30
127 128 28
127 129 24
127 130 60
131 132 10
131 133 34
131 134 30
135 136 15
122 137 24
137 138 22
137 139 21
137 140 20
141 142 45
141 143 30
144 145 36
54 146 32
54 55 56
147 148 20
147 149 14
13 147 21
147 150 22
79 151 32
105 152 51
152 153 40
154 155 10
154 156 34
6 157 36
113 158 44
159 160 21
159 161 20
162 163 41
162 164 28
165 166 19
165 167 41
165 168 53
122 136 11
28 169 10
94 170 41
170 171 37
29 172 26
173 174 53
173 175 25
176 177 45
176 178 27
179 180 43
181 182 21
181 183 27
184 185 13
186 187 16
188 189 5
188 190 26
111 191 27
191 192 16
191 193 26
194 195 39
194 196 6
194 197 49
174 198 23
174 199 25
200 201 19
200 202 13
200 203 5
101 204 22
205 206 29
205 207 22
205 208 21
209 210 33
209 211 35
212 213 18
212 214 33
212 215 21
216 217 11
216 218 16
23 219 68
220 221 14
220 222 11
220 223 43
224 225 33
226 227 25
18 226 18
228 229 60
228 230 52
228 231 31
232 233 27
153 232 11
234 235 19
236 237 24
238 239 8
238 240 24
38 145 48
2 6 11
2 104 33
138 241 22
242 243 37
242 244 34
242 245 35
246 247 47
248 249 16
250 251 4
252 253 8
252 254 15
252 255 32
256 257 27
256 258 21
93 259 24
260 261 52
260 262 52
263 264 7
249 265 13
265 266 30
40 267 35
267 268 43
267 269 32
166 270 37
271 272 11
273 274 25
3 275 21
275 276 14
277 278 50
277 279 45
167 277 40
249 280 32
266 280 37
281 282 15
281 283 49
281 284 31
117 285 18
9 117 39
126 286 34
287 288 32
289 290 31
289 291 8
289 292 33
289 293 40
294 295 48
294 296 56
26 189 8
213 297 21
213 214 18
298 299 17
298 300 42
301 302 13
303 304 62
303 305 44
306 307 59
308 309 45
310 311 55
310 312 47
313 314 26
313 315 25
48 257 14
316 317 32
128 129 36
318 319 32
320 321 41
322 323 40
322 324 23
87 88 24
325 326 45
325 327 31
207 328 8
319 328 21
328 329 58
330 331 23
74 332 18
74 75 22
185 333 30
247 334 31
61 335 13
97 210 39
97 211 32
336 337 36
231 336 37
336 338 28
339 340 18
339 341 35
253 284 38
253 254 16
132 134 21
342 343 11
344 345 34
346 347 21
346 348 23
346 349 4
350 351 26
350 352 17
15 353 19
178 354 48
36 355 32
356 357 46
142 356 28
261 358 16
359 360 26
361 362 31
361 363 19
361 364 15
365 366 21
367 368 37
369 370 22
371 372 42
371 373 41
374 375 39
374 376 40
358 377 12
378 379 30
182 378 4
380 381 31
382 383 20
384 385 67
124 386 36
387 388 22
57 59 6
389 390 29
391 392 12
391 393 31
391 394 52
391 395 38
391 396 37
185 397 48
185 398 32
399 400 6
401 402 21
403 404 37
323 403 33
403 405 37
406 407 43
408 409 11
133 410 37
150 411 28
18 227 35
166 235 29
412 413 15
414 415 33
416 417 34
416 418 28
362 375 36
362 376 47
229 231 51
419 420 28
419 421 4
379 422 23
327 422 13
304 423 15
304 305 30
304 424 35
425 426 21
148 427 20
334 428 34
177 201 9
429 430 26
429 431 29
429 432 18
433 434 23
433 435 15
433 436 35
404 437 26
438 439 40
438 440 37
441 442 13
443 444 8
443 445 16
32 446 39
447 448 22
366 449 25
450 451 30
450 452 29
453 454 44
153 453 4
373 455 28
264 456 22
456 457 22
458 459 29
458 460 9
458 461 19
458 462 19
291 463 47
293 463 41
463 464 45
376 465 60
214 297 6
297 466 27
215 297 17
129 467 26
467 468 20
469 470 44
469 471 16
3 472 24
3 5 13
3 276 16
473 474 41
392 475 35
392 393 37
392 396 34
476 477 35
420 478 16
420 479 28
420 421 25
357 428 47
299 459 18
480 481 31
480 482 31
480 483 21
46 484 20
46 338 38
485 486 25
485 487 40
484 488 48
489 490 13
491 492 43
12 491 18
472 493 25
195 196 42
195 494 63
195 495 35
496 497 23
66 496 26
498 499 27
129 500 33
218 501 14
386 501 45
116 163 40
116 502 36
503 504 32
503 505 53
464 503 25
506 507 35
508 509 27
475 510 20
197 511 43
511 512 25
494 511 57
175 513 38
175 514 31
515 516 26
517 518 25
517 519 28
520 521 41
520 522 36
197 494 30
523 524 28
523 525 21
95 497 35
143 244 17
148 251 40
12 526 48
340 341 22
340 527 19
528 529 33
348 530 32
518 531 20
519 531 16
531 532 20
533 534 10
535 536 28
535 537 33
535 538 24
481 482 42
481 539 22
540 541 44
540 542 9
295 543 33
341 534 33
278 454 44
368 544 40
160 217 11
161 217 27
421 478 18
171 478 27
192 545 17
221 222 12
155 221 9
546 547 41
423 424 22
341 527 33
37 355 28
444 548 22
290 549 32
312 549 44
214 466 32
536 550 49
146 545 9
255 545 27
239 240 26
524 551 28
524 525 8
388 524 45
353 552 31
552 553 34
395 554 22
449 499 22
499 555 34
323 405 29
85 556 41
460 461 23
512 557 52
326 512 56
512 558 43
559 560 11
559 561 46
510 562 21
563 564 25
284 563 29
55 563 59
563 565 32
396 510 36
290 292 28
290 293 39
49 50 56
149 150 11
566 567 25
566 568 4
415 569 25
42 569 30
282 413 38
413 570 15
413 571 34
572 573 60
398 572 50
357 504 38
393 395 40
393 396 27
513 574 30
177 203 16
180 385 40
516 575 29
434 435 21
576 577 33
578 579 36
431 573 60
218 580 13
187 581 5
292 582 27
85 583 24
584 585 27
584 586 20
274 584 8
587 588 44
587 589 14
34 587 34
353 590 8
394 468 13
557 591 17
50 258 50
183 258 38
37 592 22
593 594 21
351 593 12
326 558 24
591 595 22
596 597 73
178 596 74
71 575 39
575 598 29
80 599 22
80 464 36
400 600 44
282 283 48
601 602 26
603 604 38
603 605 55
292 606 30
410 607 36
608 609 38
608 610 10
305 611 34
331 612 14
594 613 29
180 614 38
553 590 26
189 615 19
585 586 8
586 616 33
274 586 22
449 555 28
617 618 34
597 619 18
619 620 37
283 577 42
321 418 35
418 621 28
622 623 20
245 624 7
311 625 46
10 625 42
105 233 67
400 626 27
409 627 38
230 231 25
240 628 16
321 629 22
454 630 8
20 415 34
20 312 22
155 156 35
120 487 23
30 631 29
388 525 43
329 632 56
9 633 18
255 564 40
106 577 38
588 589 33
634 635 21
398 634 28
262 349 13
432 636 18
5 637 31
560 561 46
514 574 38
439 440 4
509 529 47
307 509 63
613 638 36
432 639 36
548 623 41
604 620 26
183 640 32
321 641 41
398 642 50
207 319 27
207 208 19
539 628 28
63 285 48
568 643 24
567 644 32
302 567 26
4 645 38
646 647 47
223 648 36
648 649 7
81 532 22
21 599 36
464 599 19
109 650 49
109 286 18
300 462 29
167 279 12
279 651 19
548 652 43
161 653 27
276 493 27
654 655 11
24 233 58
153 233 37
565 656 1
570 571 26
296 657 22
474 658 41
329 474 16
235 651 15
471 659 23
375 376 17
649 660 28
398 635 38
21 464 39
150 383 33
38 658 28
223 661 47
23 24 32
571 662 18
2 103 35
2 637 18
3 4 16
4 5 19
4 67 36
4 68 36
6 104 34
7 625 40
8 285 43
9 63 28
10 287 25
11 491 25
12 492 49
14 370 38
15 553 9
15 590 18
16 51 82
16 52 92
16 115 100
16 546 39
17 226 18
17 360 36
18 360 19
19 414 16
20 414 36
21 80 23
22 168 46
24 454 61
25 189 11
25 269 33
25 615 18
26 44 37
26 188 8
26 615 19
27 169 5
27 631 10
28 29 19
28 172 18
28 317 32
29 30 17
29 316 26
29 317 29
30 316 31
31 654 7
31 655 17
32 654 34
33 576 27
34 230 79
34 455 42
34 576 47
35 355 15
36 37 41
38 144 30
39 267 15
40 662 24
41 119 40
41 374 36
42 130 104
43 219 80
43 268 43
44 188 33
44 189 37
44 190 31
44 219 60
45 484 31
45 656 78
46 488 45
47 258 27
47 471 22
48 659 53
49 469 14
49 471 5
49 659 26
51 115 37
51 661 41
52 661 34
54 545 34
55 564 41
56 79 45
57 114 35
58 79 37
58 151 6
59 114 38
60 335 26
61 62 26
61 500 68
61 562 50
62 521 101
62 562 64
63 633 39
64 496 35
65 66 29
66 95 34
66 497 13
67 645 5
68 645 7
69 522 36
70 493 28
70 522 29
71 72 39
72 653 23
73 389 21
73 390 48
74 389 29
74 390 56
75 84 66
75 121 97
75 489 62
75 613 113
76 404 27
76 437 3
76 639 39
78 518 9
79 81 16
79 447 54
79 448 62
79 518 17
81 518 10
83 84 14
83 556 45
83 583 33
84 121 113
84 489 78
84 613 129
87 89 6
87 125 62
88 643 46
90 106 13
90 576 41
90 577 39
91 294 57
92 538 40
93 94 12
93 537 30
94 537 41
97 209 30
98 99 33
98 551 32
99 288 25
100 204 28
100 623 19
101 623 33
102 108 47
102 622 18
103 637 33
104 157 35
107 126 14
109 126 20
110 191 19
110 192 18
111 254 29
112 236 28
112 237 23
113 237 24
113 406 36
114 156 38
117 625 41
118 485 33
118 486 11
118 487 8
119 465 50
119 486 30
119 487 39
120 517 29
121 136 28
121 489 109
121 613 68
122 135 25
122 139 22
122 638 31
123 145 77
123 187 53
123 581 56
124 125 50
127 467 44
128 467 38
128 468 47
130 285 54
130 415 64
130 569 78
131 608 21
131 610 21
132 133 37
133 610 34
134 401 58
135 139 32
136 139 25
137 241 18
137 638 22
138 140 21
139 241 9
140 241 3
141 438 23
142 143 24
142 244 27
144 658 39
145 187 58
145 581 61
146 192 25
146 255 20
148 149 25
148 250 37
149 382 24
150 382 15
152 232 30
152 233 24
154 221 16
154 222 24
154 236 53
157 642 27
158 309 86
158 407 64
159 330 34
159 331 13
160 161 17
160 580 14
162 502 45
163 502 6
164 243 91
164 595 61
164 624 69
165 651 38
166 168 61
166 234 28
167 651 13
169 631 13
170 420 46
171 359 14
171 420 26
172 273 30
172 317 18
173 514 53
174 514 42
176 354 35
176 596 97
177 200 14
177 354 47
179 250 53
179 476 31
180 476 26
181 378 21
181 640 22
182 379 31
183 256 33
184 320 58
184 333 26
186 581 15
190 219 43
192 193 22
193 545 22
196 441 15
196 442 9
198 199 16
199 513 37
199 514 28
201 203 19
201 620 28
202 203 13
204 623 23
205 328 28
206 207 37
206 208 19
206 581 61
207 329 60
209 367 37
209 544 35
210 211 12
213 215 6
214 215 13
216 580 11
217 580 7
218 386 51
223 409 42
224 536 29
224 550 35
225 536 26
225 538 33
226 300 95
226 360 35
227 300 71
228 336 21
228 337 22
229 336 43
230 455 53
232 453 14
233 453 39
234 270 12
235 270 30
235 279 30
237 406 37
238 628 29
239 655 34
243 245 29
243 557 46
243 591 37
243 595 31
243 624 30
246 334 28
246 627 72
247 448 32
248 280 29
248 552 28
250 427 33
251 427 35
253 281 32
253 282 41
259 537 20
260 271 86
260 348 84
260 530 79
261 377 21
262 346 14
262 347 29
263 456 16
263 457 19
263 578 34
264 365 133
264 457 19
264 498 86
264 606 144
266 369 101
268 269 30
270 607 41
271 348 80
271 419 61
271 530 75
272 419 51
273 554 43
273 585 40
273 586 43
275 472 25
276 472 12
278 630 40
280 369 68
286 650 41
288 523 38
292 380 38
293 312 42
293 549 18
295 588 43
296 618 48
298 460 29
299 482 147
299 483 108
300 460 35
301 594 28
301 644 8
302 644 8
303 611 11
304 611 56
306 436 40
306 528 18
306 529 31
307 508 62
308 420 42
308 479 25
309 407 36
310 313 53
311 313 35
311 314 31
313 542 27
314 540 31
315 542 4
317 554 40
320 333 81
320 417 23
320 513 88
320 574 83
320 641 43
321 417 30
321 529 48
322 332 31
323 490 16
324 332 9
325 422 37
327 379 33
330 612 22
333 635 14
335 500 57
337 450 27
338 484 22
338 488 41
339 527 5
342 496 35
342 584 42
343 496 38
343 584 38
344 603 19
344 605 42
344 652 100
345 605 16
345 652 116
348 349 24
348 364 9
350 593 25
350 646 11
350 647 43
351 594 31
352 646 10
352 647 41
353 553 25
356 428 21
357 505 27
359 478 19
362 363 17
363 364 24
363 530 29
365 498 67
365 582 15
365 606 16
366 499 26
367 544 4
368 473 73
368 515 36
368 632 81
369 547 1
370 547 22
370 590 26
371 481 40
372 373 34
372 587 11
372 589 20
373 587 40
380 507 25
381 506 41
381 507 8
383 411 53
383 541 52
383 600 59
384 425 63
384 526 111
385 425 63
385 526 101
385 614 24
387 524 24
387 525 22
392 510 29
397 431 48
397 572 36
399 625 53
399 626 23
400 625 57
401 660 78
402 660 84
405 490 42
408 627 28
411 541 65
411 555 30
411 600 72
412 570 12
412 615 25
416 621 36
416 629 37
416 641 22
417 641 21
418 629 18
419 478 19
421 479 30
423 446 58
424 602 19
425 526 51
426 444 94
426 445 74
429 639 32
430 431 40
430 432 16
430 573 54
430 636 22
431 432 43
433 634 28
433 635 25
434 436 17
435 436 25
436 528 36
437 639 37
439 506 35
440 506 37
444 445 23
444 652 50
446 451 70
446 452 96
447 504 39
451 452 29
453 617 55
453 630 49
456 477 35
456 578 29
459 482 141
459 483 102
460 462 11
461 462 24
461 543 34
465 487 58
466 616 38
469 659 22
470 578 44
470 659 27
473 515 80
473 632 96
473 658 2
475 500 26
475 562 37
477 578 44
477 579 41
482 539 43
489 613 125
495 553 29
498 606 78
501 580 15
503 599 32
504 505 24
508 601 9
513 514 12
515 592 19
515 632 88
516 592 33
517 531 15
519 532 16
520 598 41
521 598 34
523 551 17
525 551 24
529 629 51
533 561 9
534 561 18
535 550 44
536 538 11
537 538 32
540 582 85
541 600 25
542 582 93
556 583 19
557 595 19
558 591 44
559 632 13
560 632 13
563 656 32
566 643 24
567 568 25
567 643 2
572 642 35
582 606 15
585 616 32
593 646 29
597 604 58
603 652 114
604 619 43
609 610 36
612 653 32
618 657 31
625 626 67
648 660 30
CENÁRIO 1
PROBABILIDADE: 44/2923 = 0.015053
QTD_ARESTAS_REQUERIDAS: 605
QTD_ARESTAS_NAO_REQUERIDAS: 595
1 2 29 0
1 3 14 0
1 4 23 1
1 5 12 1
1 6 59 1
7 8 35 0
7 9 59 1
7 10 11 0
11 12 73 1
11 13 3 0
14 15 41 0
14 16 66 1
17 18 46 1
19 20 79 1
19 21 47 0
22 23 59 1
22 24 113 1
25 26 4 0
27 28 13 0
27 29 37 1
27 30 45 1
31 32 32 0
33 34 37 1
35 36 40 0
35 37 27 1
35 38 59 1
39 40 41 1
41 42 19 0
43 44 70 1
45 46 28 1
47 48 66 1
47 49 25 0
47 50 57 0
51 52 12 0
53 54 40 0
53 55 65 0
56 57 104 1
56 58 18 1
56 59 106 1
60 61 39 1
60 62 11 0
60 63 50 1
64 65 17 0
64 66 25 1
67 68 19 1
69 70 33 0
69 71 25 0
69 72 23 0
73 74 11 0
73 75 21 0
76 77 86 1
78 79 23 1
78 80 54 1
78 81 28 1
82 83 50 0
82 84 77 1
82 85 41 0
86 87 17 0
86 88 14 1
86 89 15 0
90 91 52 0
92 93 29 0
92 94 39 1
65 95 68 1
96 97 63 1
96 98 11 0
96 99 52 1
100 101 39 1
100 102 34 0
103 104 16 0
91 105 95 1
91 106 84 1
107 108 23 0
107 109 32 0
110 111 10 0
112 113 25 0
112 114 63 1
115 116 47 0
52 115 34 0
8 117 54 1
8 9 10 0
8 63 43 1
118 119 34 0
118 120 50 1
121 122 54 1
123 124 18 0
123 125 46 0
108 126 16 0
108 109 54 1
127 128 50 1
127 129 43 1
127 130 108 1
131 132 18 1
131 133 61 1
131 134 30 0
135 136 15 0
122 137 43 1
137 138 22 0
137 139 37 1
137 140 20 0
141 142 81 1
141 143 54 1
144 145 64 1
54 146 57 1
54 55 100 1
147 148 20 0
147 149 14 0
13 147 37 1
147 150 22 0
79 151 57 1
105 152 51 0
152 153 72 1
154 155 10 0
154 156 61 1
6 157 64 1
113 158 79 1
159 160 37 1
159 161 20 0
162 163 73 1
162 164 50 1
165 166 34 1
165 167 41 0
165 168 95 1
122 136 19 1
28 169 10 0
94 170 73 1
170 171 37 0
29 172 26 0
173 174 95 1
173 175 45 1
176 177 81 1
176 178 27 0
179 180 77 1
181 182 37 1
181 183 27 0
184 185 23 1
186 187 28 1
188 189 5 0
188 190 46 1
111 191 27 0
191 192 28 1
191 193 46 1
194 195 39 0
194 196 10 1
194 197 49 0
174 198 41 1
174 199 25 0
200 201 19 0
200 202 23 1
200 203 9 1
101 204 22 0
205 206 52 1
205 207 39 1
205 208 37 1
209 210 59 1
209 211 63 1
212 213 32 1
212 214 33 0
212 215 21 0
216 217 11 0
216 218 16 0
23 219 68 0
220 221 25 1
220 222 11 0
220 223 77 1
224 225 33 0
226 227 45 1
18 226 32 1
228 229 60 0
228 230 93 1
228 231 55 1
232 233 27 0
153 232 11 0
234 235 34 1
236 237 24 0
238 239 14 1
238 240 24 0
38 145 48 0
2 6 19 1
2 104 59 1
138 241 39 1
242 243 66 1
242 244 61 1
242 245 35 0
246 247 84 1
248 249 16 0
250 251 4 0
252 253 14 1
252 254 27 1
252 255 32 0
256 257 48 1
256 258 21 0
93 259 43 1
260 261 93 1
260 262 93 1
263 264 12 1
249 265 23 1
265 266 30 0
40 267 63 1
267 268 43 0
267 269 32 0
166 270 37 0
271 272 19 1
273 274 25 0
3 275 37 1
275 276 14 0
277 278 90 1
277 279 81 1
167 277 72 1
249 280 57 1
266 280 37 0
281 282 15 0
281 283 49 0
281 284 55 1
117 285 18 0
9 117 70 1
126 286 34 0
287 288 32 0
289 290 55 1
289 291 8 0
289 292 59 1
289 293 40 0
294 295 48 0
294 296 56 0
26 189 14 1
213 297 37 1
213 214 18 0
298 299 30 1
298 300 75 1
301 302 13 0
303 304 111 1
303 305 44 0
306 307 106 1
308 309 45 0
310 311 99 1
310 312 84 1
313 314 26 0
313 315 45 1
48 257 25 1
316 317 32 0
128 129 64 1
318 319 57 1
320 321 73 1
322 323 72 1
322 324 41 1
87 88 43 1
325 326 81 1
325 327 31 0
207 328 14 1
319 328 37 1
328 329 58 0
330 331 23 0
74 332 18 0
74 75 39 1
185 333 30 0
247 334 31 0
61 335 23 1
97 210 70 1
97 211 32 0
336 337 36 0
231 336 66 1
336 338 28 0
339 340 32 1
339 341 63 1
253 284 38 0
253 254 16 0
132 134 21 0
342 343 11 0
344 345 34 0
346 347 37 1
346 348 23 0
346 349 4 0
350 351 46 1
350 352 30 1
15 353 19 0
178 354 48 0
36 355 57 1
356 357 46 0
142 356 50 1
261 358 16 0
359 360 26 0
361 362 55 1
361 363 34 1
361 364 27 1
365 366 21 0
367 368 37 0
369 370 22 0
371 372 42 0
371 373 41 0
374 375 70 1
374 376 72 1
358 377 21 1
378 379 30 0
182 378 4 0
380 381 55 1
382 383 36 1
384 385 120 1
124 386 36 0
387 388 22 0
57 59 10 1
389 390 52 1
391 392 12 0
391 393 31 0
391 394 93 1
391 395 38 0
391 396 37 0
185 397 48 0
185 398 57 1
399 400 10 1
401 402 37 1
403 404 37 0
323 403 59 1
403 405 66 1
406 407 77 1
408 409 11 0
133 410 37 0
150 411 28 0
18 227 35 0
166 235 29 0
412 413 27 1
414 415 59 1
416 417 34 0
416 418 50 1
362 375 64 1
362 376 84 1
229 231 91 1
419 420 28 0
419 421 4 0
379 422 23 0
327 422 23 1
304 423 15 0
304 305 30 0
304 424 63 1
425 426 21 0
148 427 36 1
334 428 61 1
177 201 9 0
429 430 46 1
429 431 52 1
429 432 32 1
433 434 23 0
433 435 15 0
433 436 35 0
404 437 26 0
438 439 72 1
438 440 37 0
441 442 23 1
443 444 14 1
443 445 28 1
32 446 70 1
447 448 39 1
366 449 25 0
450 451 30 0
450 452 29 0
453 454 79 1
153 453 7 1
373 455 50 1
264 456 22 0
456 457 22 0
458 459 29 0
458 460 16 1
458 461 34 1
458 462 34 1
291 463 84 1
293 463 41 0
463 464 45 0
376 465 60 0
214 297 6 0
297 466 48 1
215 297 30 1
129 467 26 0
467 468 20 0
469 470 44 0
469 471 16 0
3 472 24 0
3 5 23 1
3 276 28 1
473 474 73 1
392 475 35 0
392 393 66 1
392 396 34 0
476 477 63 1
420 478 28 1
420 479 50 1
420 421 25 0
357 428 84 1
299 459 18 0
480 481 55 1
480 482 55 1
480 483 21 0
46 484 20 0
46 338 38 0
485 486 45 1
485 487 72 1
484 488 48 0
489 490 13 0
491 492 77 1
12 491 18 0
472 493 25 0
195 196 42 0
195 494 63 0
195 495 35 0
496 497 23 0
66 496 46 1
498 499 48 1
129 500 33 0
218 501 25 1
386 501 45 0
116 163 40 0
116 502 64 1
503 504 32 0
503 505 95 1
464 503 45 1
506 507 63 1
508 509 48 1
475 510 36 1
197 511 77 1
511 512 25 0
494 511 57 0
175 513 68 1
175 514 31 0
515 516 26 0
517 518 25 0
517 519 50 1
520 521 41 0
520 522 36 0
197 494 54 1
523 524 28 0
523 525 21 0
95 497 35 0
143 244 30 1
148 251 40 0
12 526 48 0
340 341 39 1
340 527 19 0
528 529 33 0
348 530 32 0
518 531 20 0
519 531 16 0
531 532 20 0
533 534 18 1
535 536 28 0
535 537 33 0
535 538 24 0
481 482 75 1
481 539 39 1
540 541 79 1
540 542 9 0
295 543 33 0
341 534 59 1
278 454 79 1
368 544 40 0
160 217 19 1
161 217 48 1
421 478 18 0
171 478 27 0
192 545 17 0
221 222 12 0
155 221 16 1
546 547 41 0
423 424 22 0
341 527 33 0
37 355 50 1
444 548 22 0
290 549 57 1
312 549 44 0
214 466 57 1
536 550 49 0
146 545 9 0
255 545 48 1
239 240 26 0
524 551 50 1
524 525 14 1
388 524 45 0
353 552 31 0
552 553 61 1
395 554 22 0
449 499 39 1
499 555 34 0
323 405 29 0
85 556 73 1
460 461 41 1
512 557 52 0
326 512 100 1
512 558 43 0
559 560 11 0
559 561 46 0
510 562 37 1
563 564 25 0
284 563 52 1
55 563 106 1
563 565 32 0
396 510 36 0
290 292 50 1
290 293 39 0
49 50 56 0
149 150 19 1
566 567 25 0
566 568 7 1
415 569 45 1
42 569 30 0
282 413 68 1
413 570 27 1
413 571 34 0
572 573 108 1
398 572 90 1
357 504 38 0
393 395 72 1
393 396 27 0
513 574 54 1
177 203 16 0
180 385 72 1
516 575 52 1
434 435 21 0
576 577 33 0
578 579 36 0
431 573 60 0
218 580 13 0
187 581 9 1
292 582 27 0
85 583 24 0
584 585 27 0
584 586 20 0
274 584 8 0
587 588 44 0
587 589 14 0
34 587 61 1
353 590 14 1
394 468 13 0
557 591 17 0
50 258 90 1
183 258 38 0
37 592 22 0
593 594 37 1
351 593 12 0
326 558 24 0
591 595 39 1
596 597 73 0
178 596 133 1
71 575 70 1
575 598 29 0
80 599 22 0
80 464 64 1
400 600 44 0
282 283 48 0
601 602 26 0
603 604 68 1
603 605 55 0
292 606 54 1
410 607 36 0
608 609 68 1
608 610 10 0
305 611 34 0
331 612 25 1
594 613 52 1
180 614 68 1
553 590 26 0
189 615 19 0
585 586 8 0
586 616 59 1
274 586 39 1
449 555 50 1
617 618 34 0
597 619 32 1
619 620 37 0
283 577 42 0
321 418 35 0
418 621 28 0
622 623 36 1
245 624 7 0
311 625 46 0
10 625 75 1
105 233 120 1
400 626 27 0
409 627 38 0
230 231 45 1
240 628 28 1
321 629 39 1
454 630 8 0
20 415 61 1
20 312 39 1
155 156 35 0
120 487 41 1
30 631 29 0
388 525 43 0
329 632 100 1
9 633 18 0
255 564 40 0
106 577 68 1
588 589 33 0
634 635 21 0
398 634 50 1
262 349 13 0
432 636 32 1
5 637 31 0
560 561 46 0
514 574 38 0
439 440 4 0
509 529 84 1
307 509 113 1
613 638 64 1
432 639 64 1
548 623 73 1
604 620 46 1
183 640 32 0
321 641 41 0
398 642 50 0
207 319 27 0
207 208 34 1
539 628 50 1
63 285 48 0
568 643 43 1
567 644 32 0
302 567 26 0
4 645 38 0
646 647 47 0
223 648 64 1
648 649 7 0
81 532 39 1
21 599 36 0
464 599 34 1
109 650 49 0
109 286 18 0
300 462 52 1
167 279 12 0
279 651 34 1
548 652 43 0
161 653 48 1
276 493 48 1
654 655 19 1
24 233 58 0
153 233 37 0
565 656 1 1
570 571 26 0
296 657 22 0
474 658 73 1
329 474 28 1
235 651 27 1
471 659 23 0
375 376 30 1
649 660 50 1
398 635 68 1
21 464 70 1
150 383 33 0
38 658 50 1
223 661 47 0
23 24 57 1
571 662 32 1
2 103 35 0
2 637 32 1
3 4 28 1
4 5 34 1
4 67 36 0
4 68 36 0
6 104 61 1
7 625 72 1
8 285 43 0
9 63 50 1
10 287 45 1
11 491 25 0
12 492 88 1
14 370 38 0
15 553 16 1
15 590 18 0
16 51 147 1
16 52 92 0
16 115 180 1
16 546 70 1
17 226 32 1
17 360 64 1
18 360 19 0
19 414 16 0
20 414 64 1
21 80 41 1
22 168 46 0
24 454 61 0
25 189 19 1
25 269 59 1
25 615 32 1
26 44 37 0
26 188 14 1
26 615 19 0
27 169 9 1
27 631 18 1
28 29 19 0
28 172 32 1
28 317 32 0
29 30 17 0
29 316 46 1
29 317 29 0
30 316 31 0
31 654 7 0
31 655 17 0
32 654 34 0
33 576 27 0
34 230 79 0
34 455 75 1
34 576 47 0
35 355 15 0
36 37 73 1
38 144 54 1
39 267 15 0
40 662 43 1
41 119 72 1
41 374 64 1
42 130 104 0
43 219 80 0
43 268 43 0
44 188 59 1
44 189 37 0
44 190 31 0
44 219 60 0
45 484 55 1
45 656 140 1
46 488 81 1
47 258 48 1
47 471 39 1
48 659 53 0
49 469 25 1
49 471 9 1
49 659 26 0
51 115 37 0
51 661 73 1
52 661 61 1
54 545 61 1
55 564 73 1
56 79 81 1
57 114 63 1
58 79 37 0
58 151 6 0
59 114 38 0
60 335 26 0
61 62 46 1
61 500 122 1
61 562 50 0
62 521 181 1
62 562 64 0
63 633 39 0
64 496 35 0
65 66 52 1
66 95 34 0
66 497 13 0
67 645 9 1
68 645 7 0
69 522 64 1
70 493 28 0
70 522 52 1
71 72 70 1
72 653 41 1
73 389 37 1
73 390 48 0
74 389 52 1
74 390 100 1
75 84 66 0
75 121 174 1
75 489 62 0
75 613 113 0
76 404 48 1
76 437 5 1
76 639 39 0
78 518 16 1
79 81 28 1
79 447 54 0
79 448 62 0
79 518 30 1
81 518 18 1
83 84 25 1
83 556 45 0
83 583 33 0
84 121 203 1
84 489 78 0
84 613 129 0
87 89 10 1
87 125 111 1
88 643 46 0
90 106 23 1
90 576 73 1
90 577 39 0
91 294 102 1
92 538 72 1
93 94 21 1
93 537 54 1
94 537 41 0
97 209 54 1
98 99 33 0
98 551 57 1
99 288 25 0
100 204 28 0
100 623 34 1
101 623 33 0
102 108 47 0
102 622 32 1
103 637 33 0
104 157 35 0
107 126 25 1
109 126 20 0
110 191 19 0
110 192 18 0
111 254 52 1
112 236 28 0
112 237 41 1
113 237 24 0
113 406 36 0
114 156 38 0
117 625 41 0
118 485 33 0
118 486 11 0
118 487 8 0
119 465 50 0
119 486 30 0
119 487 70 1
120 517 52 1
121 136 50 1
121 489 109 0
121 613 122 1
122 135 45 1
122 139 39 1
122 638 31 0
123 145 138 1
123 187 95 1
123 581 56 0
124 125 90 1
127 467 79 1
128 467 68 1
128 468 47 0
130 285 54 0
130 415 64 0
130 569 140 1
131 608 37 1
131 610 21 0
132 133 66 1
133 610 61 1
134 401 58 0
135 139 32 0
136 139 25 0
137 241 32 1
137 638 39 1
138 140 37 1
139 241 9 0
140 241 5 1
141 438 41 1
142 143 24 0
142 244 48 1
144 658 70 1
145 187 104 1
145 581 61 0
146 192 45 1
146 255 36 1
148 149 45 1
148 250 37 0
149 382 43 1
150 382 27 1
152 232 30 0
152 233 43 1
154 221 28 1
154 222 24 0
154 236 95 1
157 642 48 1
158 309 86 0
158 407 115 1
159 330 34 0
159 331 23 1
160 161 30 1
160 580 14 0
162 502 81 1
163 502 10 1
164 243 91 0
164 595 61 0
164 624 124 1
165 651 38 0
166 168 61 0
166 234 50 1
167 651 13 0
169 631 13 0
170 420 46 0
171 359 25 1
171 420 26 0
172 273 54 1
172 317 18 0
173 514 95 1
174 514 75 1
176 354 63 1
176 596 174 1
177 200 25 1
177 354 84 1
179 250 53 0
179 476 31 0
180 476 26 0
181 378 21 0
181 640 39 1
182 379 55 1
183 256 59 1
184 320 58 0
184 333 26 0
186 581 15 0
190 219 77 1
192 193 22 0
193 545 39 1
196 441 15 0
196 442 16 1
198 199 16 0
199 513 37 0
199 514 50 1
201 203 34 1
201 620 50 1
202 203 23 1
204 623 23 0
205 328 50 1
206 207 66 1
206 208 34 1
206 581 109 1
207 329 60 0
209 367 37 0
209 544 35 0
210 211 21 1
213 215 10 1
214 215 23 1
216 580 19 1
217 580 7 0
218 386 91 1
223 409 75 1
224 536 52 1
224 550 35 0
225 536 26 0
225 538 33 0
226 300 171 1
226 360 63 1
227 300 127 1
228 336 37 1
228 337 22 0
229 336 43 0
230 455 53 0
232 453 14 0
233 453 70 1
234 270 21 1
235 270 54 1
235 279 30 0
237 406 66 1
238 628 52 1
239 655 61 1
243 245 29 0
243 557 82 1
243 591 66 1
243 595 55 1
243 624 54 1
246 334 28 0
246 627 129 1
247 448 57 1
248 280 29 0
248 552 28 0
250 427 59 1
251 427 35 0
253 281 32 0
253 282 73 1
259 537 36 1
260 271 154 1
260 348 84 0
260 530 79 0
261 377 37 1
262 346 25 1
262 347 29 0
263 456 28 1
263 457 34 1
263 578 34 0
264 365 133 0
264 457 34 1
264 498 154 1
264 606 144 0
266 369 101 0
268 269 30 0
270 607 41 0
271 348 144 1
271 419 61 0
271 530 135 1
272 419 91 1
273 554 43 0
273 585 40 0
273 586 77 1
275 472 45 1
276 472 12 0
278 630 72 1
280 369 68 0
286 650 41 0
288 523 38 0
292 380 68 1
293 312 42 0
293 549 18 0
295 588 77 1
296 618 48 0
298 460 29 0
299 482 264 1
299 483 108 0
300 460 63 1
301 594 28 0
301 644 14 1
302 644 14 1
303 611 19 1
304 611 56 0
306 436 72 1
306 528 18 0
306 529 55 1
307 508 62 0
308 420 75 1
308 479 25 0
309 407 36 0
310 313 95 1
311 313 63 1
311 314 31 0
313 542 27 0
314 540 31 0
315 542 4 0
317 554 72 1
320 333 81 0
320 417 23 0
320 513 158 1
320 574 83 0
320 641 43 0
321 417 54 1
321 529 48 0
322 332 55 1
323 490 16 0
324 332 16 1
325 422 66 1
327 379 33 0
330 612 39 1
333 635 25 1
335 500 102 1
337 450 27 0
338 484 22 0
338 488 41 0
339 527 9 1
342 496 35 0
342 584 42 0
343 496 68 1
343 584 38 0
344 603 19 0
344 605 42 0
344 652 180 1
345 605 16 0
345 652 208 1
348 349 43 1
348 364 9 0
350 593 45 1
350 646 19 1
350 647 77 1
351 594 55 1
352 646 18 1
352 647 73 1
353 553 45 1
356 428 21 0
357 505 27 0
359 478 34 1
362 363 17 0
363 364 24 0
363 530 52 1
365 498 120 1
365 582 15 0
365 606 28 1
366 499 46 1
367 544 4 0
368 473 131 1
368 515 64 1
368 632 145 1
369 547 1 0
370 547 22 0
370 590 26 0
371 481 72 1
372 373 61 1
372 587 19 1
372 589 20 0
373 587 72 1
380 507 45 1
381 506 41 0
381 507 14 1
383 411 53 0
383 541 93 1
383 600 59 0
384 425 113 1
384 526 199 1
385 425 113 1
385 526 101 0
385 614 24 0
387 524 24 0
387 525 39 1
392 510 29 0
397 431 48 0
397 572 36 0
399 625 53 0
399 626 23 0
400 625 102 1
401 660 78 0
402 660 84 0
405 490 75 1
408 627 50 1
411 541 117 1
411 555 54 1
411 600 72 0
412 570 12 0
412 615 25 0
416 621 36 0
416 629 66 1
416 641 22 0
417 641 21 0
418 629 32 1
419 478 34 1
421 479 30 0
423 446 58 0
424 602 34 1
425 526 51 0
426 444 94 0
426 445 74 0
429 639 32 0
430 431 40 0
430 432 28 1
430 573 97 1
430 636 39 1
431 432 77 1
433 634 28 0
433 635 25 0
434 436 17 0
435 436 45 1
436 528 36 0
437 639 66 1
439 506 35 0
440 506 37 0
444 445 41 1
444 652 50 0
446 451 70 0
446 452 96 0
447 504 39 0
451 452 52 1
453 617 99 1
453 630 88 1
456 477 35 0
456 578 29 0
459 482 141 0
459 483 102 0
460 462 19 1
461 462 43 1
461 543 34 0
465 487 58 0
466 616 38 0
469 659 22 0
470 578 44 0
470 659 27 0
473 515 144 1
473 632 172 1
473 658 2 0
475 500 46 1
475 562 37 0
477 578 44 0
477 579 73 1
482 539 43 0
489 613 225 1
495 553 52 1
498 606 140 1
501 580 27 1
503 599 32 0
504 505 43 1
508 601 16 1
513 514 12 0
515 592 34 1
515 632 88 0
516 592 33 0
517 531 27 1
519 532 16 0
520 598 73 1
521 598 61 1
523 551 17 0
525 551 24 0
529 629 51 0
533 561 16 1
534 561 32 1
535 550 79 1
536 538 11 0
537 538 32 0
540 582 153 1
541 600 25 0
542 582 167 1
556 583 34 1
557 595 19 0
558 591 79 1
559 632 13 0
560 632 13 0
563 656 32 0
566 643 43 1
567 568 45 1
567 643 3 1
572 642 63 1
582 606 15 0
585 616 32 0
593 646 29 0
597 604 104 1
603 652 205 1
604 619 43 0
609 610 64 1
612 653 32 0
618 657 31 0
625 626 120 1
648 660 54 1

CENÁRIO 2
PROBABILIDADE: 958/2923 = 0.327745
QTD_ARESTAS_REQUERIDAS: 602
QTD_ARESTAS_NAO_REQUERIDAS: 598
1 2 52 1
1 3 14 0
1 4 13 0
1 5 7 0
1 6 33 0
7 8 63 1
7 9 59 1
7 10 11 0
11 12 41 0
11 13 3 0
14 15 73 1
14 16 37 0
17 18 26 0
19 20 79 1
19 21 47 0
22 23 33 0
22 24 63 0
25 26 4 0
27 28 23 1
27 29 21 0
27 30 25 0
31 32 32 0
33 34 37 1
35 36 72 1
35 37 15 0
35 38 59 1
39 40 23 0
41 42 19 0
43 44 39 0
45 46 16 0
47 48 37 0
47 49 45 1
47 50 57 0
51 52 12 0
53 54 40 0
53 55 117 1
56 57 104 1
56 58 18 1
56 59 59 0
60 61 22 0
60 62 19 1
60 63 50 1
64 65 17 0
64 66 14 0
67 68 19 1
69 70 59 1
69 71 25 0
69 72 41 1
73 74 19 1
73 75 21 0
76 77 86 1
78 79 13 0
78 80 54 1
78 81 16 0
82 83 50 0
82 84 43 0
82 85 73 1
86 87 30 1
86 88 14 1
86 89 15 0
90 91 52 0
92 93 29 0
92 94 39 1
65 95 68 1
96 97 35 0
96 98 11 0
96 99 29 0
100 101 39 1
100 102 34 0
103 104 16 0
91 105 53 0
91 106 84 1
107 108 41 1
107 109 57 1
110 111 10 0
112 113 25 0
112 114 35 0
115 116 47 0
52 115 34 0
8 117 30 0
8 9 18 1
8 63 43 1
118 119 61 1
118 120 50 1
121 122 54 1
123 124 18 0
123 125 82 1
108 126 28 1
108 109 30 0
127 128 28 0
127 129 43 1
127 130 108 1
131 132 18 1
131 133 61 1
131 134 30 0
135 136 15 0
122 137 43 1
137 138 22 0
137 139 21 0
137 140 36 1
141 142 45 0
141 143 30 0
144 145 36 0
54 146 57 1
54 55 100 1
147 148 20 0
147 149 25 1
13 147 37 1
147 150 39 1
79 151 57 1
105 152 91 1
152 153 72 1
154 155 18 1
154 156 34 0
6 157 36 0
113 158 79 1
159 160 37 1
159 161 36 1
162 163 73 1
162 164 28 0
165 166 19 0
165 167 41 0
165 168 95 1
122 136 19 1
28 169 18 1
94 170 73 1
170 171 66 1
29 172 46 1
173 174 53 0
173 175 45 1
176 177 45 0
176 178 48 1
179 180 77 1
181 182 21 0
181 183 48 1
184 185 13 0
186 187 16 0
188 189 9 1
188 190 46 1
111 191 48 1
191 192 28 1
191 193 46 1
194 195 39 0
194 196 10 1
194 197 88 1
174 198 41 1
174 199 25 0
200 201 34 1
200 202 13 0
200 203 9 1
101 204 22 0
205 206 52 1
205 207 22 0
205 208 21 0
209 210 33 0
209 211 35 0
212 213 18 0
212 214 33 0
212 215 37 1
216 217 11 0
216 218 16 0
23 219 122 1
220 221 25 1
220 222 11 0
220 223 77 1
224 225 59 1
226 227 25 0
18 226 18 0
228 229 108 1
228 230 93 1
228 231 55 1
232 233 48 1
153 232 11 0
234 235 19 0
236 237 24 0
238 239 8 0
238 240 43 1
38 145 48 0
2 6 11 0
2 104 33 0
138 241 39 1
242 243 37 0
242 244 34 0
242 245 35 0
246 247 47 0
248 249 28 1
250 251 7 1
252 253 14 1
252 254 27 1
252 255 32 0
256 257 27 0
256 258 37 1
93 259 24 0
260 261 52 0
260 262 52 0
263 264 7 0
249 265 13 0
265 266 30 0
40 267 35 0
267 268 77 1
267 269 57 1
166 270 66 1
271 272 19 1
273 274 45 1
3 275 21 0
275 276 14 0
277 278 50 0
277 279 81 1
167 277 40 0
249 280 57 1
266 280 66 1
281 282 15 0
281 283 49 0
281 284 55 1
117 285 32 1
9 117 70 1
126 286 34 0
287 288 57 1
289 290 31 0
289 291 8 0
289 292 59 1
289 293 40 0
294 295 86 1
294 296 100 1
26 189 14 1
213 297 21 0
213 214 32 1
298 299 30 1
298 300 75 1
301 302 23 1
303 304 111 1
303 305 79 1
306 307 59 0
308 309 81 1
310 311 55 0
310 312 47 0
313 314 26 0
313 315 25 0
48 257 14 0
316 317 32 0
128 129 64 1
318 319 57 1
320 321 41 0
322 323 72 1
322 324 41 1
87 88 43 1
325 326 81 1
325 327 55 1
207 328 14 1
319 328 21 0
328 329 104 1
330 331 41 1
74 332 32 1
74 75 39 1
185 333 54 1
247 334 31 0
61 335 23 1
97 210 39 0
97 211 32 0
336 337 64 1
231 336 66 1
336 338 28 0
339 340 32 1
339 341 35 0
253 284 68 1
253 254 16 0
132 134 37 1
342 343 19 1
344 345 61 1
346 347 21 0
346 348 23 0
346 349 7 1
350 351 26 0
350 352 30 1
15 353 19 0
178 354 48 0
36 355 32 0
356 357 82 1
142 356 28 0
261 358 28 1
359 360 26 0
361 362 55 1
361 363 19 0
361 364 15 0
365 366 37 1
367 368 37 0
369 370 39 1
371 372 42 0
371 373 73 1
374 375 70 1
374 376 72 1
358 377 12 0
378 379 54 1
182 378 7 1
380 381 31 0
382 383 20 0
384 385 120 1
124 386 64 1
387 388 22 0
57 59 10 1
389 390 29 0
391 392 12 0
391 393 55 1
391 394 52 0
391 395 38 0
391 396 37 0
185 397 86 1
185 398 57 1
399 400 6 0
401 402 37 1
403 404 37 0
323 403 33 0
403 405 66 1
406 407 77 1
408 409 19 1
133 410 37 0
150 411 28 0
18 227 35 0
166 235 29 0
412 413 27 1
414 415 59 1
416 417 34 0
416 418 28 0
362 375 64 1
362 376 47 0
229 231 91 1
419 420 28 0
419 421 4 0
379 422 23 0
327 422 13 0
304 423 27 1
304 305 54 1
304 424 35 0
425 426 21 0
148 427 36 1
334 428 34 0
177 201 16 1
429 430 46 1
429 431 29 0
429 432 18 0
433 434 23 0
433 435 27 1
433 436 35 0
404 437 46 1
438 439 72 1
438 440 66 1
441 442 13 0
443 444 8 0
443 445 16 0
32 446 70 1
447 448 39 1
366 449 25 0
450 451 30 0
450 452 29 0
453 454 79 1
153 453 4 0
373 455 28 0
264 456 39 1
456 457 22 0
458 459 29 0
458 460 16 1
458 461 19 0
458 462 19 0
291 463 47 0
293 463 73 1
463 464 81 1
376 465 60 0
214 297 10 1
297 466 48 1
215 297 30 1
129 467 46 1
467 468 20 0
469 470 44 0
469 471 16 0
3 472 43 1
3 5 13 0
3 276 28 1
473 474 41 0
392 475 63 1
392 393 66 1
392 396 61 1
476 477 63 1
420 478 28 1
420 479 28 0
420 421 45 1
357 428 84 1
299 459 18 0
480 481 55 1
480 482 55 1
480 483 37 1
46 484 20 0
46 338 38 0
485 486 25 0
485 487 72 1
484 488 86 1
489 490 23 1
491 492 43 0
12 491 18 0
472 493 25 0
195 196 75 1
195 494 113 1
195 495 63 1
496 497 41 1
66 496 46 1
498 499 27 0
129 500 33 0
218 501 14 0
386 501 45 0
116 163 40 0
116 502 36 0
503 504 57 1
503 505 95 1
464 503 25 0
506 507 63 1
508 509 48 1
475 510 20 0
197 511 77 1
511 512 25 0
494 511 102 1
175 513 38 0
175 514 31 0
515 516 26 0
517 518 25 0
517 519 28 0
520 521 73 1
520 522 36 0
197 494 54 1
523 524 28 0
523 525 21 0
95 497 35 0
143 244 30 1
148 251 40 0
12 526 86 1
340 341 39 1
340 527 19 0
528 529 59 1
348 530 32 0
518 531 36 1
519 531 16 0
531 532 36 1
533 534 18 1
535 536 50 1
535 537 59 1
535 538 24 0
481 482 75 1
481 539 39 1
540 541 79 1
540 542 16 1
295 543 59 1
341 534 59 1
278 454 79 1
368 544 40 0
160 217 19 1
161 217 48 1
421 478 18 0
171 478 48 1
192 545 30 1
221 222 12 0
155 221 9 0
546 547 41 0
423 424 39 1
341 527 33 0
37 355 50 1
444 548 39 1
290 549 32 0
312 549 44 0
214 466 57 1
536 550 88 1
146 545 9 0
255 545 48 1
239 240 46 1
524 551 28 0
524 525 14 1
388 524 81 1
353 552 31 0
552 553 34 0
395 554 22 0
449 499 39 1
499 555 34 0
323 405 52 1
85 556 73 1
460 461 23 0
512 557 52 0
326 512 56 0
512 558 43 0
559 560 11 0
559 561 46 0
510 562 37 1
563 564 45 1
284 563 29 0
55 563 59 0
563 565 32 0
396 510 36 0
290 292 28 0
290 293 39 0
49 50 100 1
149 150 11 0
566 567 45 1
566 568 7 1
415 569 25 0
42 569 54 1
282 413 38 0
413 570 15 0
413 571 34 0
572 573 108 1
398 572 90 1
357 504 68 1
393 395 40 0
393 396 27 0
513 574 54 1
177 203 16 0
180 385 72 1
516 575 52 1
434 435 21 0
576 577 59 1
578 579 64 1
431 573 60 0
218 580 13 0
187 581 5 0
292 582 27 0
85 583 43 1
584 585 27 0
584 586 36 1
274 584 8 0
587 588 44 0
587 589 25 1
34 587 34 0
353 590 14 1
394 468 23 1
557 591 30 1
50 258 90 1
183 258 38 0
37 592 39 1
593 594 21 0
351 593 21 1
326 558 43 1
591 595 22 0
596 597 73 0
178 596 133 1
71 575 39 0
575 598 52 1
80 599 22 0
80 464 64 1
400 600 44 0
282 283 86 1
601 602 26 0
603 604 68 1
603 605 55 0
292 606 54 1
410 607 36 0
608 609 68 1
608 610 10 0
305 611 34 0
331 612 25 1
594 613 52 1
180 614 68 1
553 590 26 0
189 615 34 1
585 586 14 1
586 616 59 1
274 586 22 0
449 555 50 1
617 618 61 1
597 619 32 1
619 620 66 1
283 577 42 0
321 418 35 0
418 621 28 0
622 623 20 0
245 624 12 1
311 625 82 1
10 625 42 0
105 233 120 1
400 626 48 1
409 627 38 0
230 231 25 0
240 628 16 0
321 629 22 0
454 630 8 0
20 415 34 0
20 312 39 1
155 156 35 0
120 487 41 1
30 631 29 0
388 525 43 0
329 632 100 1
9 633 18 0
255 564 72 1
106 577 38 0
588 589 33 0
634 635 37 1
398 634 50 1
262 349 13 0
432 636 32 1
5 637 31 0
560 561 46 0
514 574 38 0
439 440 4 0
509 529 84 1
307 509 113 1
613 638 64 1
432 639 64 1
548 623 41 0
604 620 26 0
183 640 32 0
321 641 73 1
398 642 90 1
207 319 48 1
207 208 19 0
539 628 50 1
63 285 86 1
568 643 43 1
567 644 57 1
302 567 46 1
4 645 38 0
646 647 84 1
223 648 36 0
648 649 7 0
81 532 22 0
21 599 64 1
464 599 34 1
109 650 88 1
109 286 18 0
300 462 52 1
167 279 12 0
279 651 34 1
548 652 43 0
161 653 27 0
276 493 27 0
654 655 19 1
24 233 58 0
153 233 37 0
565 656 1 0
570 571 26 0
296 657 39 1
474 658 41 0
329 474 28 1
235 651 15 0
471 659 41 1
375 376 17 0
649 660 50 1
398 635 68 1
21 464 39 0
150 383 59 1
38 658 50 1
223 661 47 0
23 24 32 0
571 662 18 0
2 103 63 1
2 637 18 0
3 4 28 1
4 5 19 0
4 67 64 1
4 68 64 1
6 104 61 1
7 625 40 0
8 285 77 1
9 63 50 1
10 287 25 0
11 491 25 0
12 492 88 1
14 370 68 1
15 553 9 0
15 590 18 0
16 51 147 1
16 52 92 0
16 115 180 1
16 546 39 0
17 226 32 1
17 360 64 1
18 360 19 0
19 414 28 1
20 414 64 1
21 80 41 1
22 168 46 0
24 454 61 0
25 189 11 0
25 269 59 1
25 615 32 1
26 44 37 0
26 188 8 0
26 615 19 0
27 169 5 0
27 631 10 0
28 29 19 0
28 172 18 0
28 317 32 0
29 30 30 1
29 316 46 1
29 317 52 1
30 316 31 0
31 654 7 0
31 655 17 0
32 654 61 1
33 576 27 0
34 230 79 0
34 455 75 1
34 576 47 0
35 355 27 1
36 37 73 1
38 144 54 1
39 267 27 1
40 662 24 0
41 119 72 1
41 374 64 1
42 130 187 1
43 219 80 0
43 268 43 0
44 188 59 1
44 189 66 1
44 190 55 1
44 219 60 0
45 484 55 1
45 656 78 0
46 488 81 1
47 258 48 1
47 471 22 0
48 659 53 0
49 469 14 0
49 471 5 0
49 659 26 0
51 115 37 0
51 661 41 0
52 661 34 0
54 545 61 1
55 564 73 1
56 79 45 0
57 114 35 0
58 79 37 0
58 151 10 1
59 114 38 0
60 335 26 0
61 62 46 1
61 500 122 1
61 562 90 1
62 521 101 0
62 562 64 0
63 633 39 0
64 496 35 0
65 66 29 0
66 95 61 1
66 497 13 0
67 645 9 1
68 645 12 1
69 522 64 1
70 493 28 0
70 522 29 0
71 72 70 1
72 653 41 1
73 389 37 1
73 390 48 0
74 389 29 0
74 390 100 1
75 84 66 0
75 121 97 0
75 489 111 1
75 613 113 0
76 404 48 1
76 437 3 0
76 639 70 1
78 518 16 1
79 81 16 0
79 447 97 1
79 448 111 1
79 518 17 0
81 518 10 0
83 84 14 0
83 556 81 1
83 583 59 1
84 121 113 0
84 489 140 1
84 613 232 1
87 89 10 1
87 125 111 1
88 643 82 1
90 106 23 1
90 576 73 1
90 577 70 1
91 294 57 0
92 538 40 0
93 94 21 1
93 537 30 0
94 537 73 1
97 209 30 0
98 99 59 1
98 551 57 1
99 288 45 1
100 204 28 0
100 623 19 0
101 623 59 1
102 108 47 0
102 622 18 0
103 637 33 0
104 157 63 1
107 126 25 1
109 126 36 1
110 191 34 1
110 192 32 1
111 254 29 0
112 236 50 1
112 237 23 0
113 237 43 1
113 406 64 1
114 156 68 1
117 625 41 0
118 485 59 1
118 486 19 1
118 487 8 0
119 465 90 1
119 486 30 0
119 487 70 1
120 517 29 0
121 136 28 0
121 489 196 1
121 613 122 1
122 135 45 1
122 139 39 1
122 638 31 0
123 145 77 0
123 187 95 1
123 581 100 1
124 125 90 1
127 467 79 1
128 467 68 1
128 468 47 0
130 285 97 1
130 415 64 0
130 569 140 1
131 608 21 0
131 610 37 1
132 133 66 1
133 610 34 0
134 401 58 0
135 139 57 1
136 139 45 1
137 241 18 0
137 638 39 1
138 140 37 1
139 241 9 0
140 241 5 1
141 438 41 1
142 143 24 0
142 244 48 1
144 658 70 1
145 187 104 1
145 581 109 1
146 192 45 1
146 255 36 1
148 149 25 0
148 250 37 0
149 382 43 1
150 382 15 0
152 232 54 1
152 233 24 0
154 221 16 0
154 222 24 0
154 236 95 1
157 642 48 1
158 309 154 1
158 407 64 0
159 330 61 1
159 331 13 0
160 161 30 1
160 580 14 0
162 502 81 1
163 502 6 0
164 243 91 0
164 595 109 1
164 624 69 0
165 651 38 0
166 168 109 1
166 234 50 1
167 651 13 0
169 631 23 1
170 420 82 1
171 359 25 1
171 420 46 1
172 273 30 0
172 317 32 1
173 514 53 0
174 514 75 1
176 354 63 1
176 596 174 1
177 200 14 0
177 354 47 0
179 250 95 1
179 476 31 0
180 476 26 0
181 378 37 1
181 640 22 0
182 379 55 1
183 256 59 1
184 320 58 0
184 333 26 0
186 581 15 0
190 219 77 1
192 193 39 1
193 545 22 0
196 441 27 1
196 442 9 0
198 199 16 0
199 513 66 1
199 514 28 0
201 203 19 0
201 620 28 0
202 203 13 0
204 623 23 0
205 328 50 1
206 207 66 1
206 208 19 0
206 581 109 1
207 329 60 0
209 367 37 0
209 544 35 0
210 211 12 0
213 215 6 0
214 215 13 0
216 580 11 0
217 580 12 1
218 386 91 1
223 409 42 0
224 536 29 0
224 550 63 1
225 536 46 1
225 538 59 1
226 300 95 0
226 360 63 1
227 300 127 1
228 336 37 1
228 337 39 1
229 336 43 0
230 455 95 1
232 453 25 1
233 453 39 0
234 270 12 0
235 270 54 1
235 279 30 0
237 406 37 0
238 628 29 0
239 655 61 1
243 245 52 1
243 557 82 1
243 591 37 0
243 595 55 1
243 624 54 1
246 334 28 0
246 627 129 1
247 448 32 0
248 280 29 0
248 552 28 0
250 427 33 0
251 427 63 1
253 281 57 1
253 282 73 1
259 537 20 0
260 271 154 1
260 348 151 1
260 530 79 0
261 377 21 0
262 346 25 1
262 347 52 1
263 456 16 0
263 457 19 0
263 578 34 0
264 365 239 1
264 457 19 0
264 498 154 1
264 606 144 0
266 369 101 0
268 269 54 1
270 607 73 1
271 348 144 1
271 419 109 1
271 530 135 1
272 419 51 0
273 554 43 0
273 585 40 0
273 586 77 1
275 472 45 1
276 472 12 0
278 630 72 1
280 369 122 1
286 650 41 0
288 523 68 1
292 380 68 1
293 312 42 0
293 549 32 1
295 588 77 1
296 618 86 1
298 460 29 0
299 482 264 1
299 483 108 0
300 460 35 0
301 594 28 0
301 644 8 0
302 644 14 1
303 611 11 0
304 611 100 1
306 436 72 1
306 528 18 0
306 529 31 0
307 508 62 0
308 420 42 0
308 479 25 0
309 407 64 1
310 313 95 1
311 313 63 1
311 314 55 1
313 542 48 1
314 540 31 0
315 542 7 1
317 554 40 0
320 333 81 0
320 417 23 0
320 513 88 0
320 574 149 1
320 641 77 1
321 417 30 0
321 529 48 0
322 332 31 0
323 490 16 0
324 332 16 1
325 422 37 0
327 379 59 1
330 612 22 0
333 635 14 0
335 500 102 1
337 450 48 1
338 484 39 1
338 488 73 1
339 527 9 1
342 496 63 1
342 584 42 0
343 496 38 0
343 584 38 0
344 603 19 0
344 605 75 1
344 652 100 0
345 605 28 1
345 652 208 1
348 349 24 0
348 364 9 0
350 593 45 1
350 646 11 0
350 647 77 1
351 594 31 0
352 646 18 1
352 647 41 0
353 553 45 1
356 428 37 1
357 505 27 0
359 478 34 1
362 363 30 1
363 364 43 1
363 530 29 0
365 498 67 0
365 582 15 0
365 606 16 0
366 499 46 1
367 544 7 1
368 473 131 1
368 515 36 0
368 632 81 0
369 547 1 0
370 547 22 0
370 590 46 1
371 481 72 1
372 373 61 1
372 587 11 0
372 589 20 0
373 587 72 1
380 507 45 1
381 506 73 1
381 507 8 0
383 411 53 0
383 541 93 1
383 600 106 1
384 425 113 1
384 526 199 1
385 425 113 1
385 526 101 0
385 614 24 0
387 524 24 0
387 525 22 0
392 510 52 1
397 431 86 1
397 572 64 1
399 625 53 0
399 626 23 0
400 625 57 0
401 660 140 1
402 660 84 0
405 490 75 1
408 627 28 0
411 541 117 1
411 555 30 0
411 600 129 1
412 570 12 0
412 615 25 0
416 621 64 1
416 629 37 0
416 641 22 0
417 641 21 0
418 629 18 0
419 478 34 1
421 479 30 0
423 446 58 0
424 602 19 0
425 526 51 0
426 444 94 0
426 445 74 0
429 639 32 0
430 431 72 1
430 432 28 1
430 573 97 1
430 636 22 0
431 432 77 1
433 634 50 1
433 635 25 0
434 436 17 0
435 436 45 1
436 528 64 1
437 639 37 0
439 506 35 0
440 506 66 1
444 445 41 1
444 652 50 0
446 451 70 0
446 452 96 0
447 504 70 1
451 452 52 1
453 617 55 0
453 630 49 0
456 477 63 1
456 578 29 0
459 482 253 1
459 483 102 0
460 462 19 1
461 462 43 1
461 543 34 0
465 487 104 1
466 616 38 0
469 659 22 0
470 578 79 1
470 659 48 1
473 515 80 0
473 632 172 1
473 658 2 0
475 500 26 0
475 562 37 0
477 578 79 1
477 579 73 1
482 539 43 0
489 613 125 0
495 553 29 0
498 606 140 1
501 580 27 1
503 599 57 1
504 505 24 0
508 601 9 0
513 514 12 0
515 592 19 0
515 632 88 0
516 592 33 0
517 531 27 1
519 532 28 1
520 598 41 0
521 598 34 0
523 551 17 0
525 551 24 0
529 629 91 1
533 561 9 0
534 561 18 0
535 550 79 1
536 538 19 1
537 538 57 1
540 582 153 1
541 600 45 1
542 582 93 0
556 583 34 1
557 595 19 0
558 591 44 0
559 632 23 1
560 632 13 0
563 656 57 1
566 643 43 1
567 568 45 1
567 643 3 1
572 642 35 0
582 606 27 1
585 616 57 1
593 646 52 1
597 604 104 1
603 652 205 1
604 619 43 0
609 610 64 1
612 653 57 1
618 657 31 0
625 626 67 0
648 660 54 1

CENÁRIO 3
PROBABILIDADE: 448/2923 = 0.153267
QTD_ARESTAS_REQUERIDAS: 612
QTD_ARESTAS_NAO_REQUERIDAS: 588
1 2 29 0
1 3 14 0
1 4 23 1
1 5 7 0
1 6 59 1
7 8 35 0
7 9 59 1
7 10 11 0
11 12 41 0
11 13 3 0
14 15 73 1
14 16 37 0
17 18 46 1
19 20 44 0
19 21 84 1
22 23 33 0
22 24 113 1
25 26 4 0
27 28 23 1
27 29 37 1
27 30 45 1
31 32 57 1
33 34 37 1
35 36 40 0
35 37 27 1
35 38 59 1
39 40 23 0
41 42 19 0
43 44 70 1
45 46 28 1
47 48 66 1
47 49 45 1
47 50 102 1
51 52 21 1
53 54 40 0
53 55 117 1
56 57 58 0
56 58 18 1
56 59 59 0
60 61 39 1
60 62 11 0
60 63 50 1
64 65 30 1
64 66 14 0
67 68 11 0
69 70 59 1
69 71 45 1
69 72 41 1
73 74 19 1
73 75 21 0
76 77 86 1
78 79 23 1
78 80 30 0
78 81 16 0
82 83 50 0
82 84 43 0
82 85 41 0
86 87 30 1
86 88 8 0
86 89 27 1
90 91 93 1
92 93 52 1
92 94 22 0
65 95 68 1
96 97 63 1
96 98 19 1
96 99 52 1
100 101 22 0
100 102 34 0
103 104 28 1
91 105 95 1
91 106 47 0
107 108 41 1
107 109 57 1
110 111 10 0
112 113 25 0
112 114 63 1
115 116 47 0
52 115 34 0
8 117 54 1
8 9 10 0
8 63 24 0
118 119 34 0
118 120 28 0
121 122 54 1
123 124 32 1
123 125 82 1
108 126 16 0
108 109 54 1
127 128 50 1
127 129 24 0
127 130 108 1
131 132 10 0
131 133 34 0
131 134 30 0
135 136 27 1
122 137 24 0
137 138 39 1
137 139 21 0
137 140 20 0
141 142 45 0
141 143 30 0
144 145 64 1
54 146 32 0
54 55 56 0
147 148 36 1
147 149 25 1
13 147 37 1
147 150 39 1
79 151 57 1
105 152 91 1
152 153 72 1
154 155 10 0
154 156 34 0
6 157 64 1
113 158 79 1
159 160 21 0
159 161 36 1
162 163 41 0
162 164 50 1
165 166 34 1
165 167 41 0
165 168 53 0
122 136 19 1
28 169 10 0
94 170 41 0
170 171 66 1
29 172 46 1
173 174 53 0
173 175 25 0
176 177 45 0
176 178 48 1
179 180 77 1
181 182 21 0
181 183 48 1
184 185 23 1
186 187 16 0
188 189 9 1
188 190 46 1
111 191 27 0
191 192 28 1
191 193 46 1
194 195 39 0
194 196 10 1
194 197 49 0
174 198 23 0
174 199 25 0
200 201 34 1
200 202 13 0
200 203 9 1
101 204 22 0
205 206 29 0
205 207 39 1
205 208 37 1
209 210 33 0
209 211 63 1
212 213 32 1
212 214 33 0
212 215 37 1
216 217 11 0
216 218 28 1
23 219 68 0
220 221 14 0
220 222 19 1
220 223 77 1
224 225 33 0
226 227 25 0
18 226 32 1
228 229 60 0
228 230 52 0
228 231 31 0
232 233 27 0
153 232 11 0
234 235 34 1
236 237 43 1
238 239 14 1
238 240 43 1
38 145 86 1
2 6 19 1
2 104 33 0
138 241 22 0
242 243 37 0
242 244 61 1
242 245 35 0
246 247 47 0
248 249 16 0
250 251 7 1
252 253 14 1
252 254 15 0
252 255 32 0
256 257 27 0
256 258 21 0
93 259 43 1
260 261 52 0
260 262 93 1
263 264 12 1
249 265 23 1
265 266 30 0
40 267 63 1
267 268 77 1
267 269 32 0
166 270 37 0
271 272 19 1
273 274 45 1
3 275 21 0
275 276 25 1
277 278 90 1
277 279 45 0
167 277 72 1
249 280 57 1
266 280 37 0
281 282 27 1
281 283 49 0
281 284 31 0
117 285 18 0
9 117 39 0
126 286 61 1
287 288 57 1
289 290 55 1
289 291 14 1
289 292 59 1
289 293 40 0
294 295 86 1
294 296 100 1
26 189 8 0
213 297 21 0
213 214 18 0
298 299 17 0
298 300 42 0
301 302 13 0
303 304 111 1
303 305 44 0
306 307 106 1
308 309 45 0
310 311 55 0
310 312 84 1
313 314 26 0
313 315 25 0
48 257 25 1
316 317 32 0
128 129 36 0
318 319 57 1
320 321 41 0
322 323 72 1
322 324 41 1
87 88 43 1
325 326 45 0
325 327 31 0
207 328 14 1
319 328 37 1
328 329 58 0
330 331 41 1
74 332 32 1
74 75 39 1
185 333 30 0
247 334 55 1
61 335 13 0
97 210 70 1
97 211 57 1
336 337 64 1
231 336 66 1
336 338 28 0
339 340 32 1
339 341 63 1
253 284 68 1
253 254 28 1
132 134 21 0
342 343 19 1
344 345 34 0
346 347 21 0
346 348 41 1
346 349 4 0
350 351 46 1
350 352 17 0
15 353 34 1
178 354 48 0
36 355 57 1
356 357 46 0
142 356 50 1
261 358 16 0
359 360 46 1
361 362 31 0
361 363 19 0
361 364 15 0
365 366 37 1
367 368 37 0
369 370 39 1
371 372 42 0
371 373 41 0
374 375 70 1
374 376 40 0
358 377 21 1
378 379 30 0
182 378 4 0
380 381 55 1
382 383 20 0
384 385 120 1
124 386 64 1
387 388 39 1
57 59 6 0
389 390 52 1
391 392 12 0
391 393 31 0
391 394 52 0
391 395 68 1
391 396 66 1
185 397 48 0
185 398 57 1
399 400 10 1
401 402 37 1
403 404 37 0
323 403 33 0
403 405 37 0
406 407 77 1
408 409 19 1
133 410 66 1
150 411 50 1
18 227 35 0
166 235 52 1
412 413 27 1
414 415 33 0
416 417 34 0
416 418 28 0
362 375 64 1
362 376 47 0
229 231 51 0
419 420 28 0
419 421 7 1
379 422 23 0
327 422 13 0
304 423 27 1
304 305 54 1
304 424 63 1
425 426 21 0
148 427 20 0
334 428 61 1
177 201 16 1
429 430 46 1
429 431 52 1
429 432 32 1
433 434 41 1
433 435 15 0
433 436 63 1
404 437 46 1
438 439 72 1
438 440 37 0
441 442 23 1
443 444 14 1
443 445 28 1
32 446 39 0
447 448 22 0
366 449 25 0
450 451 54 1
450 452 29 0
453 454 79 1
153 453 7 1
373 455 50 1
264 456 22 0
456 457 39 1
458 459 52 1
458 460 16 1
458 461 34 1
458 462 19 0
291 463 47 0
293 463 41 0
463 464 81 1
376 465 108 1
214 297 10 1
297 466 48 1
215 297 30 1
129 467 46 1
467 468 20 0
469 470 44 0
469 471 16 0
3 472 24 0
3 5 13 0
3 276 16 0
473 474 73 1
392 475 35 0
392 393 66 1
392 396 61 1
476 477 35 0
420 478 28 1
420 479 28 0
420 421 25 0
357 428 84 1
299 459 18 0
480 481 55 1
480 482 55 1
480 483 21 0
46 484 36 1
46 338 68 1
485 486 25 0
485 487 72 1
484 488 48 0
489 490 23 1
491 492 77 1
12 491 18 0
472 493 45 1
195 196 42 0
195 494 63 0
195 495 63 1
496 497 41 1
66 496 26 0
498 499 48 1
129 500 33 0
218 501 14 0
386 501 45 0
116 163 40 0
116 502 36 0
503 504 32 0
503 505 53 0
464 503 25 0
506 507 63 1
508 509 27 0
475 510 20 0
197 511 77 1
511 512 45 1
494 511 57 0
175 513 68 1
175 514 31 0
515 516 46 1
517 518 45 1
517 519 28 0
520 521 41 0
520 522 36 0
197 494 54 1
523 524 28 0
523 525 21 0
95 497 63 1
143 244 30 1
148 251 40 0
12 526 48 0
340 341 39 1
340 527 19 0
528 529 59 1
348 530 57 1
518 531 36 1
519 531 28 1
531 532 20 0
533 534 10 0
535 536 28 0
535 537 59 1
535 538 43 1
481 482 75 1
481 539 39 1
540 541 79 1
540 542 9 0
295 543 33 0
341 534 59 1
278 454 44 0
368 544 40 0
160 217 19 1
161 217 48 1
421 478 32 1
171 478 27 0
192 545 30 1
221 222 21 1
155 221 16 1
546 547 41 0
423 424 22 0
341 527 59 1
37 355 50 1
444 548 39 1
290 549 57 1
312 549 44 0
214 466 32 0
536 550 88 1
146 545 9 0
255 545 48 1
239 240 26 0
524 551 50 1
524 525 8 0
388 524 81 1
353 552 31 0
552 553 34 0
395 554 39 1
449 499 39 1
499 555 61 1
323 405 52 1
85 556 41 0
460 461 41 1
512 557 52 0
326 512 56 0
512 558 77 1
559 560 11 0
559 561 46 0
510 562 37 1
563 564 25 0
284 563 52 1
55 563 106 1
563 565 57 1
396 510 36 0
290 292 50 1
290 293 39 0
49 50 100 1
149 150 11 0
566 567 45 1
566 568 7 1
415 569 25 0
42 569 30 0
282 413 68 1
413 570 27 1
413 571 61 1
572 573 60 0
398 572 50 0
357 504 38 0
393 395 72 1
393 396 27 0
513 574 30 0
177 203 28 1
180 385 40 0
516 575 52 1
434 435 37 1
576 577 33 0
578 579 64 1
431 573 60 0
218 580 13 0
187 581 5 0
292 582 48 1
85 583 43 1
584 585 48 1
584 586 36 1
274 584 14 1
587 588 44 0
587 589 14 0
34 587 61 1
353 590 8 0
394 468 23 1
557 591 30 1
50 258 90 1
183 258 38 0
37 592 39 1
593 594 37 1
351 593 21 1
326 558 43 1
591 595 22 0
596 597 131 1
178 596 74 0
71 575 70 1
575 598 29 0
80 599 39 1
80 464 36 0
400 600 79 1
282 283 48 0
601 602 46 1
603 604 68 1
603 605 55 0
292 606 54 1
410 607 36 0
608 609 38 0
608 610 18 1
305 611 61 1
331 612 14 0
594 613 52 1
180 614 38 0
553 590 46 1
189 615 19 0
585 586 14 1
586 616 33 0
274 586 39 1
449 555 50 1
617 618 34 0
597 619 32 1
619 620 66 1
283 577 42 0
321 418 63 1
418 621 28 0
622 623 36 1
245 624 7 0
311 625 82 1
10 625 75 1
105 233 120 1
400 626 48 1
409 627 38 0
230 231 45 1
240 628 28 1
321 629 39 1
454 630 14 1
20 415 61 1
20 312 39 1
155 156 35 0
120 487 41 1
30 631 29 0
388 525 43 0
329 632 100 1
9 633 18 0
255 564 72 1
106 577 38 0
588 589 33 0
634 635 21 0
398 634 50 1
262 349 23 1
432 636 32 1
5 637 55 1
560 561 82 1
514 574 38 0
439 440 7 1
509 529 84 1
307 509 63 0
613 638 36 0
432 639 36 0
548 623 41 0
604 620 46 1
183 640 57 1
321 641 73 1
398 642 90 1
207 319 48 1
207 208 19 0
539 628 50 1
63 285 86 1
568 643 24 0
567 644 57 1
302 567 26 0
4 645 38 0
646 647 47 0
223 648 64 1
648 649 7 0
81 532 22 0
21 599 64 1
464 599 19 0
109 650 49 0
109 286 32 1
300 462 29 0
167 279 12 0
279 651 34 1
548 652 77 1
161 653 27 0
276 493 27 0
654 655 11 0
24 233 104 1
153 233 66 1
565 656 1 0
570 571 26 0
296 657 22 0
474 658 73 1
329 474 28 1
235 651 15 0
471 659 23 0
375 376 17 0
649 660 50 1
398 635 68 1
21 464 39 0
150 383 59 1
38 658 28 0
223 661 47 0
23 24 57 1
571 662 32 1
2 103 35 0
2 637 18 0
3 4 16 0
4 5 19 0
4 67 64 1
4 68 36 0
6 104 34 0
7 625 72 1
8 285 43 0
9 63 50 1
10 287 25 0
11 491 25 0
12 492 49 0
14 370 38 0
15 553 9 0
15 590 18 0
16 51 147 1
16 52 92 0
16 115 100 0
16 546 70 1
17 226 18 0
17 360 64 1
18 360 19 0
19 414 16 0
20 414 36 0
21 80 23 0
22 168 46 0
24 454 109 1
25 189 11 0
25 269 33 0
25 615 18 0
26 44 37 0
26 188 8 0
26 615 34 1
27 169 9 1
27 631 10 0
28 29 19 0
28 172 32 1
28 317 32 0
29 30 17 0
29 316 26 0
29 317 29 0
30 316 31 0
31 654 7 0
31 655 30 1
32 654 34 0
33 576 27 0
34 230 79 0
34 455 42 0
34 576 47 0
35 355 27 1
36 37 73 1
38 144 54 1
39 267 15 0
40 662 24 0
41 119 40 0
41 374 64 1
42 130 187 1
43 219 144 1
43 268 43 0
44 188 33 0
44 189 37 0
44 190 31 0
44 219 108 1
45 484 55 1
45 656 78 0
46 488 81 1
47 258 27 0
47 471 22 0
48 659 53 0
49 469 14 0
49 471 5 0
49 659 26 0
51 115 37 0
51 661 41 0
52 661 61 1
54 545 61 1
55 564 73 1
56 79 45 0
57 114 63 1
58 79 66 1
58 151 6 0
59 114 68 1
60 335 46 1
61 62 46 1
61 500 122 1
61 562 50 0
62 521 181 1
62 562 115 1
63 633 70 1
64 496 63 1
65 66 52 1
66 95 34 0
66 497 23 1
67 645 5 0
68 645 7 0
69 522 36 0
70 493 50 1
70 522 52 1
71 72 39 0
72 653 41 1
73 389 37 1
73 390 48 0
74 389 52 1
74 390 100 1
75 84 66 0
75 121 97 0
75 489 111 1
75 613 113 0
76 404 27 0
76 437 3 0
76 639 70 1
78 518 9 0
79 81 28 1
79 447 97 1
79 448 111 1
79 518 17 0
81 518 18 1
83 84 25 1
83 556 45 0
83 583 59 1
84 121 203 1
84 489 78 0
84 613 129 0
87 89 10 1
87 125 111 1
88 643 46 0
90 106 23 1
90 576 41 0
90 577 70 1
91 294 57 0
92 538 40 0
93 94 21 1
93 537 30 0
94 537 73 1
97 209 30 0
98 99 59 1
98 551 57 1
99 288 45 1
100 204 28 0
100 623 19 0
101 623 59 1
102 108 47 0
102 622 18 0
103 637 59 1
104 157 63 1
107 126 14 0
109 126 20 0
110 191 19 0
110 192 18 0
111 254 52 1
112 236 28 0
112 237 23 0
113 237 24 0
113 406 36 0
114 156 68 1
117 625 41 0
118 485 33 0
118 486 19 1
118 487 8 0
119 465 90 1
119 486 30 0
119 487 70 1
120 517 29 0
121 136 50 1
121 489 196 1
121 613 122 1
122 135 25 0
122 139 22 0
122 638 55 1
123 145 77 0
123 187 53 0
123 581 56 0
124 125 90 1
127 467 79 1
128 467 38 0
128 468 47 0
130 285 97 1
130 415 115 1
130 569 78 0
131 608 37 1
131 610 37 1
132 133 37 0
133 610 61 1
134 401 58 0
135 139 57 1
136 139 25 0
137 241 18 0
137 638 22 0
138 140 21 0
139 241 9 0
140 241 5 1
141 438 41 1
142 143 24 0
142 244 27 0
144 658 39 0
145 187 104 1
145 581 61 0
146 192 45 1
146 255 36 1
148 149 45 1
148 250 66 1
149 382 24 0
150 382 15 0
152 232 30 0
152 233 24 0
154 221 28 1
154 222 24 0
154 236 95 1
157 642 48 1
158 309 154 1
158 407 115 1
159 330 61 1
159 331 13 0
160 161 30 1
160 580 25 1
162 502 45 0
163 502 6 0
164 243 91 0
164 595 61 0
164 624 124 1
165 651 38 0
166 168 61 0
166 234 50 1
167 651 13 0
169 631 13 0
170 420 46 0
171 359 25 1
171 420 46 1
172 273 54 1
172 317 18 0
173 514 95 1
174 514 75 1
176 354 63 1
176 596 97 0
177 200 14 0
177 354 84 1
179 250 95 1
179 476 31 0
180 476 26 0
181 378 37 1
181 640 39 1
182 379 55 1
183 256 33 0
184 320 104 1
184 333 26 0
186 581 15 0
190 219 43 0
192 193 22 0
193 545 39 1
196 441 27 1
196 442 16 1
198 199 16 0
199 513 66 1
199 514 28 0
201 203 34 1
201 620 50 1
202 203 23 1
204 623 41 1
205 328 50 1
206 207 66 1
206 208 19 0
206 581 61 0
207 329 60 0
209 367 66 1
209 544 35 0
210 211 21 1
213 215 6 0
214 215 23 1
216 580 11 0
217 580 12 1
218 386 91 1
223 409 75 1
224 536 52 1
224 550 63 1
225 536 26 0
225 538 33 0
226 300 95 0
226 360 35 0
227 300 127 1
228 336 21 0
228 337 39 1
229 336 77 1
230 455 95 1
232 453 14 0
233 453 39 0
234 270 12 0
235 270 30 0
235 279 30 0
237 406 37 0
238 628 29 0
239 655 61 1
243 245 52 1
243 557 82 1
243 591 66 1
243 595 55 1
243 624 30 0
246 334 50 1
246 627 129 1
247 448 32 0
248 280 52 1
248 552 50 1
250 427 59 1
251 427 35 0
253 281 57 1
253 282 41 0
259 537 20 0
260 271 86 0
260 348 151 1
260 530 79 0
261 377 21 0
262 346 25 1
262 347 29 0
263 456 16 0
263 457 19 0
263 578 61 1
264 365 239 1
264 457 34 1
264 498 86 0
264 606 144 0
266 369 101 0
268 269 54 1
270 607 73 1
271 348 144 1
271 419 109 1
271 530 135 1
272 419 51 0
273 554 77 1
273 585 72 1
273 586 77 1
275 472 45 1
276 472 21 1
278 630 72 1
280 369 68 0
286 650 41 0
288 523 38 0
292 380 38 0
293 312 42 0
293 549 18 0
295 588 77 1
296 618 48 0
298 460 52 1
299 482 147 0
299 483 108 0
300 460 63 1
301 594 28 0
301 644 8 0
302 644 8 0
303 611 11 0
304 611 56 0
306 436 40 0
306 528 32 1
306 529 31 0
307 508 111 1
308 420 75 1
308 479 45 1
309 407 36 0
310 313 95 1
311 313 35 0
311 314 31 0
313 542 27 0
314 540 31 0
315 542 4 0
317 554 40 0
320 333 145 1
320 417 23 0
320 513 158 1
320 574 149 1
320 641 77 1
321 417 54 1
321 529 86 1
322 332 55 1
323 490 28 1
324 332 9 0
325 422 37 0
327 379 33 0
330 612 22 0
333 635 14 0
335 500 57 0
337 450 48 1
338 484 39 1
338 488 73 1
339 527 5 0
342 496 63 1
342 584 75 1
343 496 68 1
343 584 68 1
344 603 34 1
344 605 75 1
344 652 180 1
345 605 28 1
345 652 208 1
348 349 24 0
348 364 16 1
350 593 25 0
350 646 19 1
350 647 77 1
351 594 55 1
352 646 10 0
352 647 41 0
353 553 25 0
356 428 21 0
357 505 27 0
359 478 19 0
362 363 17 0
363 364 24 0
363 530 29 0
365 498 120 1
365 582 27 1
365 606 28 1
366 499 26 0
367 544 7 1
368 473 73 0
368 515 64 1
368 632 81 0
369 547 1 0
370 547 22 0
370 590 46 1
371 481 40 0
372 373 61 1
372 587 11 0
372 589 20 0
373 587 72 1
380 507 25 0
381 506 41 0
381 507 8 0
383 411 53 0
383 541 52 0
383 600 106 1
384 425 113 1
384 526 111 0
385 425 113 1
385 526 181 1
385 614 43 1
387 524 24 0
387 525 39 1
392 510 52 1
397 431 86 1
397 572 64 1
399 625 95 1
399 626 41 1
400 625 102 1
401 660 78 0
402 660 84 0
405 490 42 0
408 627 28 0
411 541 117 1
411 555 30 0
411 600 129 1
412 570 21 1
412 615 45 1
416 621 64 1
416 629 66 1
416 641 39 1
417 641 21 0
418 629 32 1
419 478 34 1
421 479 30 0
423 446 104 1
424 602 19 0
425 526 91 1
426 444 169 1
426 445 133 1
429 639 32 0
430 431 40 0
430 432 28 1
430 573 54 0
430 636 39 1
431 432 43 0
433 634 28 0
433 635 25 0
434 436 30 1
435 436 45 1
436 528 36 0
437 639 37 0
439 506 63 1
440 506 37 0
444 445 23 0
444 652 50 0
446 451 70 0
446 452 172 1
447 504 70 1
451 452 29 0
453 617 55 0
453 630 88 1
456 477 35 0
456 578 29 0
459 482 253 1
459 483 102 0
460 462 19 1
461 462 43 1
461 543 61 1
465 487 104 1
466 616 38 0
469 659 39 1
470 578 44 0
470 659 27 0
473 515 144 1
473 632 172 1
473 658 2 0
475 500 26 0
475 562 37 0
477 578 79 1
477 579 73 1
482 539 77 1
489 613 225 1
495 553 29 0
498 606 78 0
501 580 27 1
503 599 57 1
504 505 24 0
508 601 16 1
513 514 21 1
515 592 19 0
515 632 158 1
516 592 33 0
517 531 15 0
519 532 28 1
520 598 73 1
521 598 61 1
523 551 30 1
525 551 24 0
529 629 91 1
533 561 16 1
534 561 32 1
535 550 44 0
536 538 11 0
537 538 32 0
540 582 85 0
541 600 45 1
542 582 167 1
556 583 19 0
557 595 19 0
558 591 44 0
559 632 23 1
560 632 23 1
563 656 57 1
566 643 43 1
567 568 45 1
567 643 3 1
572 642 35 0
582 606 27 1
585 616 57 1
593 646 52 1
597 604 104 1
603 652 205 1
604 619 77 1
609 610 36 0
612 653 32 0
618 657 31 0
625 626 120 1
648 660 30 0

CENÁRIO 4
PROBABILIDADE: 515/2923 = 0.176189
QTD_ARESTAS_REQUERIDAS: 567
QTD_ARESTAS_NAO_REQUERIDAS: 633
1 2 52 1
1 3 14 0
1 4 13 0
1 5 7 0
1 6 59 1
7 8 35 0
7 9 33 0
7 10 11 0
11 12 73 1
11 13 3 0
14 15 41 0
14 16 66 1
17 18 46 1
19 20 44 0
19 21 84 1
22 23 59 1
22 24 113 1
25 26 4 0
27 28 13 0
27 29 37 1
27 30 25 0
31 32 57 1
33 34 37 1
35 36 40 0
35 37 27 1
35 38 59 1
39 40 23 0
41 42 19 0
43 44 70 1
45 46 16 0
47 48 37 0
47 49 45 1
47 50 57 0
51 52 21 1
53 54 40 0
53 55 117 1
56 57 58 0
56 58 18 1
56 59 59 0
60 61 22 0
60 62 19 1
60 63 28 0
64 65 17 0
64 66 14 0
67 68 19 1
69 70 59 1
69 71 45 1
69 72 23 0
73 74 19 1
73 75 21 0
76 77 48 0
78 79 13 0
78 80 54 1
78 81 28 1
82 83 90 1
82 84 43 0
82 85 41 0
86 87 30 1
86 88 8 0
86 89 27 1
90 91 93 1
92 93 29 0
92 94 22 0
65 95 38 0
96 97 35 0
96 98 11 0
96 99 29 0
100 101 22 0
100 102 34 0
103 104 16 0
91 105 95 1
91 106 47 0
107 108 41 1
107 109 32 0
110 111 18 1
112 113 25 0
112 114 63 1
115 116 47 0
52 115 61 1
8 117 30 0
8 9 10 0
8 63 24 0
118 119 61 1
118 120 28 0
121 122 30 0
123 124 18 0
123 125 46 0
108 126 16 0
108 109 30 0
127 128 28 0
127 129 24 0
127 130 108 1
131 132 18 1
131 133 61 1
131 134 30 0
135 136 27 1
122 137 24 0
137 138 22 0
137 139 37 1
137 140 20 0
141 142 45 0
141 143 54 1
144 145 64 1
54 146 32 0
54 55 56 0
147 148 36 1
147 149 14 0
13 147 21 0
147 150 39 1
79 151 57 1
105 152 51 0
152 153 40 0
154 155 10 0
154 156 34 0
6 157 36 0
113 158 79 1
159 160 21 0
159 161 36 1
162 163 73 1
162 164 50 1
165 166 19 0
165 167 73 1
165 168 95 1
122 136 11 0
28 169 18 1
94 170 73 1
170 171 37 0
29 172 26 0
173 174 53 0
173 175 25 0
176 177 45 0
176 178 27 0
179 180 77 1
181 182 37 1
181 183 27 0
184 185 23 1
186 187 28 1
188 189 5 0
188 190 46 1
111 191 48 1
191 192 28 1
191 193 26 0
194 195 70 1
194 196 6 0
194 197 88 1
174 198 41 1
174 199 45 1
200 201 19 0
200 202 13 0
200 203 9 1
101 204 39 1
205 206 52 1
205 207 22 0
205 208 37 1
209 210 33 0
209 211 63 1
212 213 32 1
212 214 33 0
212 215 21 0
216 217 11 0
216 218 16 0
23 219 122 1
220 221 25 1
220 222 19 1
220 223 77 1
224 225 59 1
226 227 25 0
18 226 32 1
228 229 60 0
228 230 93 1
228 231 31 0
232 233 27 0
153 232 11 0
234 235 19 0
236 237 43 1
238 239 8 0
238 240 43 1
38 145 86 1
2 6 19 1
2 104 59 1
138 241 39 1
242 243 37 0
242 244 34 0
242 245 35 0
246 247 84 1
248 249 28 1
250 251 4 0
252 253 8 0
252 254 15 0
252 255 57 1
256 257 27 0
256 258 21 0
93 259 24 0
260 261 52 0
260 262 52 0
263 264 7 0
249 265 13 0
265 266 54 1
40 267 63 1
267 268 77 1
267 269 32 0
166 270 66 1
271 272 19 1
273 274 45 1
3 275 37 1
275 276 25 1
277 278 90 1
277 279 45 0
167 277 72 1
249 280 57 1
266 280 37 0
281 282 27 1
281 283 88 1
281 284 31 0
117 285 18 0
9 117 70 1
126 286 61 1
287 288 32 0
289 290 55 1
289 291 14 1
289 292 33 0
289 293 72 1
294 295 86 1
294 296 100 1
26 189 8 0
213 297 21 0
213 214 32 1
298 299 30 1
298 300 42 0
301 302 23 1
303 304 111 1
303 305 44 0
306 307 106 1
308 309 45 0
310 311 99 1
310 312 47 0
313 314 26 0
313 315 25 0
48 257 25 1
316 317 57 1
128 129 64 1
318 319 57 1
320 321 73 1
322 323 40 0
322 324 41 1
87 88 24 0
325 326 45 0
325 327 31 0
207 328 8 0
319 328 21 0
328 329 104 1
330 331 41 1
74 332 18 0
74 75 39 1
185 333 30 0
247 334 31 0
61 335 13 0
97 210 70 1
97 211 32 0
336 337 64 1
231 336 66 1
336 338 28 0
339 340 32 1
339 341 63 1
253 284 38 0
253 254 16 0
132 134 37 1
342 343 19 1
344 345 61 1
346 347 37 1
346 348 41 1
346 349 7 1
350 351 46 1
350 352 17 0
15 353 34 1
178 354 86 1
36 355 57 1
356 357 46 0
142 356 28 0
261 358 28 1
359 360 46 1
361 362 31 0
361 363 19 0
361 364 27 1
365 366 21 0
367 368 37 0
369 370 22 0
371 372 75 1
371 373 41 0
374 375 70 1
374 376 40 0
358 377 21 1
378 379 30 0
182 378 4 0
380 381 31 0
382 383 20 0
384 385 67 0
124 386 36 0
387 388 22 0
57 59 10 1
389 390 29 0
391 392 12 0
391 393 55 1
391 394 52 0
391 395 68 1
391 396 66 1
185 397 48 0
185 398 57 1
399 400 6 0
401 402 37 1
403 404 37 0
323 403 33 0
403 405 66 1
406 407 43 0
408 409 11 0
133 410 37 0
150 411 28 0
18 227 35 0
166 235 29 0
412 413 15 0
414 415 33 0
416 417 34 0
416 418 28 0
362 375 36 0
362 376 47 0
229 231 91 1
419 420 28 0
419 421 7 1
379 422 41 1
327 422 23 1
304 423 27 1
304 305 30 0
304 424 63 1
425 426 21 0
148 427 36 1
334 428 61 1
177 201 9 0
429 430 46 1
429 431 29 0
429 432 18 0
433 434 41 1
433 435 15 0
433 436 63 1
404 437 26 0
438 439 72 1
438 440 66 1
441 442 23 1
443 444 8 0
443 445 28 1
32 446 39 0
447 448 22 0
366 449 25 0
450 451 54 1
450 452 29 0
453 454 44 0
153 453 4 0
373 455 50 1
264 456 39 1
456 457 22 0
458 459 52 1
458 460 16 1
458 461 19 0
458 462 34 1
291 463 84 1
293 463 41 0
463 464 45 0
376 465 108 1
214 297 10 1
297 466 48 1
215 297 30 1
129 467 46 1
467 468 20 0
469 470 44 0
469 471 28 1
3 472 24 0
3 5 23 1
3 276 16 0
473 474 41 0
392 475 35 0
392 393 37 0
392 396 34 0
476 477 35 0
420 478 28 1
420 479 50 1
420 421 45 1
357 428 84 1
299 459 18 0
480 481 55 1
480 482 55 1
480 483 37 1
46 484 36 1
46 338 38 0
485 486 45 1
485 487 40 0
484 488 86 1
489 490 23 1
491 492 77 1
12 491 18 0
472 493 45 1
195 196 42 0
195 494 113 1
195 495 35 0
496 497 41 1
66 496 46 1
498 499 27 0
129 500 59 1
218 501 14 0
386 501 45 0
116 163 72 1
116 502 64 1
503 504 32 0
503 505 95 1
464 503 45 1
506 507 35 0
508 509 27 0
475 510 36 1
197 511 43 0
511 512 25 0
494 511 57 0
175 513 38 0
175 514 31 0
515 516 26 0
517 518 25 0
517 519 50 1
520 521 41 0
520 522 36 0
197 494 30 0
523 524 28 0
523 525 21 0
95 497 35 0
143 244 17 0
148 251 40 0
12 526 86 1
340 341 22 0
340 527 34 1
528 529 33 0
348 530 57 1
518 531 36 1
519 531 16 0
531 532 20 0
533 534 10 0
535 536 28 0
535 537 59 1
535 538 43 1
481 482 75 1
481 539 22 0
540 541 44 0
540 542 9 0
295 543 33 0
341 534 59 1
278 454 44 0
368 544 72 1
160 217 19 1
161 217 27 0
421 478 32 1
171 478 27 0
192 545 30 1
221 222 12 0
155 221 16 1
546 547 73 1
423 424 22 0
341 527 33 0
37 355 28 0
444 548 39 1
290 549 32 0
312 549 44 0
214 466 57 1
536 550 49 0
146 545 16 1
255 545 48 1
239 240 46 1
524 551 50 1
524 525 14 1
388 524 45 0
353 552 55 1
552 553 61 1
395 554 39 1
449 499 22 0
499 555 34 0
323 405 29 0
85 556 41 0
460 461 41 1
512 557 52 0
326 512 100 1
512 558 43 0
559 560 19 1
559 561 82 1
510 562 21 0
563 564 45 1
284 563 52 1
55 563 59 0
563 565 32 0
396 510 36 0
290 292 50 1
290 293 39 0
49 50 56 0
149 150 11 0
566 567 45 1
566 568 4 0
415 569 45 1
42 569 54 1
282 413 38 0
413 570 27 1
413 571 61 1
572 573 60 0
398 572 90 1
357 504 68 1
393 395 40 0
393 396 27 0
513 574 54 1
177 203 16 0
180 385 72 1
516 575 52 1
434 435 37 1
576 577 33 0
578 579 36 0
431 573 60 0
218 580 23 1
187 581 9 1
292 582 48 1
85 583 24 0
584 585 48 1
584 586 20 0
274 584 8 0
587 588 79 1
587 589 25 1
34 587 34 0
353 590 14 1
394 468 23 1
557 591 30 1
50 258 90 1
183 258 68 1
37 592 22 0
593 594 37 1
351 593 12 0
326 558 43 1
591 595 39 1
596 597 73 0
178 596 74 0
71 575 70 1
575 598 29 0
80 599 22 0
80 464 36 0
400 600 79 1
282 283 86 1
601 602 46 1
603 604 68 1
603 605 55 0
292 606 30 0
410 607 64 1
608 609 38 0
608 610 10 0
305 611 61 1
331 612 14 0
594 613 29 0
180 614 38 0
553 590 26 0
189 615 19 0
585 586 14 1
586 616 59 1
274 586 22 0
449 555 50 1
617 618 34 0
597 619 32 1
619 620 37 0
283 577 75 1
321 418 63 1
418 621 28 0
622 623 20 0
245 624 7 0
311 625 46 0
10 625 75 1
105 233 120 1
400 626 27 0
409 627 68 1
230 231 45 1
240 628 16 0
321 629 22 0
454 630 8 0
20 415 61 1
20 312 39 1
155 156 35 0
120 487 23 0
30 631 29 0
388 525 43 0
329 632 56 0
9 633 18 0
255 564 72 1
106 577 68 1
588 589 33 0
634 635 37 1
398 634 28 0
262 349 23 1
432 636 32 1
5 637 55 1
560 561 46 0
514 574 68 1
439 440 4 0
509 529 47 0
307 509 113 1
613 638 64 1
432 639 36 0
548 623 41 0
604 620 26 0
183 640 32 0
321 641 73 1
398 642 90 1
207 319 27 0
207 208 34 1
539 628 50 1
63 285 48 0
568 643 43 1
567 644 32 0
302 567 26 0
4 645 38 0
646 647 84 1
223 648 36 0
648 649 12 1
81 532 39 1
21 599 36 0
464 599 19 0
109 650 88 1
109 286 32 1
300 462 52 1
167 279 12 0
279 651 19 0
548 652 43 0
161 653 48 1
276 493 48 1
654 655 19 1
24 233 58 0
153 233 37 0
565 656 1 1
570 571 26 0
296 657 39 1
474 658 73 1
329 474 16 0
235 651 27 1
471 659 41 1
375 376 30 1
649 660 50 1
398 635 68 1
21 464 70 1
150 383 33 0
38 658 28 0
223 661 47 0
23 24 32 0
571 662 32 1
2 103 35 0
2 637 18 0
3 4 16 0
4 5 19 0
4 67 36 0
4 68 36 0
6 104 34 0
7 625 72 1
8 285 43 0
9 63 28 0
10 287 45 1
11 491 25 0
12 492 88 1
14 370 68 1
15 553 16 1
15 590 18 0
16 51 147 1
16 52 92 0
16 115 180 1
16 546 70 1
17 226 18 0
17 360 64 1
18 360 19 0
19 414 16 0
20 414 64 1
21 80 41 1
22 168 82 1
24 454 109 1
25 189 19 1
25 269 59 1
25 615 18 0
26 44 66 1
26 188 8 0
26 615 34 1
27 169 9 1
27 631 18 1
28 29 19 0
28 172 18 0
28 317 32 0
29 30 17 0
29 316 26 0
29 317 52 1
30 316 55 1
31 654 7 0
31 655 17 0
32 654 34 0
33 576 27 0
34 230 142 1
34 455 42 0
34 576 84 1
35 355 27 1
36 37 41 0
38 144 54 1
39 267 27 1
40 662 43 1
41 119 72 1
41 374 36 0
42 130 104 0
43 219 80 0
43 268 43 0
44 188 59 1
44 189 66 1
44 190 55 1
44 219 108 1
45 484 31 0
45 656 140 1
46 488 81 1
47 258 27 0
47 471 22 0
48 659 53 0
49 469 25 1
49 471 5 0
49 659 46 1
51 115 66 1
51 661 73 1
52 661 61 1
54 545 34 0
55 564 41 0
56 79 45 0
57 114 35 0
58 79 37 0
58 151 6 0
59 114 38 0
60 335 46 1
61 62 26 0
61 500 122 1
61 562 50 0
62 521 181 1
62 562 64 0
63 633 70 1
64 496 35 0
65 66 52 1
66 95 61 1
66 497 13 0
67 645 5 0
68 645 7 0
69 522 64 1
70 493 28 0
70 522 29 0
71 72 70 1
72 653 23 0
73 389 21 0
73 390 48 0
74 389 52 1
74 390 56 0
75 84 66 0
75 121 174 1
75 489 111 1
75 613 203 1
76 404 27 0
76 437 5 1
76 639 70 1
78 518 16 1
79 81 28 1
79 447 54 0
79 448 62 0
79 518 30 1
81 518 18 1
83 84 14 0
83 556 45 0
83 583 33 0
84 121 203 1
84 489 78 0
84 613 129 0
87 89 10 1
87 125 62 0
88 643 82 1
90 106 23 1
90 576 41 0
90 577 39 0
91 294 102 1
92 538 40 0
93 94 21 1
93 537 30 0
94 537 73 1
97 209 54 1
98 99 33 0
98 551 57 1
99 288 45 1
100 204 50 1
100 623 19 0
101 623 59 1
102 108 84 1
102 622 18 0
103 637 33 0
104 157 63 1
107 126 14 0
109 126 20 0
110 191 19 0
110 192 18 0
111 254 52 1
112 236 28 0
112 237 23 0
113 237 43 1
113 406 36 0
114 156 38 0
117 625 73 1
118 485 33 0
118 486 11 0
118 487 8 0
119 465 50 0
119 486 30 0
119 487 70 1
120 517 52 1
121 136 28 0
121 489 196 1
121 613 68 0
122 135 25 0
122 139 39 1
122 638 55 1
123 145 77 0
123 187 53 0
123 581 100 1
124 125 50 0
127 467 44 0
128 467 38 0
128 468 47 0
130 285 54 0
130 415 115 1
130 569 140 1
131 608 37 1
131 610 37 1
132 133 37 0
133 610 61 1
134 401 58 0
135 139 57 1
136 139 25 0
137 241 18 0
137 638 39 1
138 140 37 1
139 241 9 0
140 241 3 0
141 438 41 1
142 143 43 1
142 244 48 1
144 658 70 1
145 187 58 0
145 581 109 1
146 192 25 0
146 255 20 0
148 149 45 1
148 250 66 1
149 382 43 1
150 382 27 1
152 232 30 0
152 233 43 1
154 221 28 1
154 222 24 0
154 236 95 1
157 642 27 0
158 309 154 1
158 407 115 1
159 330 34 0
159 331 23 1
160 161 17 0
160 580 14 0
162 502 45 0
163 502 6 0
164 243 91 0
164 595 109 1
164 624 69 0
165 651 68 1
166 168 109 1
166 234 28 0
167 651 23 1
169 631 23 1
170 420 46 0
171 359 25 1
171 420 26 0
172 273 30 0
172 317 18 0
173 514 53 0
174 514 75 1
176 354 63 1
176 596 174 1
177 200 14 0
177 354 84 1
179 250 95 1
179 476 55 1
180 476 46 1
181 378 21 0
181 640 39 1
182 379 31 0
183 256 33 0
184 320 58 0
184 333 26 0
186 581 15 0
190 219 43 0
192 193 39 1
193 545 22 0
196 441 15 0
196 442 16 1
198 199 28 1
199 513 66 1
199 514 28 0
201 203 34 1
201 620 50 1
202 203 23 1
204 623 41 1
205 328 50 1
206 207 37 0
206 208 34 1
206 581 109 1
207 329 60 0
209 367 37 0
209 544 63 1
210 211 12 0
213 215 10 1
214 215 13 0
216 580 11 0
217 580 7 0
218 386 91 1
223 409 42 0
224 536 52 1
224 550 63 1
225 536 26 0
225 538 33 0
226 300 95 0
226 360 63 1
227 300 71 0
228 336 37 1
228 337 22 0
229 336 43 0
230 455 53 0
232 453 14 0
233 453 70 1
234 270 12 0
235 270 30 0
235 279 30 0
237 406 66 1
238 628 29 0
239 655 61 1
243 245 29 0
243 557 82 1
243 591 66 1
243 595 55 1
243 624 30 0
246 334 50 1
246 627 129 1
247 448 32 0
248 280 29 0
248 552 50 1
250 427 33 0
251 427 35 0
253 281 32 0
253 282 73 1
259 537 20 0
260 271 86 0
260 348 151 1
260 530 142 1
261 377 21 0
262 346 25 1
262 347 29 0
263 456 16 0
263 457 19 0
263 578 34 0
264 365 133 0
264 457 19 0
264 498 86 0
264 606 259 1
266 369 181 1
268 269 54 1
270 607 41 0
271 348 80 0
271 419 109 1
271 530 75 0
272 419 91 1
273 554 77 1
273 585 40 0
273 586 43 0
275 472 25 0
276 472 12 0
278 630 40 0
280 369 68 0
286 650 73 1
288 523 38 0
292 380 38 0
293 312 42 0
293 549 32 1
295 588 77 1
296 618 48 0
298 460 29 0
299 482 147 0
299 483 108 0
300 460 63 1
301 594 50 1
301 644 8 0
302 644 14 1
303 611 11 0
304 611 100 1
306 436 40 0
306 528 32 1
306 529 31 0
307 508 62 0
308 420 42 0
308 479 25 0
309 407 36 0
310 313 95 1
311 313 63 1
311 314 31 0
313 542 27 0
314 540 55 1
315 542 7 1
317 554 40 0
320 333 145 1
320 417 41 1
320 513 158 1
320 574 83 0
320 641 77 1
321 417 30 0
321 529 86 1
322 332 31 0
323 490 16 0
324 332 9 0
325 422 66 1
327 379 59 1
330 612 22 0
333 635 14 0
335 500 102 1
337 450 27 0
338 484 39 1
338 488 73 1
339 527 9 1
342 496 35 0
342 584 42 0
343 496 68 1
343 584 68 1
344 603 19 0
344 605 75 1
344 652 100 0
345 605 28 1
345 652 208 1
348 349 24 0
348 364 16 1
350 593 25 0
350 646 19 1
350 647 43 0
351 594 31 0
352 646 10 0
352 647 41 0
353 553 45 1
356 428 37 1
357 505 27 0
359 478 19 0
362 363 17 0
363 364 24 0
363 530 52 1
365 498 67 0
365 582 15 0
365 606 28 1
366 499 26 0
367 544 7 1
368 473 73 0
368 515 64 1
368 632 81 0
369 547 1 0
370 547 22 0
370 590 26 0
371 481 40 0
372 373 34 0
372 587 19 1
372 589 36 1
373 587 40 0
380 507 45 1
381 506 41 0
381 507 14 1
383 411 95 1
383 541 93 1
383 600 59 0
384 425 113 1
384 526 199 1
385 425 113 1
385 526 101 0
385 614 24 0
387 524 43 1
387 525 39 1
392 510 29 0
397 431 48 0
397 572 64 1
399 625 53 0
399 626 23 0
400 625 102 1
401 660 140 1
402 660 151 1
405 490 42 0
408 627 50 1
411 541 117 1
411 555 30 0
411 600 72 0
412 570 21 1
412 615 25 0
416 621 64 1
416 629 37 0
416 641 39 1
417 641 37 1
418 629 32 1
419 478 34 1
421 479 54 1
423 446 58 0
424 602 19 0
425 526 91 1
426 444 94 0
426 445 74 0
429 639 32 0
430 431 40 0
430 432 16 0
430 573 54 0
430 636 22 0
431 432 77 1
433 634 28 0
433 635 45 1
434 436 30 1
435 436 25 0
436 528 64 1
437 639 66 1
439 506 63 1
440 506 66 1
444 445 41 1
444 652 50 0
446 451 126 1
446 452 172 1
447 504 70 1
451 452 29 0
453 617 99 1
453 630 88 1
456 477 35 0
456 578 29 0
459 482 253 1
459 483 102 0
460 462 11 0
461 462 24 0
461 543 61 1
465 487 58 0
466 616 38 0
469 659 22 0
470 578 79 1
470 659 48 1
473 515 144 1
473 632 96 0
473 658 3 1
475 500 26 0
475 562 66 1
477 578 79 1
477 579 73 1
482 539 43 0
489 613 125 0
495 553 52 1
498 606 140 1
501 580 15 0
503 599 32 0
504 505 43 1
508 601 9 0
513 514 12 0
515 592 34 1
515 632 88 0
516 592 33 0
517 531 15 0
519 532 28 1
520 598 41 0
521 598 34 0
523 551 30 1
525 551 43 1
529 629 91 1
533 561 9 0
534 561 18 0
535 550 79 1
536 538 19 1
537 538 57 1
540 582 153 1
541 600 45 1
542 582 93 0
556 583 19 0
557 595 19 0
558 591 44 0
559 632 23 1
560 632 13 0
563 656 32 0
566 643 24 0
567 568 45 1
567 643 3 1
572 642 63 1
582 606 27 1
585 616 32 0
593 646 52 1
597 604 58 0
603 652 205 1
604 619 77 1
609 610 36 0
612 653 32 0
618 657 31 0
625 626 67 0
648 660 30 0

CENÁRIO 5
PROBABILIDADE: 958/2923 = 0.327745
QTD_ARESTAS_REQUERIDAS: 593
QTD_ARESTAS_NAO_REQUERIDAS: 607
1 2 29 0
1 3 14 0
1 4 23 1
1 5 7 0
1 6 59 1
7 8 35 0
7 9 59 1
7 10 11 0
11 12 73 1
11 13 5 1
14 15 41 0
14 16 37 0
17 18 46 1
19 20 79 1
19 21 84 1
22 23 59 1
22 24 113 1
25 26 7 1
27 28 23 1
27 29 37 1
27 30 45 1
31 32 32 0
33 34 37 1
35 36 40 0
35 37 27 1
35 38 59 1
39 40 41 1
41 42 34 1
43 44 39 0
45 46 16 0
47 48 37 0
47 49 25 0
47 50 57 0
51 52 21 1
53 54 72 1
53 55 65 0
56 57 104 1
56 58 10 0
56 59 59 0
60 61 39 1
60 62 19 1
60 63 28 0
64 65 30 1
64 66 25 1
67 68 11 0
69 70 33 0
69 71 45 1
69 72 41 1
73 74 11 0
73 75 37 1
76 77 48 0
78 79 23 1
78 80 54 1
78 81 28 1
82 83 90 1
82 84 43 0
82 85 73 1
86 87 30 1
86 88 14 1
86 89 27 1
90 91 93 1
92 93 29 0
92 94 39 1
65 95 38 0
96 97 35 0
96 98 11 0
96 99 52 1
100 101 22 0
100 102 34 0
103 104 16 0
91 105 53 0
91 106 47 0
107 108 41 1
107 109 57 1
110 111 18 1
112 113 25 0
112 114 35 0
115 116 47 0
52 115 61 1
8 117 30 0
8 9 18 1
8 63 24 0
118 119 34 0
118 120 50 1
121 122 54 1
123 124 18 0
123 125 46 0
108 126 16 0
108 109 54 1
127 128 50 1
127 129 43 1
127 130 60 0
131 132 10 0
131 133 34 0
131 134 54 1
135 136 15 0
122 137 43 1
137 138 22 0
137 139 21 0
137 140 36 1
141 142 81 1
141 143 30 0
144 145 36 0
54 146 32 0
54 55 100 1
147 148 20 0
147 149 14 0
13 147 37 1
147 150 22 0
79 151 32 0
105 152 51 0
152 153 40 0
154 155 10 0
154 156 34 0
6 157 64 1
113 158 44 0
159 160 37 1
159 161 20 0
162 163 41 0
162 164 50 1
165 166 34 1
165 167 73 1
165 168 95 1
122 136 11 0
28 169 10 0
94 170 41 0
170 171 66 1
29 172 26 0
173 174 53 0
173 175 25 0
176 177 45 0
176 178 27 0
179 180 77 1
181 182 37 1
181 183 48 1
184 185 23 1
186 187 16 0
188 189 5 0
188 190 46 1
111 191 27 0
191 192 16 0
191 193 46 1
194 195 70 1
194 196 10 1
194 197 88 1
174 198 23 0
174 199 45 1
200 201 19 0
200 202 23 1
200 203 9 1
101 204 22 0
205 206 29 0
205 207 22 0
205 208 21 0
209 210 33 0
209 211 35 0
212 213 32 1
212 214 59 1
212 215 21 0
216 217 19 1
216 218 28 1
23 219 122 1
220 221 25 1
220 222 19 1
220 223 43 0
224 225 33 0
226 227 45 1
18 226 18 0
228 229 108 1
228 230 52 0
228 231 55 1
232 233 27 0
153 232 19 1
234 235 19 0
236 237 24 0
238 239 14 1
238 240 43 1
38 145 86 1
2 6 11 0
2 104 59 1
138 241 22 0
242 243 66 1
242 244 34 0
242 245 35 0
246 247 84 1
248 249 28 1
250 251 7 1
252 253 8 0
252 254 27 1
252 255 57 1
256 257 48 1
256 258 37 1
93 259 24 0
260 261 93 1
260 262 52 0
263 264 12 1
249 265 23 1
265 266 30 0
40 267 35 0
267 268 77 1
267 269 57 1
166 270 66 1
271 272 19 1
273 274 25 0
3 275 37 1
275 276 25 1
277 278 50 0
277 279 45 0
167 277 72 1
249 280 57 1
266 280 66 1
281 282 27 1
281 283 88 1
281 284 55 1
117 285 32 1
9 117 70 1
126 286 61 1
287 288 32 0
289 290 55 1
289 291 14 1
289 292 59 1
289 293 72 1
294 295 48 0
294 296 100 1
26 189 8 0
213 297 37 1
213 214 32 1
298 299 17 0
298 300 42 0
301 302 13 0
303 304 111 1
303 305 44 0
306 307 106 1
308 309 81 1
310 311 55 0
310 312 84 1
313 314 26 0
313 315 25 0
48 257 25 1
316 317 57 1
128 129 64 1
318 319 32 0
320 321 41 0
322 323 72 1
322 324 23 0
87 88 24 0
325 326 81 1
325 327 55 1
207 328 8 0
319 328 21 0
328 329 58 0
330 331 41 1
74 332 32 1
74 75 39 1
185 333 30 0
247 334 31 0
61 335 23 1
97 210 70 1
97 211 57 1
336 337 64 1
231 336 37 0
336 338 50 1
339 340 32 1
339 341 35 0
253 284 68 1
253 254 28 1
132 134 21 0
342 343 11 0
344 345 34 0
346 347 37 1
346 348 41 1
346 349 4 0
350 351 26 0
350 352 17 0
15 353 34 1
178 354 86 1
36 355 57 1
356 357 82 1
142 356 28 0
261 358 16 0
359 360 26 0
361 362 55 1
361 363 19 0
361 364 27 1
365 366 37 1
367 368 37 0
369 370 22 0
371 372 75 1
371 373 73 1
374 375 39 0
374 376 40 0
358 377 12 0
378 379 54 1
182 378 4 0
380 381 31 0
382 383 36 1
384 385 120 1
124 386 36 0
387 388 22 0
57 59 10 1
389 390 29 0
391 392 21 1
391 393 55 1
391 394 93 1
391 395 68 1
391 396 37 0
185 397 48 0
185 398 57 1
399 400 6 0
401 402 21 0
403 404 37 0
323 403 33 0
403 405 37 0
406 407 43 0
408 409 19 1
133 410 66 1
150 411 50 1
18 227 35 0
166 235 29 0
412 413 27 1
414 415 33 0
416 417 34 0
416 418 28 0
362 375 36 0
362 376 84 1
229 231 91 1
419 420 50 1
419 421 4 0
379 422 23 0
327 422 13 0
304 423 15 0
304 305 30 0
304 424 63 1
425 426 21 0
148 427 36 1
334 428 61 1
177 201 16 1
429 430 46 1
429 431 29 0
429 432 18 0
433 434 23 0
433 435 15 0
433 436 35 0
404 437 26 0
438 439 72 1
438 440 66 1
441 442 13 0
443 444 14 1
443 445 28 1
32 446 70 1
447 448 22 0
366 449 25 0
450 451 54 1
450 452 52 1
453 454 44 0
153 453 4 0
373 455 28 0
264 456 22 0
456 457 22 0
458 459 52 1
458 460 16 1
458 461 34 1
458 462 34 1
291 463 84 1
293 463 41 0
463 464 45 0
376 465 60 0
214 297 6 0
297 466 48 1
215 297 17 0
129 467 26 0
467 468 36 1
469 470 79 1
469 471 28 1
3 472 43 1
3 5 13 0
3 276 16 0
473 474 41 0
392 475 63 1
392 393 37 0
392 396 34 0
476 477 35 0
420 478 28 1
420 479 50 1
420 421 45 1
357 428 84 1
299 459 32 1
480 481 31 0
480 482 55 1
480 483 21 0
46 484 20 0
46 338 68 1
485 486 25 0
485 487 40 0
484 488 86 1
489 490 23 1
491 492 77 1
12 491 18 0
472 493 45 1
195 196 42 0
195 494 63 0
195 495 35 0
496 497 23 0
66 496 46 1
498 499 48 1
129 500 33 0
218 501 25 1
386 501 45 0
116 163 40 0
116 502 64 1
503 504 57 1
503 505 53 0
464 503 25 0
506 507 35 0
508 509 48 1
475 510 36 1
197 511 43 0
511 512 45 1
494 511 57 0
175 513 38 0
175 514 55 1
515 516 46 1
517 518 45 1
517 519 50 1
520 521 73 1
520 522 36 0
197 494 30 0
523 524 28 0
523 525 21 0
95 497 35 0
143 244 30 1
148 251 40 0
12 526 86 1
340 341 22 0
340 527 19 0
528 529 33 0
348 530 57 1
518 531 20 0
519 531 28 1
531 532 20 0
533 534 18 1
535 536 50 1
535 537 59 1
535 538 24 0
481 482 75 1
481 539 22 0
540 541 79 1
540 542 9 0
295 543 59 1
341 534 33 0
278 454 79 1
368 544 72 1
160 217 19 1
161 217 48 1
421 478 32 1
171 478 27 0
192 545 17 0
221 222 12 0
155 221 9 0
546 547 41 0
423 424 39 1
341 527 33 0
37 355 50 1
444 548 22 0
290 549 32 0
312 549 79 1
214 466 32 0
536 550 49 0
146 545 9 0
255 545 48 1
239 240 46 1
524 551 28 0
524 525 14 1
388 524 45 0
353 552 55 1
552 553 61 1
395 554 39 1
449 499 22 0
499 555 61 1
323 405 52 1
85 556 41 0
460 461 41 1
512 557 52 0
326 512 100 1
512 558 77 1
559 560 19 1
559 561 46 0
510 562 37 1
563 564 25 0
284 563 29 0
55 563 106 1
563 565 57 1
396 510 64 1
290 292 28 0
290 293 70 1
49 50 56 0
149 150 19 1
566 567 25 0
566 568 7 1
415 569 25 0
42 569 54 1
282 413 38 0
413 570 27 1
413 571 61 1
572 573 60 0
398 572 90 1
357 504 68 1
393 395 72 1
393 396 27 0
513 574 30 0
177 203 28 1
180 385 40 0
516 575 52 1
434 435 21 0
576 577 33 0
578 579 64 1
431 573 60 0
218 580 13 0
187 581 9 1
292 582 27 0
85 583 24 0
584 585 48 1
584 586 36 1
274 584 14 1
587 588 44 0
587 589 25 1
34 587 61 1
353 590 8 0
394 468 13 0
557 591 17 0
50 258 50 0
183 258 38 0
37 592 39 1
593 594 21 0
351 593 12 0
326 558 24 0
591 595 22 0
596 597 131 1
178 596 133 1
71 575 70 1
575 598 29 0
80 599 22 0
80 464 36 0
400 600 44 0
282 283 86 1
601 602 46 1
603 604 38 0
603 605 55 0
292 606 30 0
410 607 64 1
608 609 68 1
608 610 10 0
305 611 34 0
331 612 14 0
594 613 29 0
180 614 68 1
553 590 46 1
189 615 34 1
585 586 8 0
586 616 59 1
274 586 22 0
449 555 50 1
617 618 61 1
597 619 18 0
619 620 37 0
283 577 42 0
321 418 35 0
418 621 28 0
622 623 36 1
245 624 12 1
311 625 46 0
10 625 75 1
105 233 67 0
400 626 27 0
409 627 38 0
230 231 25 0
240 628 28 1
321 629 22 0
454 630 8 0
20 415 61 1
20 312 22 0
155 156 63 1
120 487 23 0
30 631 52 1
388 525 43 0
329 632 56 0
9 633 32 1
255 564 40 0
106 577 68 1
588 589 33 0
634 635 21 0
398 634 50 1
262 349 23 1
432 636 32 1
5 637 55 1
560 561 82 1
514 574 38 0
439 440 7 1
509 529 84 1
307 509 63 0
613 638 64 1
432 639 64 1
548 623 41 0
604 620 26 0
183 640 32 0
321 641 73 1
398 642 50 0
207 319 48 1
207 208 19 0
539 628 50 1
63 285 86 1
568 643 24 0
567 644 32 0
302 567 46 1
4 645 38 0
646 647 84 1
223 648 36 0
648 649 12 1
81 532 22 0
21 599 64 1
464 599 19 0
109 650 49 0
109 286 18 0
300 462 52 1
167 279 21 1
279 651 19 0
548 652 77 1
161 653 27 0
276 493 27 0
654 655 19 1
24 233 58 0
153 233 37 0
565 656 1 0
570 571 46 1
296 657 39 1
474 658 41 0
329 474 16 0
235 651 27 1
471 659 23 0
375 376 17 0
649 660 28 0
398 635 68 1
21 464 39 0
150 383 59 1
38 658 50 1
223 661 84 1
23 24 57 1
571 662 32 1
2 103 63 1
2 637 32 1
3 4 16 0
4 5 19 0
4 67 36 0
4 68 36 0
6 104 61 1
7 625 72 1
8 285 43 0
9 63 28 0
10 287 45 1
11 491 25 0
12 492 88 1
14 370 38 0
15 553 16 1
15 590 18 0
16 51 82 0
16 52 165 1
16 115 180 1
16 546 39 0
17 226 18 0
17 360 64 1
18 360 19 0
19 414 16 0
20 414 64 1
21 80 41 1
22 168 46 0
24 454 109 1
25 189 19 1
25 269 33 0
25 615 32 1
26 44 66 1
26 188 8 0
26 615 34 1
27 169 9 1
27 631 18 1
28 29 34 1
28 172 32 1
28 317 57 1
29 30 30 1
29 316 46 1
29 317 52 1
30 316 55 1
31 654 7 0
31 655 17 0
32 654 61 1
33 576 48 1
34 230 142 1
34 455 75 1
34 576 84 1
35 355 15 0
36 37 41 0
38 144 30 0
39 267 15 0
40 662 24 0
41 119 40 0
41 374 64 1
42 130 104 0
43 219 144 1
43 268 43 0
44 188 33 0
44 189 66 1
44 190 55 1
44 219 108 1
45 484 31 0
45 656 140 1
46 488 45 0
47 258 48 1
47 471 22 0
48 659 53 0
49 469 25 1
49 471 5 0
49 659 26 0
51 115 66 1
51 661 41 0
52 661 61 1
54 545 61 1
55 564 73 1
56 79 45 0
57 114 35 0
58 79 66 1
58 151 6 0
59 114 68 1
60 335 26 0
61 62 46 1
61 500 68 0
61 562 50 0
62 521 181 1
62 562 115 1
63 633 70 1
64 496 35 0
65 66 29 0
66 95 61 1
66 497 13 0
67 645 9 1
68 645 12 1
69 522 36 0
70 493 28 0
70 522 29 0
71 72 39 0
72 653 23 0
73 389 37 1
73 390 86 1
74 389 29 0
74 390 56 0
75 84 118 1
75 121 174 1
75 489 62 0
75 613 203 1
76 404 27 0
76 437 5 1
76 639 39 0
78 518 16 1
79 81 28 1
79 447 97 1
79 448 111 1
79 518 30 1
81 518 18 1
83 84 25 1
83 556 81 1
83 583 59 1
84 121 203 1
84 489 140 1
84 613 129 0
87 89 10 1
87 125 111 1
88 643 46 0
90 106 13 0
90 576 41 0
90 577 39 0
91 294 57 0
92 538 40 0
93 94 21 1
93 537 30 0
94 537 73 1
97 209 30 0
98 99 33 0
98 551 32 0
99 288 45 1
100 204 28 0
100 623 19 0
101 623 59 1
102 108 84 1
102 622 18 0
103 637 33 0
104 157 63 1
107 126 25 1
109 126 20 0
110 191 34 1
110 192 18 0
111 254 29 0
112 236 28 0
112 237 41 1
113 237 43 1
113 406 36 0
114 156 38 0
117 625 41 0
118 485 33 0
118 486 19 1
118 487 14 1
119 465 90 1
119 486 54 1
119 487 70 1
120 517 52 1
121 136 28 0
121 489 109 0
121 613 68 0
122 135 25 0
122 139 39 1
122 638 31 0
123 145 138 1
123 187 95 1
123 581 56 0
124 125 90 1
127 467 44 0
128 467 68 1
128 468 84 1
130 285 97 1
130 415 64 0
130 569 78 0
131 608 21 0
131 610 21 0
132 133 37 0
133 610 34 0
134 401 58 0
135 139 57 1
136 139 45 1
137 241 32 1
137 638 22 0
138 140 21 0
139 241 16 1
140 241 3 0
141 438 23 0
142 143 24 0
142 244 48 1
144 658 70 1
145 187 104 1
145 581 109 1
146 192 45 1
146 255 36 1
148 149 45 1
148 250 37 0
149 382 24 0
150 382 15 0
152 232 30 0
152 233 24 0
154 221 16 0
154 222 43 1
154 236 95 1
157 642 27 0
158 309 154 1
158 407 64 0
159 330 34 0
159 331 23 1
160 161 30 1
160 580 25 1
162 502 45 0
163 502 6 0
164 243 163 1
164 595 109 1
164 624 69 0
165 651 38 0
166 168 109 1
166 234 50 1
167 651 23 1
169 631 13 0
170 420 82 1
171 359 25 1
171 420 26 0
172 273 30 0
172 317 18 0
173 514 95 1
174 514 42 0
176 354 35 0
176 596 97 0
177 200 14 0
177 354 84 1
179 250 95 1
179 476 55 1
180 476 46 1
181 378 21 0
181 640 39 1
182 379 31 0
183 256 59 1
184 320 58 0
184 333 46 1
186 581 15 0
190 219 43 0
192 193 22 0
193 545 39 1
196 441 15 0
196 442 16 1
198 199 16 0
199 513 37 0
199 514 50 1
201 203 34 1
201 620 50 1
202 203 13 0
204 623 23 0
205 328 50 1
206 207 66 1
206 208 19 0
206 581 61 0
207 329 60 0
209 367 66 1
209 544 63 1
210 211 21 1
213 215 6 0
214 215 13 0
216 580 11 0
217 580 12 1
218 386 91 1
223 409 75 1
224 536 52 1
224 550 63 1
225 536 26 0
225 538 33 0
226 300 171 1
226 360 35 0
227 300 127 1
228 336 21 0
228 337 22 0
229 336 77 1
230 455 53 0
232 453 25 1
233 453 70 1
234 270 12 0
235 270 54 1
235 279 54 1
237 406 37 0
238 628 29 0
239 655 61 1
243 245 29 0
243 557 46 0
243 591 66 1
243 595 55 1
243 624 54 1
246 334 28 0
246 627 129 1
247 448 32 0
248 280 29 0
248 552 28 0
250 427 33 0
251 427 35 0
253 281 32 0
253 282 41 0
259 537 36 1
260 271 86 0
260 348 151 1
260 530 79 0
261 377 37 1
262 346 14 0
262 347 29 0
263 456 16 0
263 457 19 0
263 578 34 0
264 365 239 1
264 457 19 0
264 498 86 0
264 606 144 0
266 369 101 0
268 269 30 0
270 607 41 0
271 348 144 1
271 419 61 0
271 530 75 0
272 419 91 1
273 554 43 0
273 585 72 1
273 586 77 1
275 472 45 1
276 472 12 0
278 630 40 0
280 369 122 1
286 650 73 1
288 523 68 1
292 380 68 1
293 312 75 1
293 549 18 0
295 588 77 1
296 618 86 1
298 460 29 0
299 482 147 0
299 483 108 0
300 460 63 1
301 594 28 0
301 644 14 1
302 644 14 1
303 611 11 0
304 611 56 0
306 436 40 0
306 528 32 1
306 529 31 0
307 508 111 1
308 420 42 0
308 479 25 0
309 407 64 1
310 313 95 1
311 313 35 0
311 314 31 0
313 542 48 1
314 540 31 0
315 542 4 0
317 554 72 1
320 333 81 0
320 417 41 1
320 513 88 0
320 574 149 1
320 641 77 1
321 417 30 0
321 529 48 0
322 332 31 0
323 490 28 1
324 332 16 1
325 422 37 0
327 379 59 1
330 612 22 0
333 635 25 1
335 500 57 0
337 450 48 1
338 484 39 1
338 488 41 0
339 527 9 1
342 496 63 1
342 584 42 0
343 496 38 0
343 584 38 0
344 603 19 0
344 605 75 1
344 652 180 1
345 605 16 0
345 652 208 1
348 349 43 1
348 364 16 1
350 593 45 1
350 646 19 1
350 647 77 1
351 594 31 0
352 646 10 0
352 647 73 1
353 553 45 1
356 428 37 1
357 505 27 0
359 478 19 0
362 363 30 1
363 364 43 1
363 530 29 0
365 498 67 0
365 582 27 1
365 606 16 0
366 499 26 0
367 544 4 0
368 473 73 0
368 515 64 1
368 632 145 1
369 547 1 1
370 547 39 1
370 590 26 0
371 481 72 1
372 373 61 1
372 587 19 1
372 589 36 1
373 587 40 0
380 507 25 0
381 506 41 0
381 507 8 0
383 411 95 1
383 541 93 1
383 600 59 0
384 425 63 0
384 526 111 0
385 425 63 0
385 526 181 1
385 614 43 1
387 524 43 1
387 525 22 0
392 510 52 1
397 431 48 0
397 572 64 1
399 625 53 0
399 626 23 0
400 625 102 1
401 660 78 0
402 660 84 0
405 490 42 0
408 627 50 1
411 541 117 1
411 555 54 1
411 600 72 0
412 570 21 1
412 615 45 1
416 621 64 1
416 629 37 0
416 641 22 0
417 641 21 0
418 629 32 1
419 478 19 0
421 479 54 1
423 446 58 0
424 602 19 0
425 526 51 0
426 444 169 1
426 445 133 1
429 639 32 0
430 431 72 1
430 432 16 0
430 573 97 1
430 636 22 0
431 432 77 1
433 634 28 0
433 635 25 0
434 436 17 0
435 436 45 1
436 528 64 1
437 639 37 0
439 506 35 0
440 506 66 1
444 445 23 0
444 652 50 0
446 451 70 0
446 452 172 1
447 504 70 1
451 452 29 0
453 617 55 0
453 630 49 0
456 477 35 0
456 578 29 0
459 482 141 0
459 483 183 1
460 462 19 1
461 462 43 1
461 543 61 1
465 487 58 0
466 616 38 0
469 659 39 1
470 578 79 1
470 659 27 0
473 515 144 1
473 632 96 0
473 658 2 0
475 500 26 0
475 562 66 1
477 578 44 0
477 579 73 1
482 539 43 0
489 613 125 0
495 553 52 1
498 606 140 1
501 580 27 1
503 599 57 1
504 505 43 1
508 601 9 0
513 514 21 1
515 592 34 1
515 632 88 0
516 592 33 0
517 531 27 1
519 532 28 1
520 598 41 0
521 598 34 0
523 551 17 0
525 551 24 0
529 629 51 0
533 561 9 0
534 561 18 0
535 550 79 1
536 538 11 0
537 538 32 0
540 582 153 1
541 600 45 1
542 582 93 0
556 583 34 1
557 595 34 1
558 591 79 1
559 632 23 1
560 632 23 1
563 656 57 1
566 643 43 1
567 568 45 1
567 643 2 0
572 642 35 0
582 606 27 1
585 616 32 0
593 646 52 1
597 604 58 0
603 652 114 0
604 619 43 0
609 610 64 1
612 653 32 0
618 657 31 0
625 626 120 1
648 660 30 0

