NUMERO_DE_VERTICES: 538
NUMERO_DE_ARESTAS: 1325
NUMERO_DE_CENARIOS: 5
INFLACAO: 100 %
PRIMEIRO ESTÁGIO:
1 2 49
1 3 20
1 4 31
5 6 42
7 8 17
9 10 48
11 12 11
13 14 49
13 15 46
16 17 29
18 19 42
20 21 4
22 23 37
22 24 43
25 26 45
25 27 30
28 29 43
28 30 42
31 32 38
31 33 19
31 34 36
31 35 31
31 36 7
37 38 49
39 40 16
41 42 34
41 43 48
41 44 44
45 46 23
45 47 24
48 49 57
50 51 35
50 52 15
53 54 25
53 55 28
14 56 35
14 57 32
58 59 27
58 60 40
61 62 28
61 63 32
64 65 42
66 67 2
66 68 30
66 69 16
6 70 51
70 71 29
70 72 28
73 74 55
75 76 26
77 78 30
77 79 30
80 81 6
82 83 55
84 85 50
84 86 43
84 87 46
84 88 30
84 89 25
90 91 16
92 93 50
94 95 45
96 97 29
23 96 55
98 99 22
100 101 4
102 103 51
56 104 20
56 105 47
106 107 31
106 108 4
109 110 31
111 112 36
111 113 31
46 97 32
59 114 30
114 115 24
116 117 53
116 118 43
119 120 59
121 122 25
123 124 37
125 126 15
127 128 29
129 130 24
131 132 41
131 133 46
131 134 52
131 135 21
136 137 17
138 139 54
138 140 52
141 142 32
141 143 55
144 145 51
144 146 50
147 148 40
147 149 38
150 151 35
150 152 22
153 154 21
85 89 44
155 156 71
60 155 64
155 157 32
158 159 29
117 160 22
161 162 21
163 164 36
165 166 32
167 168 56
67 69 15
169 170 28
171 172 8
173 174 17
173 175 30
176 177 20
176 178 26
176 179 26
145 180 58
181 182 44
183 184 42
183 185 40
186 187 29
186 188 40
189 190 41
191 192 51
191 193 31
51 194 8
194 195 23
196 197 44
196 198 35
199 200 57
115 199 40
168 201 47
202 203 13
204 205 45
120 206 26
120 207 10
120 208 67
120 209 45
210 211 21
210 212 20
213 214 45
213 215 26
216 217 6
132 218 63
219 220 39
221 222 19
221 223 14
224 225 28
226 227 41
226 228 40
225 229 36
40 229 34
148 203 39
230 231 44
230 232 28
230 233 19
230 234 34
230 235 15
236 237 47
236 238 23
133 239 31
239 240 26
241 242 38
243 244 38
243 245 32
243 246 26
243 247 22
248 249 46
250 251 43
214 252 36
253 254 24
177 178 9
255 256 15
255 257 27
258 259 89
187 260 9
261 262 27
179 261 30
263 264 62
265 266 44
152 265 39
267 268 48
269 270 20
271 272 40
47 271 36
273 274 46
117 275 35
117 276 37
206 277 34
278 279 34
280 281 53
280 282 42
283 284 55
283 285 5
279 286 47
287 288 19
287 289 35
46 290 41
291 292 32
291 293 40
142 294 43
295 296 12
256 297 27
298 299 17
300 301 9
24 300 24
113 300 34
302 303 31
302 304 29
305 306 36
305 307 40
305 308 19
24 309 29
113 309 28
310 311 21
312 313 40
314 315 34
2 316 46
306 317 32
317 318 16
319 320 49
266 321 28
322 323 27
322 324 54
322 325 50
326 327 39
328 329 17
330 331 43
193 330 31
19 294 23
332 333 10
244 334 17
334 335 33
245 334 24
334 336 57
95 334 31
337 338 4
6 339 25
339 340 19
341 342 39
108 343 58
344 345 58
344 346 63
323 347 47
325 347 66
33 348 39
86 349 32
86 350 54
86 89 20
351 352 16
83 208 34
208 353 13
354 355 56
354 356 45
357 358 29
231 233 26
359 360 30
361 362 15
361 363 48
361 364 29
166 365 31
104 366 35
266 367 28
368 369 16
368 370 4
211 264 46
225 371 40
372 373 5
308 372 36
374 375 37
376 377 45
378 379 12
380 381 14
380 382 28
383 384 69
324 383 36
385 386 49
387 388 19
389 390 20
391 392 31
83 393 59
83 394 58
395 396 14
397 398 39
399 400 68
277 401 41
402 403 1
329 367 36
192 404 42
405 406 47
407 408 25
143 407 70
407 409 56
137 410 33
411 412 39
170 413 25
71 72 29
281 414 49
282 414 9
414 415 20
232 234 22
416 417 34
29 418 39
29 289 35
419 420 27
285 419 8
421 422 19
260 329 16
52 62 26
52 423 32
340 424 31
345 425 56
426 427 44
139 428 45
34 282 38
277 429 41
430 431 23
331 432 27
211 433 13
434 435 35
436 437 48
212 433 25
433 438 37
134 439 23
3 440 34
335 441 30
209 355 60
217 442 8
318 443 16
228 444 33
342 445 17
307 445 32
362 446 28
447 448 9
288 449 24
288 450 52
292 451 25
178 182 45
146 242 26
390 452 38
275 453 29
384 454 46
455 456 38
457 458 21
381 459 25
242 460 26
139 313 41
296 461 14
462 463 17
462 464 25
184 465 47
184 185 21
466 467 47
38 468 26
166 469 46
470 471 39
164 472 35
262 473 33
474 475 30
476 477 19
371 478 36
479 480 30
481 482 53
481 483 23
242 482 26
89 349 33
151 350 14
8 151 43
234 484 40
320 485 45
486 487 37
205 488 28
40 489 11
490 491 18
492 493 34
449 494 34
118 449 44
185 495 28
93 496 43
497 498 6
254 499 43
500 501 23
162 487 34
487 502 33
499 503 44
504 505 15
95 506 30
381 382 31
274 507 26
379 507 16
508 509 37
122 508 35
113 510 7
437 463 53
285 420 34
441 511 28
512 513 25
512 514 24
417 515 33
42 516 24
42 43 15
394 517 34
242 518 28
409 519 34
60 157 52
520 521 45
425 522 48
396 523 12
62 63 9
91 417 18
400 524 65
370 513 34
456 458 16
400 427 42
81 521 42
315 525 16
218 324 34
4 440 28
471 526 13
467 527 44
527 528 52
352 529 29
530 531 36
450 532 37
533 534 38
118 453 44
246 247 16
282 415 28
10 103 31
535 536 48
17 228 25
103 377 35
382 475 23
498 537 49
17 538 35
76 537 43
1 440 16
2 3 30
2 56 115
2 57 90
2 274 34
2 507 35
3 274 54
3 379 78
4 109 43
4 110 47
4 314 56
5 70 13
5 71 17
5 72 20
6 71 27
6 268 39
7 150 54
7 164 75
7 472 60
8 150 43
8 164 90
8 472 56
9 61 97
9 63 92
9 102 45
9 103 24
9 165 98
10 365 41
10 377 38
11 251 85
11 511 29
12 251 77
12 270 39
12 511 27
13 64 52
13 105 34
14 65 140
14 105 17
14 394 138
14 517 165
15 27 95
15 105 41
15 215 37
16 125 32
16 374 28
16 375 52
17 163 69
17 374 31
18 142 51
18 224 81
18 294 21
19 142 57
19 462 83
19 464 101
20 180 42
20 458 27
20 504 69
21 259 85
21 455 45
21 458 28
21 504 68
22 300 21
22 301 29
23 26 111
23 65 106
23 98 29
23 99 24
24 45 42
24 46 60
24 47 57
24 97 81
24 301 21
25 64 20
25 491 39
26 64 58
26 65 87
26 98 130
26 99 111
26 237 53
27 64 43
27 215 69
27 236 40
27 254 126
27 491 27
28 92 47
28 156 60
28 256 45
28 257 32
28 418 17
28 496 63
29 92 39
30 60 23
30 155 61
30 157 61
30 256 41
30 257 56
30 418 58
32 34 15
32 414 33
32 415 15
33 35 29
33 36 15
33 535 51
34 414 30
34 415 12
35 36 35
36 70 196
36 72 193
36 149 88
36 348 36
36 410 65
37 181 39
37 331 39
37 432 63
38 181 77
38 331 23
38 432 16
39 225 17
39 229 21
39 478 17
40 225 6
41 196 77
41 198 72
41 271 142
41 272 148
41 376 173
41 516 35
43 196 80
43 198 75
43 516 35
44 102 36
44 271 118
44 272 124
44 376 146
45 97 50
46 47 44
46 96 54
48 53 39
48 54 28
48 55 30
48 278 34
49 186 38
49 187 38
50 62 40
50 117 95
50 160 94
50 194 32
50 276 73
50 423 29
51 53 27
51 195 22
51 423 9
52 63 31
53 195 22
53 278 29
53 279 55
53 286 58
54 55 4
54 278 42
55 61 27
56 57 30
56 65 122
56 316 86
56 378 118
56 394 120
56 507 106
56 517 147
57 104 46
57 316 61
57 378 93
57 507 81
58 115 64
58 255 31
58 256 35
59 115 49
59 255 33
60 256 42
60 257 62
60 418 64
63 165 42
65 99 103
65 104 121
65 394 70
65 517 94
66 153 34
67 153 35
67 284 56
68 224 29
68 229 40
68 375 65
68 489 28
69 143 157
69 153 33
69 283 32
69 284 46
70 136 132
70 169 262
70 170 242
70 202 134
70 348 186
70 410 132
72 136 129
72 169 259
72 170 239
72 202 131
72 302 28
72 348 183
72 410 129
73 299 104
73 439 68
74 184 52
74 299 148
74 439 54
75 248 42
75 337 41
75 338 40
76 248 38
76 388 34
77 263 110
78 79 21
78 263 86
79 279 58
80 289 52
81 289 55
82 104 56
82 316 120
82 366 28
82 393 11
82 536 100
83 353 39
83 366 45
84 349 35
84 448 81
84 476 89
84 477 77
85 405 28
85 448 80
85 476 88
85 477 76
87 88 46
87 151 54
87 349 30
88 447 50
88 476 91
88 477 79
89 405 56
90 227 41
90 417 7
90 515 35
91 227 56
91 447 40
91 515 23
92 156 63
92 496 53
94 238 105
94 253 28
94 254 51
94 499 60
94 503 19
94 506 26
95 238 91
95 244 21
96 98 43
97 122 108
97 466 101
97 467 93
97 528 110
98 121 53
100 167 18
100 201 68
101 167 21
101 201 65
104 394 119
104 517 146
106 343 56
106 425 33
107 108 28
107 344 39
107 425 54
108 344 65
108 425 36
109 158 46
109 314 52
109 525 42
110 158 35
110 159 62
110 173 43
110 175 37
111 205 17
111 402 80
111 510 33
111 517 80
112 205 20
112 402 50
112 488 20
113 301 27
115 391 27
115 392 37
116 160 44
116 275 34
117 532 91
118 210 172
118 212 185
118 275 45
118 438 215
118 479 119
118 520 92
119 129 118
119 204 47
119 401 33
120 353 61
120 354 65
120 401 40
121 237 66
121 509 16
122 466 101
122 467 93
122 509 13
122 528 110
123 142 114
123 240 55
123 462 90
123 519 92
124 240 53
124 325 128
124 327 72
124 430 100
124 431 100
124 462 109
124 531 98
125 343 61
125 538 33
126 163 42
126 228 78
126 343 74
126 538 26
127 154 35
127 425 33
127 522 22
128 154 35
128 343 73
128 375 22
129 277 72
129 381 21
129 401 94
129 459 7
130 380 31
130 381 19
130 382 32
130 397 39
130 398 31
130 459 22
131 239 57
131 323 55
132 134 25
132 135 52
132 439 47
133 135 37
133 240 54
133 495 39
134 299 139
135 239 61
136 148 30
136 202 26
136 203 38
137 147 46
137 148 34
137 202 42
138 313 73
138 428 82
138 483 75
139 312 13
139 426 36
139 483 120
140 483 30
141 407 27
141 408 37
142 407 16
142 519 95
143 171 207
143 283 155
143 284 116
143 408 56
144 399 46
144 524 32
145 146 3
146 518 49
147 281 82
147 498 144
148 202 32
148 281 103
148 498 168
149 169 167
149 170 147
149 348 78
149 410 37
150 189 50
151 152 15
152 350 19
153 283 34
153 285 35
153 419 29
153 420 34
154 420 23
154 522 24
156 256 103
156 496 15
157 199 148
157 200 95
157 487 144
159 310 43
159 311 63
159 470 22
159 492 50
159 493 62
160 275 43
160 276 49
161 487 33
161 502 29
162 335 61
162 441 34
162 486 11
162 502 46
162 511 55
163 228 76
163 444 108
163 538 35
164 444 92
165 220 46
165 365 25
166 220 16
166 319 51
166 320 21
167 201 84
167 280 109
168 280 76
169 348 103
169 410 131
169 413 43
170 348 83
170 410 111
170 535 35
171 284 143
171 285 96
172 345 13
172 346 8
172 425 54
173 492 17
174 175 25
174 232 24
174 492 31
175 235 35
177 182 44
180 361 70
180 362 65
180 456 11
180 458 16
181 305 111
181 308 104
181 372 135
181 468 53
183 409 32
183 465 34
183 519 52
185 465 31
186 260 37
186 405 116
187 329 23
188 329 33
188 405 92
189 265 65
190 266 57
190 321 50
191 317 60
191 318 50
191 332 29
191 404 30
191 443 44
192 318 67
192 341 23
192 443 68
193 298 94
193 299 108
193 332 21
193 333 28
193 384 35
194 423 14
195 286 44
196 405 112
196 406 66
196 516 46
197 326 167
197 358 100
197 405 86
197 406 41
197 513 157
197 514 149
198 516 41
199 391 39
199 392 9
199 527 38
200 487 83
201 471 53
204 402 88
204 488 19
205 402 66
205 517 83
206 207 21
206 209 56
206 354 75
206 401 33
207 209 39
207 354 58
208 209 102
208 354 121
209 354 36
210 433 17
210 438 47
210 479 118
210 480 142
210 520 170
211 212 15
211 438 49
212 479 131
212 480 155
212 520 183
213 252 19
213 254 82
214 364 32
214 399 38
215 252 32
216 221 21
216 223 18
216 442 8
217 389 25
218 383 39
218 454 30
219 290 124
219 291 45
219 292 31
219 319 28
219 320 42
219 451 45
220 319 38
220 320 15
220 365 37
221 411 52
221 442 25
221 452 36
222 223 7
222 452 23
223 389 24
223 411 62
224 294 94
224 489 14
225 478 5
225 489 15
226 229 37
226 444 44
227 444 34
228 538 53
229 375 76
230 484 39
231 536 47
232 235 35
233 235 16
233 484 45
235 440 41
236 490 10
236 491 15
237 238 25
237 490 38
237 509 74
238 253 94
238 254 114
238 490 16
239 325 65
241 460 18
241 481 48
241 482 20
241 483 49
241 518 27
244 245 25
244 506 40
245 335 18
246 359 28
246 360 30
247 359 36
248 337 18
248 387 43
248 388 27
249 386 31
249 387 7
249 388 20
250 269 17
250 270 6
250 486 27
251 269 27
251 270 46
252 399 45
253 499 44
253 503 45
254 503 63
255 297 25
256 257 22
256 496 106
257 297 11
257 418 16
258 505 109
259 455 56
259 500 49
259 501 50
259 504 147
260 328 18
262 435 42
262 533 93
262 534 115
263 279 108
263 286 65
264 286 54
264 433 47
264 438 56
265 321 18
265 350 36
267 339 27
267 340 13
267 424 25
268 339 41
269 486 41
270 486 29
271 376 84
271 377 91
272 403 31
273 378 38
273 379 28
273 399 140
273 400 83
273 507 43
274 378 15
274 379 25
276 469 50
276 532 89
280 414 48
281 282 41
281 498 144
283 419 11
287 449 40
287 494 21
288 494 11
289 521 96
290 291 87
290 292 117
290 293 69
290 319 107
290 376 84
290 467 52
291 376 111
292 293 69
292 376 141
293 376 150
293 391 33
293 467 40
294 462 101
294 464 119
295 461 24
296 315 42
296 525 27
297 418 26
298 330 72
298 333 118
298 384 108
299 330 86
299 333 132
299 384 122
299 439 121
301 309 28
301 510 31
302 355 45
302 356 19
303 304 10
303 356 24
303 422 28
304 356 17
304 421 16
304 422 21
305 468 62
306 307 20
306 342 19
307 342 20
308 468 55
309 510 25
310 470 26
310 492 18
310 493 20
310 526 42
311 471 30
311 493 8
311 526 38
312 426 34
312 427 46
312 428 40
312 483 132
312 524 58
313 428 11
313 483 135
314 525 46
315 461 33
316 393 114
316 507 47
316 536 90
317 341 43
317 443 31
319 376 85
320 469 44
322 347 21
323 325 32
324 347 44
324 454 53
325 327 139
325 357 234
325 358 239
325 431 100
325 436 148
325 531 130
326 436 30
326 437 41
326 513 100
326 514 92
327 436 18
327 437 39
328 367 43
330 384 57
331 443 36
332 384 34
332 404 29
333 384 30
333 404 31
335 486 63
336 502 52
336 508 27
336 528 80
341 445 42
343 374 99
345 346 9
346 425 49
348 410 55
351 357 21
351 395 119
351 397 39
351 529 31
351 530 119
352 397 30
354 421 41
355 356 52
356 421 17
357 395 130
357 436 112
357 529 42
357 530 130
357 531 105
358 395 157
358 436 117
358 513 137
358 514 129
358 530 137
358 531 110
360 390 34
362 364 42
362 412 47
363 364 42
363 412 5
364 412 45
366 393 38
368 512 14
369 416 29
369 463 54
369 464 40
369 512 27
370 512 12
370 514 28
371 416 42
372 434 28
372 468 86
373 434 25
373 533 70
373 534 92
375 489 90
376 467 133
378 507 13
380 474 30
380 475 24
383 454 31
385 435 75
385 473 47
386 387 32
391 527 38
392 527 31
393 536 94
395 431 118
395 474 30
395 475 29
395 523 13
395 529 89
395 530 67
396 424 30
396 474 17
398 459 25
408 409 44
409 465 34
411 442 39
413 535 11
413 536 53
416 464 39
420 522 14
421 429 45
422 429 42
424 523 20
426 524 36
427 524 30
428 483 144
430 436 76
430 530 30
430 531 29
431 436 91
432 443 21
434 533 46
434 534 68
435 473 45
435 533 52
435 534 74
436 529 129
436 530 104
436 531 74
438 479 161
438 480 185
438 520 213
441 486 36
444 472 85
446 456 57
446 457 57
447 477 37
447 515 30
448 477 29
448 515 29
449 453 1
450 451 72
450 494 44
451 485 29
451 532 50
452 503 39
455 457 28
455 458 37
455 500 58
455 501 37
455 504 107
456 457 11
457 501 47
460 482 24
461 525 21
462 519 173
463 464 16
465 495 26
465 519 28
466 527 36
466 528 19
469 532 92
470 492 39
470 526 33
476 513 33
479 520 117
482 518 8
485 532 26
486 511 57
488 517 101
495 519 39
497 533 38
497 534 1
497 537 53
498 533 42
502 508 72
502 528 89
503 506 26
508 528 81
513 514 17
529 530 89
529 531 122
CENÁRIO 1
PROBABILIDADE: 313/2858 = 0.109517
QTD_ARESTAS_REQUERIDAS: 633
QTD_ARESTAS_NAO_REQUERIDAS: 692
1 2 98 1
1 3 40 1
1 4 31 0
5 6 84 1
7 8 17 0
9 10 48 0
11 12 22 1
13 14 98 1
13 15 92 1
16 17 58 1
18 19 42 0
20 21 8 1
22 23 74 1
22 24 86 1
25 26 90 1
25 27 30 0
28 29 86 1
28 30 42 0
31 32 38 0
31 33 38 1
31 34 72 1
31 35 31 0
31 36 14 1
37 38 98 1
39 40 16 0
41 42 68 1
41 43 96 1
41 44 88 1
45 46 23 0
45 47 48 1
48 49 114 1
50 51 70 1
50 52 15 0
53 54 50 1
53 55 56 1
14 56 35 0
14 57 64 1
58 59 27 0
58 60 40 0
61 62 28 0
61 63 64 1
64 65 42 0
66 67 4 1
66 68 60 1
66 69 32 1
6 70 51 0
70 71 58 1
70 72 56 1
73 74 110 1
75 76 26 0
77 78 30 0
77 79 60 1
80 81 12 1
82 83 55 0
84 85 50 0
84 86 43 0
84 87 92 1
84 88 30 0
84 89 50 1
90 91 16 0
92 93 50 0
94 95 90 1
96 97 29 0
23 96 110 1
98 99 44 1
100 101 4 0
102 103 51 0
56 104 40 1
56 105 47 0
106 107 62 1
106 108 4 0
109 110 62 1
111 112 36 0
111 113 62 1
46 97 32 0
59 114 30 0
114 115 24 0
116 117 53 0
116 118 86 1
119 120 59 0
121 122 50 1
123 124 37 0
125 126 15 0
127 128 29 0
129 130 48 1
131 132 41 0
131 133 46 0
131 134 52 0
131 135 21 0
136 137 17 0
138 139 54 0
138 140 52 0
141 142 32 0
141 143 55 0
144 145 102 1
144 146 50 0
147 148 40 0
147 149 38 0
150 151 35 0
150 152 44 1
153 154 42 1
85 89 44 0
155 156 71 0
60 155 128 1
155 157 64 1
158 159 29 0
117 160 22 0
161 162 42 1
163 164 72 1
165 166 32 0
167 168 56 0
67 69 15 0
169 170 56 1
171 172 8 0
173 174 17 0
173 175 30 0
176 177 40 1
176 178 26 0
176 179 26 0
145 180 116 1
181 182 44 0
183 184 84 1
183 185 40 0
186 187 58 1
186 188 80 1
189 190 41 0
191 192 51 0
191 193 62 1
51 194 8 0
194 195 46 1
196 197 88 1
196 198 35 0
199 200 114 1
115 199 80 1
168 201 94 1
202 203 13 0
204 205 90 1
120 206 52 1
120 207 20 1
120 208 134 1
120 209 45 0
210 211 21 0
210 212 20 0
213 214 90 1
213 215 26 0
216 217 6 0
132 218 126 1
219 220 39 0
221 222 38 1
221 223 28 1
224 225 28 0
226 227 82 1
226 228 40 0
225 229 72 1
40 229 34 0
148 203 39 0
230 231 44 0
230 232 56 1
230 233 19 0
230 234 68 1
230 235 30 1
236 237 47 0
236 238 23 0
133 239 62 1
239 240 52 1
241 242 38 0
243 244 38 0
243 245 64 1
243 246 52 1
243 247 44 1
248 249 46 0
250 251 43 0
214 252 36 0
253 254 24 0
177 178 9 0
255 256 15 0
255 257 54 1
258 259 89 0
187 260 9 0
261 262 54 1
179 261 30 0
263 264 124 1
265 266 88 1
152 265 78 1
267 268 96 1
269 270 40 1
271 272 40 0
47 271 36 0
273 274 46 0
117 275 35 0
117 276 74 1
206 277 34 0
278 279 34 0
280 281 106 1
280 282 84 1
283 284 55 0
283 285 10 1
279 286 47 0
287 288 38 1
287 289 70 1
46 290 41 0
291 292 32 0
291 293 80 1
142 294 86 1
295 296 12 0
256 297 27 0
298 299 34 1
300 301 9 0
24 300 24 0
113 300 68 1
302 303 31 0
302 304 58 1
305 306 36 0
305 307 80 1
305 308 38 1
24 309 58 1
113 309 56 1
310 311 42 1
312 313 40 0
314 315 68 1
2 316 46 0
306 317 64 1
317 318 32 1
319 320 98 1
266 321 56 1
322 323 27 0
322 324 54 0
322 325 50 0
326 327 78 1
328 329 17 0
330 331 43 0
193 330 62 1
19 294 46 1
332 333 10 0
244 334 34 1
334 335 66 1
245 334 24 0
334 336 57 0
95 334 62 1
337 338 4 0
6 339 50 1
339 340 38 1
341 342 78 1
108 343 58 0
344 345 58 0
344 346 63 0
323 347 94 1
325 347 132 1
33 348 39 0
86 349 32 0
86 350 108 1
86 89 40 1
351 352 32 1
83 208 34 0
208 353 13 0
354 355 56 0
354 356 45 0
357 358 29 0
231 233 26 0
359 360 30 0
361 362 15 0
361 363 48 0
361 364 29 0
166 365 31 0
104 366 35 0
266 367 28 0
368 369 16 0
368 370 8 1
211 264 46 0
225 371 40 0
372 373 5 0
308 372 36 0
374 375 37 0
376 377 45 0
378 379 12 0
380 381 28 1
380 382 56 1
383 384 69 0
324 383 36 0
385 386 49 0
387 388 38 1
389 390 20 0
391 392 31 0
83 393 59 0
83 394 58 0
395 396 14 0
397 398 78 1
399 400 136 1
277 401 41 0
402 403 2 1
329 367 72 1
192 404 42 0
405 406 47 0
407 408 50 1
143 407 70 0
407 409 56 0
137 410 66 1
411 412 78 1
170 413 25 0
71 72 58 1
281 414 98 1
282 414 9 0
414 415 20 0
232 234 44 1
416 417 34 0
29 418 78 1
29 289 70 1
419 420 54 1
285 419 8 0
421 422 38 1
260 329 32 1
52 62 26 0
52 423 64 1
340 424 62 1
345 425 56 0
426 427 88 1
139 428 90 1
34 282 76 1
277 429 41 0
430 431 23 0
331 432 54 1
211 433 26 1
434 435 70 1
436 437 48 0
212 433 25 0
433 438 74 1
134 439 23 0
3 440 68 1
335 441 30 0
209 355 60 0
217 442 16 1
318 443 32 1
228 444 66 1
342 445 34 1
307 445 64 1
362 446 28 0
447 448 18 1
288 449 24 0
288 450 52 0
292 451 25 0
178 182 45 0
146 242 26 0
390 452 76 1
275 453 29 0
384 454 46 0
455 456 76 1
457 458 42 1
381 459 50 1
242 460 52 1
139 313 82 1
296 461 28 1
462 463 17 0
462 464 50 1
184 465 47 0
184 185 21 0
466 467 47 0
38 468 52 1
166 469 92 1
470 471 39 0
164 472 35 0
262 473 66 1
474 475 60 1
476 477 19 0
371 478 72 1
479 480 30 0
481 482 106 1
481 483 23 0
242 482 26 0
89 349 33 0
151 350 14 0
8 151 43 0
234 484 80 1
320 485 45 0
486 487 37 0
205 488 56 1
40 489 22 1
490 491 18 0
492 493 68 1
449 494 34 0
118 449 44 0
185 495 28 0
93 496 43 0
497 498 6 0
254 499 43 0
500 501 23 0
162 487 34 0
487 502 66 1
499 503 88 1
504 505 15 0
95 506 30 0
381 382 62 1
274 507 52 1
379 507 32 1
508 509 74 1
122 508 35 0
113 510 7 0
437 463 53 0
285 420 34 0
441 511 56 1
512 513 50 1
512 514 24 0
417 515 66 1
42 516 48 1
42 43 30 1
394 517 68 1
242 518 28 0
409 519 68 1
60 157 104 1
520 521 90 1
425 522 96 1
396 523 12 0
62 63 18 1
91 417 18 0
400 524 65 0
370 513 34 0
456 458 16 0
400 427 84 1
81 521 84 1
315 525 32 1
218 324 34 0
4 440 28 0
471 526 13 0
467 527 44 0
527 528 52 0
352 529 29 0
530 531 36 0
450 532 37 0
533 534 76 1
118 453 44 0
246 247 32 1
282 415 28 0
10 103 62 1
535 536 96 1
17 228 25 0
103 377 70 1
382 475 46 1
498 537 98 1
17 538 35 0
76 537 43 0
1 440 32 1
2 3 30 0
2 56 230 1
2 57 180 1
2 274 68 1
2 507 70 1
3 274 54 0
3 379 156 1
4 109 86 1
4 110 94 1
4 314 56 0
5 70 26 1
5 71 34 1
5 72 40 1
6 71 54 1
6 268 78 1
7 150 54 0
7 164 150 1
7 472 120 1
8 150 86 1
8 164 90 0
8 472 112 1
9 61 97 0
9 63 92 0
9 102 45 0
9 103 24 0
9 165 98 0
10 365 82 1
10 377 38 0
11 251 85 0
11 511 29 0
12 251 77 0
12 270 78 1
12 511 27 0
13 64 52 0
13 105 34 0
14 65 140 0
14 105 17 0
14 394 276 1
14 517 330 1
15 27 95 0
15 105 82 1
15 215 74 1
16 125 64 1
16 374 28 0
16 375 52 0
17 163 138 1
17 374 62 1
18 142 51 0
18 224 81 0
18 294 21 0
19 142 57 0
19 462 83 0
19 464 202 1
20 180 42 0
20 458 27 0
20 504 138 1
21 259 85 0
21 455 90 1
21 458 56 1
21 504 136 1
22 300 21 0
22 301 29 0
23 26 111 0
23 65 106 0
23 98 29 0
23 99 48 1
24 45 84 1
24 46 60 0
24 47 114 1
24 97 162 1
24 301 42 1
25 64 40 1
25 491 78 1
26 64 58 0
26 65 174 1
26 98 260 1
26 99 222 1
26 237 106 1
27 64 86 1
27 215 69 0
27 236 40 0
27 254 126 0
27 491 27 0
28 92 94 1
28 156 120 1
28 256 90 1
28 257 32 0
28 418 17 0
28 496 63 0
29 92 39 0
30 60 23 0
30 155 61 0
30 157 122 1
30 256 82 1
30 257 56 0
30 418 116 1
32 34 30 1
32 414 33 0
32 415 30 1
33 35 29 0
33 36 30 1
33 535 51 0
34 414 30 0
34 415 24 1
35 36 70 1
36 70 196 0
36 72 193 0
36 149 176 1
36 348 36 0
36 410 65 0
37 181 78 1
37 331 78 1
37 432 126 1
38 181 77 0
38 331 46 1
38 432 32 1
39 225 17 0
39 229 42 1
39 478 34 1
40 225 12 1
41 196 77 0
41 198 144 1
41 271 142 0
41 272 148 0
41 376 346 1
41 516 35 0
43 196 80 0
43 198 75 0
43 516 35 0
44 102 36 0
44 271 118 0
44 272 248 1
44 376 292 1
45 97 100 1
46 47 44 0
46 96 108 1
48 53 39 0
48 54 28 0
48 55 60 1
48 278 34 0
49 186 38 0
49 187 38 0
50 62 40 0
50 117 95 0
50 160 188 1
50 194 32 0
50 276 73 0
50 423 29 0
51 53 27 0
51 195 44 1
51 423 18 1
52 63 31 0
53 195 44 1
53 278 29 0
53 279 55 0
53 286 58 0
54 55 8 1
54 278 84 1
55 61 27 0
56 57 30 0
56 65 122 0
56 316 172 1
56 378 236 1
56 394 120 0
56 507 212 1
56 517 147 0
57 104 46 0
57 316 122 1
57 378 186 1
57 507 81 0
58 115 64 0
58 255 62 1
58 256 70 1
59 115 98 1
59 255 66 1
60 256 84 1
60 257 62 0
60 418 128 1
63 165 84 1
65 99 103 0
65 104 121 0
65 394 140 1
65 517 94 0
66 153 68 1
67 153 70 1
67 284 112 1
68 224 29 0
68 229 80 1
68 375 130 1
68 489 56 1
69 143 157 0
69 153 33 0
69 283 64 1
69 284 92 1
70 136 264 1
70 169 262 0
70 170 242 0
70 202 134 0
70 348 186 0
70 410 264 1
72 136 129 0
72 169 259 0
72 170 478 1
72 202 131 0
72 302 56 1
72 348 366 1
72 410 258 1
73 299 104 0
73 439 136 1
74 184 104 1
74 299 148 0
74 439 54 0
75 248 42 0
75 337 41 0
75 338 40 0
76 248 38 0
76 388 68 1
77 263 220 1
78 79 42 1
78 263 172 1
79 279 58 0
80 289 52 0
81 289 110 1
82 104 56 0
82 316 120 0
82 366 28 0
82 393 22 1
82 536 100 0
83 353 78 1
83 366 45 0
84 349 35 0
84 448 81 0
84 476 178 1
84 477 154 1
85 405 56 1
85 448 80 0
85 476 88 0
85 477 76 0
87 88 92 1
87 151 108 1
87 349 60 1
88 447 100 1
88 476 91 0
88 477 158 1
89 405 56 0
90 227 82 1
90 417 7 0
90 515 70 1
91 227 112 1
91 447 80 1
91 515 23 0
92 156 126 1
92 496 53 0
94 238 105 0
94 253 28 0
94 254 102 1
94 499 120 1
94 503 38 1
94 506 26 0
95 238 91 0
95 244 42 1
96 98 43 0
97 122 108 0
97 466 202 1
97 467 186 1
97 528 220 1
98 121 53 0
100 167 18 0
100 201 68 0
101 167 21 0
101 201 130 1
104 394 238 1
104 517 146 0
106 343 112 1
106 425 66 1
107 108 28 0
107 344 78 1
107 425 54 0
108 344 130 1
108 425 72 1
109 158 92 1
109 314 104 1
109 525 84 1
110 158 35 0
110 159 62 0
110 173 86 1
110 175 37 0
111 205 17 0
111 402 160 1
111 510 66 1
111 517 80 0
112 205 40 1
112 402 50 0
112 488 20 0
113 301 54 1
115 391 54 1
115 392 74 1
116 160 44 0
116 275 34 0
117 532 91 0
118 210 344 1
118 212 185 0
118 275 45 0
118 438 430 1
118 479 238 1
118 520 92 0
119 129 236 1
119 204 47 0
119 401 33 0
120 353 122 1
120 354 65 0
120 401 40 0
121 237 132 1
121 509 32 1
122 466 101 0
122 467 93 0
122 509 13 0
122 528 110 0
123 142 228 1
123 240 110 1
123 462 180 1
123 519 184 1
124 240 106 1
124 325 256 1
124 327 144 1
124 430 100 0
124 431 100 0
124 462 109 0
124 531 196 1
125 343 61 0
125 538 66 1
126 163 84 1
126 228 78 0
126 343 148 1
126 538 26 0
127 154 70 1
127 425 66 1
127 522 22 0
128 154 70 1
128 343 73 0
128 375 44 1
129 277 72 0
129 381 21 0
129 401 188 1
129 459 14 1
130 380 62 1
130 381 38 1
130 382 64 1
130 397 78 1
130 398 62 1
130 459 22 0
131 239 114 1
131 323 110 1
132 134 25 0
132 135 104 1
132 439 94 1
133 135 74 1
133 240 108 1
133 495 39 0
134 299 278 1
135 239 122 1
136 148 30 0
136 202 26 0
136 203 38 0
137 147 92 1
137 148 34 0
137 202 84 1
138 313 73 0
138 428 82 0
138 483 75 0
139 312 26 1
139 426 72 1
139 483 120 0
140 483 60 1
141 407 27 0
141 408 37 0
142 407 32 1
142 519 190 1
143 171 207 0
143 283 155 0
143 284 116 0
143 408 56 0
144 399 92 1
144 524 32 0
145 146 3 0
146 518 98 1
147 281 82 0
147 498 144 0
148 202 64 1
148 281 103 0
148 498 168 0
149 169 334 1
149 170 147 0
149 348 156 1
149 410 37 0
150 189 100 1
151 152 15 0
152 350 38 1
153 283 68 1
153 285 70 1
153 419 29 0
153 420 68 1
154 420 23 0
154 522 24 0
156 256 206 1
156 496 15 0
157 199 148 0
157 200 95 0
157 487 144 0
159 310 43 0
159 311 126 1
159 470 22 0
159 492 100 1
159 493 124 1
160 275 43 0
160 276 49 0
161 487 66 1
161 502 29 0
162 335 61 0
162 441 34 0
162 486 11 0
162 502 46 0
162 511 110 1
163 228 76 0
163 444 216 1
163 538 70 1
164 444 184 1
165 220 46 0
165 365 50 1
166 220 16 0
166 319 102 1
166 320 21 0
167 201 84 0
167 280 109 0
168 280 76 0
169 348 103 0
169 410 131 0
169 413 86 1
170 348 166 1
170 410 222 1
170 535 35 0
171 284 286 1
171 285 96 0
172 345 13 0
172 346 8 0
172 425 54 0
173 492 34 1
174 175 50 1
174 232 24 0
174 492 62 1
175 235 35 0
177 182 44 0
180 361 70 0
180 362 130 1
180 456 22 1
180 458 32 1
181 305 222 1
181 308 208 1
181 372 135 0
181 468 53 0
183 409 64 1
183 465 68 1
183 519 52 0
185 465 31 0
186 260 37 0
186 405 232 1
187 329 23 0
188 329 33 0
188 405 92 0
189 265 130 1
190 266 114 1
190 321 50 0
191 317 60 0
191 318 100 1
191 332 58 1
191 404 60 1
191 443 88 1
192 318 67 0
192 341 46 1
192 443 136 1
193 298 188 1
193 299 216 1
193 332 21 0
193 333 56 1
193 384 35 0
194 423 28 1
195 286 88 1
196 405 224 1
196 406 66 0
196 516 46 0
197 326 334 1
197 358 100 0
197 405 172 1
197 406 41 0
197 513 157 0
197 514 149 0
198 516 41 0
199 391 78 1
199 392 9 0
199 527 38 0
200 487 166 1
201 471 53 0
204 402 176 1
204 488 19 0
205 402 66 0
205 517 83 0
206 207 21 0
206 209 112 1
206 354 75 0
206 401 33 0
207 209 39 0
207 354 116 1
208 209 102 0
208 354 121 0
209 354 72 1
210 433 34 1
210 438 47 0
210 479 118 0
210 480 284 1
210 520 170 0
211 212 15 0
211 438 98 1
212 479 131 0
212 480 310 1
212 520 366 1
213 252 19 0
213 254 82 0
214 364 32 0
214 399 38 0
215 252 32 0
216 221 42 1
216 223 18 0
216 442 8 0
217 389 25 0
218 383 39 0
218 454 60 1
219 290 124 0
219 291 90 1
219 292 31 0
219 319 28 0
219 320 42 0
219 451 45 0
220 319 38 0
220 320 30 1
220 365 37 0
221 411 104 1
221 442 50 1
221 452 72 1
222 223 14 1
222 452 46 1
223 389 24 0
223 411 62 0
224 294 188 1
224 489 14 0
225 478 5 0
225 489 30 1
226 229 74 1
226 444 88 1
227 444 68 1
228 538 106 1
229 375 152 1
230 484 39 0
231 536 47 0
232 235 35 0
233 235 16 0
233 484 90 1
235 440 82 1
236 490 10 0
236 491 30 1
237 238 25 0
237 490 76 1
237 509 148 1
238 253 188 1
238 254 114 0
238 490 16 0
239 325 130 1
241 460 18 0
241 481 48 0
241 482 20 0
241 483 98 1
241 518 54 1
244 245 25 0
244 506 40 0
245 335 36 1
246 359 56 1
246 360 30 0
247 359 36 0
248 337 36 1
248 387 43 0
248 388 54 1
249 386 31 0
249 387 7 0
249 388 20 0
250 269 17 0
250 270 12 1
250 486 27 0
251 269 54 1
251 270 46 0
252 399 45 0
253 499 88 1
253 503 90 1
254 503 63 0
255 297 50 1
256 257 44 1
256 496 106 0
257 297 22 1
257 418 32 1
258 505 109 0
259 455 112 1
259 500 49 0
259 501 100 1
259 504 294 1
260 328 18 0
262 435 84 1
262 533 186 1
262 534 230 1
263 279 108 0
263 286 65 0
264 286 54 0
264 433 47 0
264 438 56 0
265 321 18 0
265 350 36 0
267 339 27 0
267 340 26 1
267 424 50 1
268 339 41 0
269 486 82 1
270 486 58 1
271 376 84 0
271 377 182 1
272 403 62 1
273 378 38 0
273 379 28 0
273 399 280 1
273 400 83 0
273 507 86 1
274 378 15 0
274 379 25 0
276 469 50 0
276 532 178 1
280 414 48 0
281 282 41 0
281 498 144 0
283 419 22 1
287 449 40 0
287 494 21 0
288 494 22 1
289 521 96 0
290 291 174 1
290 292 117 0
290 293 69 0
290 319 214 1
290 376 84 0
290 467 104 1
291 376 111 0
292 293 138 1
292 376 282 1
293 376 300 1
293 391 66 1
293 467 40 0
294 462 101 0
294 464 119 0
295 461 24 0
296 315 42 0
296 525 27 0
297 418 26 0
298 330 72 0
298 333 118 0
298 384 216 1
299 330 86 0
299 333 264 1
299 384 122 0
299 439 121 0
301 309 28 0
301 510 31 0
302 355 90 1
302 356 19 0
303 304 20 1
303 356 48 1
303 422 56 1
304 356 17 0
304 421 16 0
304 422 21 0
305 468 62 0
306 307 20 0
306 342 38 1
307 342 40 1
308 468 110 1
309 510 50 1
310 470 52 1
310 492 18 0
310 493 20 0
310 526 42 0
311 471 30 0
311 493 8 0
311 526 76 1
312 426 68 1
312 427 92 1
312 428 40 0
312 483 264 1
312 524 116 1
313 428 11 0
313 483 270 1
314 525 92 1
315 461 33 0
316 393 228 1
316 507 47 0
316 536 90 0
317 341 86 1
317 443 62 1
319 376 170 1
320 469 88 1
322 347 42 1
323 325 32 0
324 347 88 1
324 454 106 1
325 327 278 1
325 357 468 1
325 358 478 1
325 431 100 0
325 436 296 1
325 531 130 0
326 436 60 1
326 437 82 1
326 513 200 1
326 514 92 0
327 436 36 1
327 437 78 1
328 367 43 0
330 384 114 1
331 443 72 1
332 384 68 1
332 404 29 0
333 384 30 0
333 404 31 0
335 486 63 0
336 502 52 0
336 508 27 0
336 528 160 1
341 445 84 1
343 374 198 1
345 346 18 1
346 425 98 1
348 410 55 0
351 357 42 1
351 395 119 0
351 397 78 1
351 529 62 1
351 530 119 0
352 397 30 0
354 421 41 0
355 356 104 1
356 421 34 1
357 395 260 1
357 436 112 0
357 529 42 0
357 530 130 0
357 531 210 1
358 395 314 1
358 436 117 0
358 513 137 0
358 514 258 1
358 530 137 0
358 531 110 0
360 390 34 0
362 364 84 1
362 412 47 0
363 364 84 1
363 412 5 0
364 412 90 1
366 393 38 0
368 512 28 1
369 416 58 1
369 463 54 0
369 464 40 0
369 512 54 1
370 512 24 1
370 514 28 0
371 416 42 0
372 434 28 0
372 468 172 1
373 434 25 0
373 533 140 1
373 534 92 0
375 489 180 1
376 467 266 1
378 507 26 1
380 474 30 0
380 475 48 1
383 454 62 1
385 435 75 0
385 473 47 0
386 387 32 0
391 527 76 1
392 527 31 0
393 536 188 1
395 431 118 0
395 474 60 1
395 475 29 0
395 523 13 0
395 529 178 1
395 530 67 0
396 424 30 0
396 474 17 0
398 459 50 1
408 409 88 1
409 465 68 1
411 442 78 1
413 535 11 0
413 536 106 1
416 464 78 1
420 522 14 0
421 429 90 1
422 429 84 1
424 523 40 1
426 524 72 1
427 524 60 1
428 483 288 1
430 436 76 0
430 530 60 1
430 531 58 1
431 436 182 1
432 443 21 0
434 533 46 0
434 534 136 1
435 473 90 1
435 533 52 0
435 534 74 0
436 529 258 1
436 530 104 0
436 531 74 0
438 479 161 0
438 480 370 1
438 520 213 0
441 486 36 0
444 472 85 0
446 456 57 0
446 457 57 0
447 477 37 0
447 515 30 0
448 477 58 1
448 515 29 0
449 453 1 0
450 451 144 1
450 494 44 0
451 485 58 1
451 532 50 0
452 503 39 0
455 457 28 0
455 458 37 0
455 500 58 0
455 501 37 0
455 504 214 1
456 457 22 1
457 501 94 1
460 482 24 0
461 525 42 1
462 519 346 1
463 464 32 1
465 495 52 1
465 519 28 0
466 527 36 0
466 528 38 1
469 532 184 1
470 492 78 1
470 526 66 1
476 513 33 0
479 520 117 0
482 518 8 0
485 532 52 1
486 511 114 1
488 517 101 0
495 519 39 0
497 533 38 0
497 534 2 1
497 537 53 0
498 533 42 0
502 508 72 0
502 528 178 1
503 506 52 1
508 528 81 0
513 514 34 1
529 530 178 1
529 531 244 1

CENÁRIO 2
PROBABILIDADE: 55/1429 = 0.0384885
QTD_ARESTAS_REQUERIDAS: 668
QTD_ARESTAS_NAO_REQUERIDAS: 657
1 2 49 0
1 3 20 0
1 4 62 1
5 6 42 0
7 8 34 1
9 10 96 1
11 12 11 0
13 14 98 1
13 15 92 1
16 17 58 1
18 19 42 0
20 21 4 0
22 23 74 1
22 24 86 1
25 26 45 0
25 27 30 0
28 29 86 1
28 30 42 0
31 32 38 0
31 33 38 1
31 34 72 1
31 35 31 0
31 36 7 0
37 38 49 0
39 40 16 0
41 42 34 0
41 43 96 1
41 44 44 0
45 46 23 0
45 47 48 1
48 49 114 1
50 51 35 0
50 52 15 0
53 54 25 0
53 55 56 1
14 56 35 0
14 57 64 1
58 59 27 0
58 60 40 0
61 62 56 1
61 63 32 0
64 65 42 0
66 67 4 1
66 68 60 1
66 69 32 1
6 70 51 0
70 71 58 1
70 72 28 0
73 74 110 1
75 76 52 1
77 78 30 0
77 79 60 1
80 81 12 1
82 83 110 1
84 85 100 1
84 86 43 0
84 87 46 0
84 88 30 0
84 89 50 1
90 91 16 0
92 93 100 1
94 95 90 1
96 97 58 1
23 96 110 1
98 99 44 1
100 101 4 0
102 103 51 0
56 104 40 1
56 105 47 0
106 107 31 0
106 108 4 0
109 110 31 0
111 112 72 1
111 113 62 1
46 97 64 1
59 114 30 0
114 115 24 0
116 117 106 1
116 118 43 0
119 120 118 1
121 122 50 1
123 124 37 0
125 126 30 1
127 128 29 0
129 130 48 1
131 132 41 0
131 133 46 0
131 134 104 1
131 135 42 1
136 137 17 0
138 139 108 1
138 140 104 1
141 142 32 0
141 143 110 1
144 145 102 1
144 146 100 1
147 148 80 1
147 149 76 1
150 151 70 1
150 152 44 1
153 154 21 0
85 89 44 0
155 156 71 0
60 155 128 1
155 157 64 1
158 159 58 1
117 160 22 0
161 162 42 1
163 164 72 1
165 166 32 0
167 168 56 0
67 69 15 0
169 170 28 0
171 172 16 1
173 174 17 0
173 175 30 0
176 177 20 0
176 178 52 1
176 179 52 1
145 180 116 1
181 182 88 1
183 184 84 1
183 185 40 0
186 187 29 0
186 188 40 0
189 190 41 0
191 192 102 1
191 193 31 0
51 194 16 1
194 195 46 1
196 197 88 1
196 198 35 0
199 200 114 1
115 199 40 0
168 201 94 1
202 203 26 1
204 205 45 0
120 206 52 1
120 207 20 1
120 208 67 0
120 209 45 0
210 211 21 0
210 212 40 1
213 214 45 0
213 215 52 1
216 217 12 1
132 218 126 1
219 220 39 0
221 222 38 1
221 223 28 1
224 225 56 1
226 227 41 0
226 228 80 1
225 229 36 0
40 229 68 1
148 203 39 0
230 231 44 0
230 232 28 0
230 233 38 1
230 234 68 1
230 235 30 1
236 237 47 0
236 238 23 0
133 239 62 1
239 240 52 1
241 242 76 1
243 244 38 0
243 245 32 0
243 246 52 1
243 247 22 0
248 249 92 1
250 251 43 0
214 252 36 0
253 254 48 1
177 178 9 0
255 256 30 1
255 257 27 0
258 259 89 0
187 260 9 0
261 262 27 0
179 261 30 0
263 264 62 0
265 266 88 1
152 265 78 1
267 268 96 1
269 270 40 1
271 272 80 1
47 271 36 0
273 274 46 0
117 275 35 0
117 276 37 0
206 277 34 0
278 279 68 1
280 281 53 0
280 282 42 0
283 284 110 1
283 285 10 1
279 286 94 1
287 288 38 1
287 289 70 1
46 290 82 1
291 292 64 1
291 293 40 0
142 294 86 1
295 296 12 0
256 297 54 1
298 299 17 0
300 301 9 0
24 300 24 0
113 300 68 1
302 303 62 1
302 304 58 1
305 306 36 0
305 307 40 0
305 308 19 0
24 309 58 1
113 309 28 0
310 311 21 0
312 313 40 0
314 315 68 1
2 316 46 0
306 317 32 0
317 318 32 1
319 320 98 1
266 321 56 1
322 323 54 1
322 324 108 1
322 325 100 1
326 327 78 1
328 329 17 0
330 331 86 1
193 330 62 1
19 294 23 0
332 333 10 0
244 334 34 1
334 335 33 0
245 334 24 0
334 336 114 1
95 334 31 0
337 338 4 0
6 339 25 0
339 340 38 1
341 342 39 0
108 343 116 1
344 345 116 1
344 346 126 1
323 347 94 1
325 347 66 0
33 348 39 0
86 349 64 1
86 350 54 0
86 89 20 0
351 352 16 0
83 208 34 0
208 353 26 1
354 355 112 1
354 356 45 0
357 358 29 0
231 233 52 1
359 360 60 1
361 362 30 1
361 363 96 1
361 364 58 1
166 365 62 1
104 366 35 0
266 367 56 1
368 369 32 1
368 370 8 1
211 264 46 0
225 371 80 1
372 373 5 0
308 372 36 0
374 375 37 0
376 377 90 1
378 379 24 1
380 381 14 0
380 382 28 0
383 384 69 0
324 383 36 0
385 386 49 0
387 388 38 1
389 390 20 0
391 392 31 0
83 393 118 1
83 394 116 1
395 396 14 0
397 398 39 0
399 400 68 0
277 401 41 0
402 403 1 0
329 367 72 1
192 404 84 1
405 406 94 1
407 408 25 0
143 407 70 0
407 409 112 1
137 410 66 1
411 412 39 0
170 413 25 0
71 72 29 0
281 414 98 1
282 414 9 0
414 415 20 0
232 234 44 1
416 417 68 1
29 418 39 0
29 289 70 1
419 420 27 0
285 419 8 0
421 422 19 0
260 329 32 1
52 62 52 1
52 423 64 1
340 424 62 1
345 425 56 0
426 427 44 0
139 428 90 1
34 282 38 0
277 429 41 0
430 431 23 0
331 432 27 0
211 433 26 1
434 435 35 0
436 437 48 0
212 433 50 1
433 438 74 1
134 439 46 1
3 440 34 0
335 441 60 1
209 355 60 0
217 442 8 0
318 443 16 0
228 444 66 1
342 445 34 1
307 445 32 0
362 446 56 1
447 448 9 0
288 449 48 1
288 450 52 0
292 451 25 0
178 182 45 0
146 242 52 1
390 452 76 1
275 453 58 1
384 454 92 1
455 456 76 1
457 458 42 1
381 459 50 1
242 460 52 1
139 313 41 0
296 461 14 0
462 463 34 1
462 464 25 0
184 465 94 1
184 185 42 1
466 467 47 0
38 468 52 1
166 469 92 1
470 471 78 1
164 472 35 0
262 473 33 0
474 475 30 0
476 477 19 0
371 478 72 1
479 480 30 0
481 482 53 0
481 483 23 0
242 482 52 1
89 349 66 1
151 350 28 1
8 151 43 0
234 484 40 0
320 485 45 0
486 487 74 1
205 488 56 1
40 489 22 1
490 491 18 0
492 493 68 1
449 494 34 0
118 449 44 0
185 495 56 1
93 496 43 0
497 498 12 1
254 499 86 1
500 501 46 1
162 487 34 0
487 502 33 0
499 503 44 0
504 505 30 1
95 506 60 1
381 382 62 1
274 507 26 0
379 507 16 0
508 509 37 0
122 508 70 1
113 510 7 0
437 463 106 1
285 420 68 1
441 511 28 0
512 513 25 0
512 514 48 1
417 515 66 1
42 516 48 1
42 43 15 0
394 517 34 0
242 518 28 0
409 519 34 0
60 157 52 0
520 521 45 0
425 522 96 1
396 523 24 1
62 63 9 0
91 417 18 0
400 524 65 0
370 513 34 0
456 458 32 1
400 427 84 1
81 521 84 1
315 525 32 1
218 324 34 0
4 440 28 0
471 526 26 1
467 527 44 0
527 528 52 0
352 529 58 1
530 531 72 1
450 532 37 0
533 534 76 1
118 453 44 0
246 247 32 1
282 415 56 1
10 103 62 1
535 536 96 1
17 228 50 1
103 377 70 1
382 475 23 0
498 537 49 0
17 538 35 0
76 537 86 1
1 440 16 0
2 3 60 1
2 56 230 1
2 57 90 0
2 274 34 0
2 507 70 1
3 274 108 1
3 379 78 0
4 109 43 0
4 110 94 1
4 314 112 1
5 70 26 1
5 71 17 0
5 72 20 0
6 71 27 0
6 268 78 1
7 150 108 1
7 164 150 1
7 472 120 1
8 150 43 0
8 164 180 1
8 472 56 0
9 61 194 1
9 63 92 0
9 102 90 1
9 103 24 0
9 165 98 0
10 365 41 0
10 377 76 1
11 251 170 1
11 511 58 1
12 251 77 0
12 270 39 0
12 511 54 1
13 64 104 1
13 105 34 0
14 65 140 0
14 105 17 0
14 394 276 1
14 517 330 1
15 27 190 1
15 105 82 1
15 215 37 0
16 125 32 0
16 374 28 0
16 375 104 1
17 163 138 1
17 374 31 0
18 142 102 1
18 224 162 1
18 294 21 0
19 142 57 0
19 462 166 1
19 464 202 1
20 180 84 1
20 458 27 0
20 504 138 1
21 259 85 0
21 455 90 1
21 458 56 1
21 504 136 1
22 300 42 1
22 301 29 0
23 26 111 0
23 65 106 0
23 98 58 1
23 99 48 1
24 45 84 1
24 46 120 1
24 47 114 1
24 97 81 0
24 301 42 1
25 64 20 0
25 491 78 1
26 64 116 1
26 65 174 1
26 98 260 1
26 99 111 0
26 237 106 1
27 64 43 0
27 215 69 0
27 236 40 0
27 254 126 0
27 491 54 1
28 92 94 1
28 156 60 0
28 256 90 1
28 257 64 1
28 418 34 1
28 496 63 0
29 92 39 0
30 60 46 1
30 155 61 0
30 157 122 1
30 256 82 1
30 257 112 1
30 418 116 1
32 34 30 1
32 414 33 0
32 415 15 0
33 35 29 0
33 36 30 1
33 535 51 0
34 414 30 0
34 415 12 0
35 36 70 1
36 70 196 0
36 72 193 0
36 149 176 1
36 348 36 0
36 410 130 1
37 181 39 0
37 331 78 1
37 432 63 0
38 181 77 0
38 331 46 1
38 432 32 1
39 225 34 1
39 229 21 0
39 478 17 0
40 225 6 0
41 196 77 0
41 198 72 0
41 271 284 1
41 272 296 1
41 376 173 0
41 516 70 1
43 196 160 1
43 198 150 1
43 516 70 1
44 102 36 0
44 271 118 0
44 272 124 0
44 376 146 0
45 97 100 1
46 47 44 0
46 96 54 0
48 53 39 0
48 54 28 0
48 55 30 0
48 278 34 0
49 186 76 1
49 187 38 0
50 62 80 1
50 117 95 0
50 160 94 0
50 194 32 0
50 276 146 1
50 423 29 0
51 53 27 0
51 195 44 1
51 423 18 1
52 63 31 0
53 195 44 1
53 278 29 0
53 279 110 1
53 286 58 0
54 55 8 1
54 278 84 1
55 61 27 0
56 57 60 1
56 65 244 1
56 316 172 1
56 378 236 1
56 394 240 1
56 507 106 0
56 517 147 0
57 104 46 0
57 316 61 0
57 378 93 0
57 507 81 0
58 115 128 1
58 255 62 1
58 256 70 1
59 115 98 1
59 255 66 1
60 256 42 0
60 257 124 1
60 418 128 1
63 165 42 0
65 99 103 0
65 104 121 0
65 394 140 1
65 517 188 1
66 153 34 0
67 153 70 1
67 284 112 1
68 224 58 1
68 229 80 1
68 375 65 0
68 489 28 0
69 143 314 1
69 153 33 0
69 283 64 1
69 284 46 0
70 136 264 1
70 169 262 0
70 170 484 1
70 202 268 1
70 348 372 1
70 410 132 0
72 136 258 1
72 169 259 0
72 170 478 1
72 202 131 0
72 302 28 0
72 348 183 0
72 410 129 0
73 299 104 0
73 439 68 0
74 184 52 0
74 299 296 1
74 439 108 1
75 248 42 0
75 337 41 0
75 338 80 1
76 248 38 0
76 388 34 0
77 263 110 0
78 79 42 1
78 263 172 1
79 279 116 1
80 289 52 0
81 289 55 0
82 104 56 0
82 316 120 0
82 366 56 1
82 393 11 0
82 536 200 1
83 353 39 0
83 366 90 1
84 349 35 0
84 448 81 0
84 476 89 0
84 477 154 1
85 405 28 0
85 448 160 1
85 476 88 0
85 477 76 0
87 88 92 1
87 151 108 1
87 349 30 0
88 447 50 0
88 476 182 1
88 477 79 0
89 405 112 1
90 227 82 1
90 417 7 0
90 515 35 0
91 227 56 0
91 447 80 1
91 515 46 1
92 156 126 1
92 496 106 1
94 238 210 1
94 253 56 1
94 254 102 1
94 499 60 0
94 503 19 0
94 506 52 1
95 238 91 0
95 244 21 0
96 98 86 1
97 122 108 0
97 466 202 1
97 467 186 1
97 528 110 0
98 121 106 1
100 167 18 0
100 201 68 0
101 167 42 1
101 201 65 0
104 394 238 1
104 517 292 1
106 343 112 1
106 425 33 0
107 108 28 0
107 344 78 1
107 425 108 1
108 344 65 0
108 425 72 1
109 158 46 0
109 314 52 0
109 525 84 1
110 158 35 0
110 159 124 1
110 173 43 0
110 175 74 1
111 205 17 0
111 402 80 0
111 510 33 0
111 517 80 0
112 205 20 0
112 402 100 1
112 488 40 1
113 301 27 0
115 391 54 1
115 392 37 0
116 160 44 0
116 275 68 1
117 532 91 0
118 210 172 0
118 212 370 1
118 275 45 0
118 438 430 1
118 479 238 1
118 520 184 1
119 129 236 1
119 204 47 0
119 401 66 1
120 353 61 0
120 354 130 1
120 401 40 0
121 237 132 1
121 509 16 0
122 466 101 0
122 467 186 1
122 509 13 0
122 528 110 0
123 142 228 1
123 240 110 1
123 462 180 1
123 519 184 1
124 240 53 0
124 325 256 1
124 327 72 0
124 430 200 1
124 431 100 0
124 462 109 0
124 531 98 0
125 343 122 1
125 538 33 0
126 163 84 1
126 228 78 0
126 343 74 0
126 538 52 1
127 154 70 1
127 425 66 1
127 522 44 1
128 154 70 1
128 343 73 0
128 375 22 0
129 277 72 0
129 381 21 0
129 401 94 0
129 459 7 0
130 380 62 1
130 381 38 1
130 382 64 1
130 397 39 0
130 398 31 0
130 459 22 0
131 239 57 0
131 323 110 1
132 134 50 1
132 135 52 0
132 439 94 1
133 135 37 0
133 240 54 0
133 495 78 1
134 299 278 1
135 239 122 1
136 148 60 1
136 202 52 1
136 203 76 1
137 147 92 1
137 148 34 0
137 202 84 1
138 313 146 1
138 428 164 1
138 483 150 1
139 312 26 1
139 426 72 1
139 483 120 0
140 483 30 0
141 407 27 0
141 408 74 1
142 407 16 0
142 519 95 0
143 171 414 1
143 283 310 1
143 284 116 0
143 408 112 1
144 399 46 0
144 524 64 1
145 146 6 1
146 518 98 1
147 281 164 1
147 498 144 0
148 202 32 0
148 281 206 1
148 498 168 0
149 169 167 0
149 170 294 1
149 348 156 1
149 410 74 1
150 189 100 1
151 152 30 1
152 350 38 1
153 283 68 1
153 285 35 0
153 419 29 0
153 420 68 1
154 420 23 0
154 522 48 1
156 256 103 0
156 496 30 1
157 199 148 0
157 200 190 1
157 487 144 0
159 310 86 1
159 311 63 0
159 470 22 0
159 492 50 0
159 493 62 0
160 275 86 1
160 276 98 1
161 487 33 0
161 502 58 1
162 335 122 1
162 441 68 1
162 486 22 1
162 502 92 1
162 511 55 0
163 228 76 0
163 444 216 1
163 538 35 0
164 444 92 0
165 220 46 0
165 365 50 1
166 220 32 1
166 319 102 1
166 320 42 1
167 201 168 1
167 280 109 0
168 280 152 1
169 348 206 1
169 410 131 0
169 413 86 1
170 348 166 1
170 410 222 1
170 535 70 1
171 284 143 0
171 285 192 1
172 345 13 0
172 346 8 0
172 425 108 1
173 492 17 0
174 175 25 0
174 232 24 0
174 492 31 0
175 235 70 1
177 182 88 1
180 361 140 1
180 362 130 1
180 456 11 0
180 458 16 0
181 305 111 0
181 308 104 0
181 372 270 1
181 468 53 0
183 409 32 0
183 465 68 1
183 519 52 0
185 465 31 0
186 260 74 1
186 405 232 1
187 329 46 1
188 329 33 0
188 405 92 0
189 265 65 0
190 266 57 0
190 321 100 1
191 317 120 1
191 318 50 0
191 332 29 0
191 404 60 1
191 443 44 0
192 318 134 1
192 341 23 0
192 443 68 0
193 298 188 1
193 299 108 0
193 332 21 0
193 333 28 0
193 384 35 0
194 423 14 0
195 286 44 0
196 405 224 1
196 406 66 0
196 516 46 0
197 326 334 1
197 358 200 1
197 405 86 0
197 406 41 0
197 513 314 1
197 514 298 1
198 516 41 0
199 391 39 0
199 392 18 1
199 527 38 0
200 487 166 1
201 471 53 0
204 402 88 0
204 488 19 0
205 402 66 0
205 517 83 0
206 207 21 0
206 209 56 0
206 354 150 1
206 401 33 0
207 209 39 0
207 354 116 1
208 209 102 0
208 354 121 0
209 354 72 1
210 433 17 0
210 438 94 1
210 479 236 1
210 480 284 1
210 520 340 1
211 212 30 1
211 438 98 1
212 479 262 1
212 480 310 1
212 520 183 0
213 252 38 1
213 254 164 1
214 364 64 1
214 399 38 0
215 252 64 1
216 221 42 1
216 223 36 1
216 442 8 0
217 389 50 1
218 383 39 0
218 454 30 0
219 290 124 0
219 291 90 1
219 292 62 1
219 319 28 0
219 320 42 0
219 451 45 0
220 319 38 0
220 320 30 1
220 365 37 0
221 411 104 1
221 442 25 0
221 452 36 0
222 223 14 1
222 452 23 0
223 389 24 0
223 411 62 0
224 294 188 1
224 489 14 0
225 478 5 0
225 489 15 0
226 229 37 0
226 444 44 0
227 444 68 1
228 538 106 1
229 375 152 1
230 484 78 1
231 536 94 1
232 235 35 0
233 235 16 0
233 484 45 0
235 440 41 0
236 490 20 1
236 491 15 0
237 238 25 0
237 490 76 1
237 509 148 1
238 253 188 1
238 254 114 0
238 490 32 1
239 325 65 0
241 460 18 0
241 481 48 0
241 482 20 0
241 483 98 1
241 518 27 0
244 245 25 0
244 506 40 0
245 335 18 0
246 359 56 1
246 360 60 1
247 359 36 0
248 337 36 1
248 387 86 1
248 388 27 0
249 386 62 1
249 387 14 1
249 388 20 0
250 269 34 1
250 270 12 1
250 486 54 1
251 269 27 0
251 270 92 1
252 399 90 1
253 499 44 0
253 503 90 1
254 503 126 1
255 297 50 1
256 257 22 0
256 496 106 0
257 297 11 0
257 418 16 0
258 505 218 1
259 455 112 1
259 500 49 0
259 501 50 0
259 504 294 1
260 328 36 1
262 435 42 0
262 533 93 0
262 534 230 1
263 279 108 0
263 286 65 0
264 286 108 1
264 433 94 1
264 438 56 0
265 321 36 1
265 350 36 0
267 339 54 1
267 340 26 1
267 424 25 0
268 339 82 1
269 486 41 0
270 486 58 1
271 376 84 0
271 377 182 1
272 403 62 1
273 378 76 1
273 379 56 1
273 399 280 1
273 400 166 1
273 507 86 1
274 378 30 1
274 379 25 0
276 469 100 1
276 532 89 0
280 414 48 0
281 282 41 0
281 498 144 0
283 419 11 0
287 449 80 1
287 494 42 1
288 494 22 1
289 521 192 1
290 291 87 0
290 292 117 0
290 293 138 1
290 319 214 1
290 376 84 0
290 467 104 1
291 376 111 0
292 293 69 0
292 376 282 1
293 376 150 0
293 391 33 0
293 467 80 1
294 462 101 0
294 464 119 0
295 461 24 0
296 315 42 0
296 525 27 0
297 418 52 1
298 330 144 1
298 333 236 1
298 384 108 0
299 330 172 1
299 333 264 1
299 384 122 0
299 439 121 0
301 309 56 1
301 510 62 1
302 355 90 1
302 356 38 1
303 304 10 0
303 356 24 0
303 422 28 0
304 356 17 0
304 421 16 0
304 422 42 1
305 468 124 1
306 307 40 1
306 342 19 0
307 342 40 1
308 468 55 0
309 510 50 1
310 470 52 1
310 492 36 1
310 493 20 0
310 526 42 0
311 471 30 0
311 493 16 1
311 526 76 1
312 426 68 1
312 427 46 0
312 428 40 0
312 483 132 0
312 524 58 0
313 428 11 0
313 483 135 0
314 525 46 0
315 461 33 0
316 393 114 0
316 507 94 1
316 536 180 1
317 341 43 0
317 443 31 0
319 376 85 0
320 469 44 0
322 347 42 1
323 325 64 1
324 347 88 1
324 454 53 0
325 327 278 1
325 357 234 0
325 358 239 0
325 431 100 0
325 436 296 1
325 531 260 1
326 436 60 1
326 437 82 1
326 513 100 0
326 514 92 0
327 436 36 1
327 437 78 1
328 367 86 1
330 384 114 1
331 443 36 0
332 384 68 1
332 404 58 1
333 384 30 0
333 404 31 0
335 486 126 1
336 502 104 1
336 508 27 0
336 528 80 0
341 445 42 0
343 374 198 1
345 346 9 0
346 425 49 0
348 410 55 0
351 357 42 1
351 395 119 0
351 397 39 0
351 529 31 0
351 530 119 0
352 397 60 1
354 421 82 1
355 356 104 1
356 421 17 0
357 395 260 1
357 436 112 0
357 529 42 0
357 530 260 1
357 531 105 0
358 395 314 1
358 436 234 1
358 513 274 1
358 514 129 0
358 530 137 0
358 531 110 0
360 390 34 0
362 364 84 1
362 412 47 0
363 364 84 1
363 412 10 1
364 412 90 1
366 393 38 0
368 512 14 0
369 416 58 1
369 463 108 1
369 464 80 1
369 512 54 1
370 512 12 0
370 514 56 1
371 416 84 1
372 434 56 1
372 468 172 1
373 434 50 1
373 533 140 1
373 534 92 0
375 489 180 1
376 467 133 0
378 507 13 0
380 474 60 1
380 475 24 0
383 454 62 1
385 435 150 1
385 473 47 0
386 387 64 1
391 527 38 0
392 527 62 1
393 536 94 0
395 431 118 0
395 474 30 0
395 475 29 0
395 523 13 0
395 529 178 1
395 530 134 1
396 424 60 1
396 474 34 1
398 459 25 0
408 409 44 0
409 465 68 1
411 442 39 0
413 535 22 1
413 536 53 0
416 464 78 1
420 522 14 0
421 429 45 0
422 429 42 0
424 523 40 1
426 524 72 1
427 524 60 1
428 483 288 1
430 436 76 0
430 530 60 1
430 531 58 1
431 436 182 1
432 443 21 0
434 533 46 0
434 534 136 1
435 473 45 0
435 533 52 0
435 534 74 0
436 529 258 1
436 530 208 1
436 531 148 1
438 479 161 0
438 480 185 0
438 520 426 1
441 486 36 0
444 472 85 0
446 456 57 0
446 457 57 0
447 477 74 1
447 515 30 0
448 477 58 1
448 515 58 1
449 453 1 0
450 451 144 1
450 494 88 1
451 485 29 0
451 532 100 1
452 503 78 1
455 457 56 1
455 458 37 0
455 500 116 1
455 501 74 1
455 504 107 0
456 457 22 1
457 501 94 1
460 482 48 1
461 525 42 1
462 519 346 1
463 464 16 0
465 495 26 0
465 519 56 1
466 527 36 0
466 528 38 1
469 532 184 1
470 492 39 0
470 526 66 1
476 513 33 0
479 520 234 1
482 518 16 1
485 532 26 0
486 511 114 1
488 517 202 1
495 519 78 1
497 533 38 0
497 534 1 0
497 537 53 0
498 533 84 1
502 508 144 1
502 528 178 1
503 506 26 0
508 528 81 0
513 514 34 1
529 530 178 1
529 531 122 0

CENÁRIO 3
PROBABILIDADE: 426/1429 = 0.298111
QTD_ARESTAS_REQUERIDAS: 649
QTD_ARESTAS_NAO_REQUERIDAS: 676
1 2 98 1
1 3 40 1
1 4 31 0
5 6 42 0
7 8 34 1
9 10 96 1
11 12 11 0
13 14 49 0
13 15 92 1
16 17 29 0
18 19 84 1
20 21 8 1
22 23 74 1
22 24 43 0
25 26 90 1
25 27 60 1
28 29 43 0
28 30 42 0
31 32 38 0
31 33 19 0
31 34 36 0
31 35 31 0
31 36 7 0
37 38 98 1
39 40 16 0
41 42 34 0
41 43 96 1
41 44 88 1
45 46 46 1
45 47 48 1
48 49 57 0
50 51 70 1
50 52 15 0
53 54 50 1
53 55 28 0
14 56 35 0
14 57 64 1
58 59 54 1
58 60 80 1
61 62 28 0
61 63 32 0
64 65 84 1
66 67 4 1
66 68 60 1
66 69 16 0
6 70 51 0
70 71 29 0
70 72 56 1
73 74 55 0
75 76 26 0
77 78 30 0
77 79 30 0
80 81 6 0
82 83 55 0
84 85 100 1
84 86 43 0
84 87 92 1
84 88 30 0
84 89 25 0
90 91 32 1
92 93 50 0
94 95 90 1
96 97 58 1
23 96 110 1
98 99 22 0
100 101 4 0
102 103 51 0
56 104 40 1
56 105 94 1
106 107 31 0
106 108 4 0
109 110 62 1
111 112 72 1
111 113 31 0
46 97 64 1
59 114 30 0
114 115 48 1
116 117 53 0
116 118 43 0
119 120 59 0
121 122 50 1
123 124 37 0
125 126 30 1
127 128 29 0
129 130 48 1
131 132 41 0
131 133 46 0
131 134 104 1
131 135 42 1
136 137 17 0
138 139 54 0
138 140 104 1
141 142 32 0
141 143 110 1
144 145 51 0
144 146 100 1
147 148 80 1
147 149 76 1
150 151 35 0
150 152 44 1
153 154 21 0
85 89 88 1
155 156 71 0
60 155 64 0
155 157 32 0
158 159 29 0
117 160 22 0
161 162 42 1
163 164 36 0
165 166 64 1
167 168 112 1
67 69 30 1
169 170 28 0
171 172 16 1
173 174 34 1
173 175 60 1
176 177 20 0
176 178 52 1
176 179 52 1
145 180 116 1
181 182 44 0
183 184 42 0
183 185 40 0
186 187 58 1
186 188 80 1
189 190 82 1
191 192 102 1
191 193 62 1
51 194 8 0
194 195 23 0
196 197 88 1
196 198 35 0
199 200 114 1
115 199 40 0
168 201 94 1
202 203 26 1
204 205 45 0
120 206 26 0
120 207 10 0
120 208 134 1
120 209 90 1
210 211 42 1
210 212 40 1
213 214 45 0
213 215 52 1
216 217 12 1
132 218 126 1
219 220 39 0
221 222 38 1
221 223 14 0
224 225 28 0
226 227 82 1
226 228 80 1
225 229 36 0
40 229 68 1
148 203 78 1
230 231 44 0
230 232 28 0
230 233 38 1
230 234 68 1
230 235 30 1
236 237 94 1
236 238 46 1
133 239 62 1
239 240 52 1
241 242 76 1
243 244 38 0
243 245 64 1
243 246 52 1
243 247 22 0
248 249 46 0
250 251 43 0
214 252 36 0
253 254 24 0
177 178 9 0
255 256 15 0
255 257 27 0
258 259 178 1
187 260 9 0
261 262 54 1
179 261 30 0
263 264 62 0
265 266 88 1
152 265 39 0
267 268 96 1
269 270 20 0
271 272 80 1
47 271 72 1
273 274 92 1
117 275 70 1
117 276 37 0
206 277 68 1
278 279 34 0
280 281 53 0
280 282 42 0
283 284 110 1
283 285 5 0
279 286 94 1
287 288 38 1
287 289 70 1
46 290 41 0
291 292 64 1
291 293 80 1
142 294 43 0
295 296 24 1
256 297 27 0
298 299 34 1
300 301 18 1
24 300 24 0
113 300 34 0
302 303 31 0
302 304 58 1
305 306 36 0
305 307 80 1
305 308 19 0
24 309 29 0
113 309 28 0
310 311 21 0
312 313 40 0
314 315 68 1
2 316 46 0
306 317 64 1
317 318 16 0
319 320 98 1
266 321 28 0
322 323 27 0
322 324 108 1
322 325 100 1
326 327 39 0
328 329 34 1
330 331 86 1
193 330 31 0
19 294 23 0
332 333 10 0
244 334 34 1
334 335 66 1
245 334 24 0
334 336 114 1
95 334 31 0
337 338 4 0
6 339 25 0
339 340 38 1
341 342 78 1
108 343 116 1
344 345 58 0
344 346 126 1
323 347 47 0
325 347 66 0
33 348 39 0
86 349 64 1
86 350 108 1
86 89 20 0
351 352 16 0
83 208 68 1
208 353 26 1
354 355 56 0
354 356 90 1
357 358 29 0
231 233 26 0
359 360 30 0
361 362 15 0
361 363 96 1
361 364 29 0
166 365 62 1
104 366 70 1
266 367 56 1
368 369 16 0
368 370 8 1
211 264 46 0
225 371 80 1
372 373 5 0
308 372 36 0
374 375 74 1
376 377 90 1
378 379 24 1
380 381 28 1
380 382 56 1
383 384 138 1
324 383 72 1
385 386 98 1
387 388 19 0
389 390 40 1
391 392 62 1
83 393 59 0
83 394 58 0
395 396 14 0
397 398 39 0
399 400 68 0
277 401 82 1
402 403 2 1
329 367 36 0
192 404 42 0
405 406 94 1
407 408 25 0
143 407 70 0
407 409 112 1
137 410 66 1
411 412 39 0
170 413 25 0
71 72 29 0
281 414 98 1
282 414 18 1
414 415 20 0
232 234 22 0
416 417 68 1
29 418 78 1
29 289 70 1
419 420 27 0
285 419 16 1
421 422 19 0
260 329 16 0
52 62 52 1
52 423 64 1
340 424 31 0
345 425 56 0
426 427 44 0
139 428 45 0
34 282 76 1
277 429 82 1
430 431 46 1
331 432 27 0
211 433 26 1
434 435 35 0
436 437 96 1
212 433 25 0
433 438 37 0
134 439 46 1
3 440 68 1
335 441 30 0
209 355 60 0
217 442 16 1
318 443 32 1
228 444 33 0
342 445 34 1
307 445 32 0
362 446 28 0
447 448 9 0
288 449 48 1
288 450 52 0
292 451 25 0
178 182 90 1
146 242 26 0
390 452 38 0
275 453 58 1
384 454 46 0
455 456 76 1
457 458 42 1
381 459 25 0
242 460 26 0
139 313 41 0
296 461 14 0
462 463 17 0
462 464 25 0
184 465 47 0
184 185 42 1
466 467 94 1
38 468 52 1
166 469 46 0
470 471 39 0
164 472 35 0
262 473 33 0
474 475 60 1
476 477 38 1
371 478 36 0
479 480 30 0
481 482 106 1
481 483 46 1
242 482 26 0
89 349 66 1
151 350 28 1
8 151 43 0
234 484 80 1
320 485 45 0
486 487 74 1
205 488 56 1
40 489 22 1
490 491 36 1
492 493 34 0
449 494 68 1
118 449 88 1
185 495 28 0
93 496 43 0
497 498 12 1
254 499 86 1
500 501 46 1
162 487 34 0
487 502 33 0
499 503 44 0
504 505 30 1
95 506 30 0
381 382 31 0
274 507 52 1
379 507 16 0
508 509 74 1
122 508 35 0
113 510 7 0
437 463 53 0
285 420 68 1
441 511 56 1
512 513 25 0
512 514 24 0
417 515 33 0
42 516 24 0
42 43 15 0
394 517 34 0
242 518 56 1
409 519 68 1
60 157 104 1
520 521 90 1
425 522 48 0
396 523 12 0
62 63 18 1
91 417 18 0
400 524 130 1
370 513 68 1
456 458 32 1
400 427 84 1
81 521 84 1
315 525 32 1
218 324 68 1
4 440 28 0
471 526 13 0
467 527 88 1
527 528 52 0
352 529 58 1
530 531 36 0
450 532 37 0
533 534 38 0
118 453 44 0
246 247 32 1
282 415 56 1
10 103 31 0
535 536 96 1
17 228 50 1
103 377 70 1
382 475 23 0
498 537 98 1
17 538 70 1
76 537 43 0
1 440 32 1
2 3 60 1
2 56 230 1
2 57 180 1
2 274 34 0
2 507 70 1
3 274 108 1
3 379 156 1
4 109 43 0
4 110 47 0
4 314 56 0
5 70 13 0
5 71 34 1
5 72 40 1
6 71 54 1
6 268 39 0
7 150 108 1
7 164 75 0
7 472 60 0
8 150 43 0
8 164 180 1
8 472 112 1
9 61 194 1
9 63 184 1
9 102 45 0
9 103 48 1
9 165 196 1
10 365 82 1
10 377 38 0
11 251 85 0
11 511 29 0
12 251 77 0
12 270 39 0
12 511 27 0
13 64 52 0
13 105 34 0
14 65 140 0
14 105 34 1
14 394 276 1
14 517 330 1
15 27 190 1
15 105 82 1
15 215 37 0
16 125 32 0
16 374 28 0
16 375 104 1
17 163 138 1
17 374 31 0
18 142 51 0
18 224 81 0
18 294 42 1
19 142 114 1
19 462 166 1
19 464 202 1
20 180 42 0
20 458 54 1
20 504 138 1
21 259 170 1
21 455 90 1
21 458 56 1
21 504 68 0
22 300 42 1
22 301 58 1
23 26 222 1
23 65 212 1
23 98 29 0
23 99 48 1
24 45 42 0
24 46 60 0
24 47 57 0
24 97 162 1
24 301 21 0
25 64 20 0
25 491 39 0
26 64 116 1
26 65 87 0
26 98 260 1
26 99 111 0
26 237 53 0
27 64 43 0
27 215 69 0
27 236 40 0
27 254 126 0
27 491 54 1
28 92 94 1
28 156 60 0
28 256 90 1
28 257 64 1
28 418 34 1
28 496 63 0
29 92 39 0
30 60 23 0
30 155 122 1
30 157 122 1
30 256 41 0
30 257 56 0
30 418 116 1
32 34 15 0
32 414 66 1
32 415 15 0
33 35 58 1
33 36 15 0
33 535 102 1
34 414 60 1
34 415 12 0
35 36 35 0
36 70 392 1
36 72 386 1
36 149 88 0
36 348 72 1
36 410 130 1
37 181 78 1
37 331 39 0
37 432 126 1
38 181 77 0
38 331 23 0
38 432 16 0
39 225 17 0
39 229 21 0
39 478 17 0
40 225 6 0
41 196 77 0
41 198 72 0
41 271 142 0
41 272 148 0
41 376 173 0
41 516 35 0
43 196 80 0
43 198 150 1
43 516 70 1
44 102 72 1
44 271 236 1
44 272 124 0
44 376 146 0
45 97 100 1
46 47 88 1
46 96 54 0
48 53 39 0
48 54 28 0
48 55 30 0
48 278 68 1
49 186 38 0
49 187 38 0
50 62 40 0
50 117 95 0
50 160 188 1
50 194 32 0
50 276 73 0
50 423 58 1
51 53 54 1
51 195 22 0
51 423 18 1
52 63 62 1
53 195 44 1
53 278 58 1
53 279 110 1
53 286 58 0
54 55 8 1
54 278 42 0
55 61 27 0
56 57 30 0
56 65 122 0
56 316 86 0
56 378 236 1
56 394 240 1
56 507 212 1
56 517 147 0
57 104 46 0
57 316 122 1
57 378 186 1
57 507 162 1
58 115 128 1
58 255 31 0
58 256 35 0
59 115 49 0
59 255 66 1
60 256 84 1
60 257 124 1
60 418 128 1
63 165 42 0
65 99 103 0
65 104 242 1
65 394 140 1
65 517 188 1
66 153 34 0
67 153 35 0
67 284 56 0
68 224 58 1
68 229 80 1
68 375 130 1
68 489 28 0
69 143 314 1
69 153 33 0
69 283 32 0
69 284 46 0
70 136 264 1
70 169 524 1
70 170 484 1
70 202 268 1
70 348 372 1
70 410 132 0
72 136 258 1
72 169 518 1
72 170 239 0
72 202 262 1
72 302 28 0
72 348 366 1
72 410 129 0
73 299 208 1
73 439 136 1
74 184 104 1
74 299 296 1
74 439 108 1
75 248 84 1
75 337 82 1
75 338 80 1
76 248 38 0
76 388 68 1
77 263 110 0
78 79 21 0
78 263 172 1
79 279 58 0
80 289 52 0
81 289 55 0
82 104 56 0
82 316 120 0
82 366 56 1
82 393 11 0
82 536 200 1
83 353 78 1
83 366 45 0
84 349 70 1
84 448 81 0
84 476 178 1
84 477 77 0
85 405 28 0
85 448 160 1
85 476 88 0
85 477 76 0
87 88 92 1
87 151 54 0
87 349 30 0
88 447 50 0
88 476 182 1
88 477 158 1
89 405 56 0
90 227 41 0
90 417 7 0
90 515 35 0
91 227 56 0
91 447 40 0
91 515 23 0
92 156 63 0
92 496 106 1
94 238 210 1
94 253 28 0
94 254 102 1
94 499 60 0
94 503 38 1
94 506 52 1
95 238 182 1
95 244 42 1
96 98 86 1
97 122 216 1
97 466 101 0
97 467 186 1
97 528 110 0
98 121 106 1
100 167 36 1
100 201 68 0
101 167 21 0
101 201 65 0
104 394 119 0
104 517 292 1
106 343 56 0
106 425 66 1
107 108 56 1
107 344 39 0
107 425 108 1
108 344 130 1
108 425 36 0
109 158 92 1
109 314 104 1
109 525 84 1
110 158 70 1
110 159 62 0
110 173 43 0
110 175 74 1
111 205 34 1
111 402 160 1
111 510 33 0
111 517 160 1
112 205 20 0
112 402 50 0
112 488 40 1
113 301 54 1
115 391 27 0
115 392 74 1
116 160 88 1
116 275 34 0
117 532 182 1
118 210 344 1
118 212 370 1
118 275 45 0
118 438 430 1
118 479 238 1
118 520 184 1
119 129 118 0
119 204 47 0
119 401 33 0
120 353 122 1
120 354 65 0
120 401 80 1
121 237 66 0
121 509 32 1
122 466 202 1
122 467 93 0
122 509 13 0
122 528 110 0
123 142 228 1
123 240 55 0
123 462 180 1
123 519 92 0
124 240 106 1
124 325 256 1
124 327 144 1
124 430 100 0
124 431 100 0
124 462 109 0
124 531 98 0
125 343 61 0
125 538 66 1
126 163 84 1
126 228 156 1
126 343 74 0
126 538 26 0
127 154 35 0
127 425 33 0
127 522 22 0
128 154 35 0
128 343 146 1
128 375 44 1
129 277 144 1
129 381 42 1
129 401 94 0
129 459 14 1
130 380 62 1
130 381 19 0
130 382 64 1
130 397 78 1
130 398 31 0
130 459 22 0
131 239 57 0
131 323 110 1
132 134 25 0
132 135 52 0
132 439 94 1
133 135 37 0
133 240 54 0
133 495 39 0
134 299 278 1
135 239 61 0
136 148 30 0
136 202 52 1
136 203 76 1
137 147 92 1
137 148 34 0
137 202 42 0
138 313 73 0
138 428 82 0
138 483 150 1
139 312 26 1
139 426 36 0
139 483 240 1
140 483 30 0
141 407 27 0
141 408 74 1
142 407 32 1
142 519 190 1
143 171 414 1
143 283 310 1
143 284 232 1
143 408 56 0
144 399 92 1
144 524 64 1
145 146 3 0
146 518 98 1
147 281 164 1
147 498 144 0
148 202 32 0
148 281 206 1
148 498 168 0
149 169 167 0
149 170 294 1
149 348 78 0
149 410 74 1
150 189 50 0
151 152 30 1
152 350 19 0
153 283 68 1
153 285 70 1
153 419 29 0
153 420 68 1
154 420 23 0
154 522 48 1
156 256 103 0
156 496 30 1
157 199 148 0
157 200 190 1
157 487 144 0
159 310 43 0
159 311 126 1
159 470 44 1
159 492 50 0
159 493 62 0
160 275 43 0
160 276 98 1
161 487 66 1
161 502 29 0
162 335 122 1
162 441 68 1
162 486 11 0
162 502 46 0
162 511 110 1
163 228 152 1
163 444 108 0
163 538 35 0
164 444 92 0
165 220 46 0
165 365 25 0
166 220 32 1
166 319 102 1
166 320 21 0
167 201 84 0
167 280 218 1
168 280 76 0
169 348 206 1
169 410 262 1
169 413 86 1
170 348 166 1
170 410 222 1
170 535 70 1
171 284 143 0
171 285 192 1
172 345 13 0
172 346 16 1
172 425 108 1
173 492 17 0
174 175 25 0
174 232 24 0
174 492 62 1
175 235 70 1
177 182 44 0
180 361 140 1
180 362 65 0
180 456 11 0
180 458 32 1
181 305 222 1
181 308 208 1
181 372 270 1
181 468 53 0
183 409 32 0
183 465 34 0
183 519 104 1
185 465 62 1
186 260 37 0
186 405 116 0
187 329 46 1
188 329 66 1
188 405 92 0
189 265 130 1
190 266 114 1
190 321 100 1
191 317 60 0
191 318 50 0
191 332 29 0
191 404 30 0
191 443 44 0
192 318 67 0
192 341 23 0
192 443 68 0
193 298 188 1
193 299 108 0
193 332 42 1
193 333 28 0
193 384 70 1
194 423 14 0
195 286 44 0
196 405 224 1
196 406 132 1
196 516 46 0
197 326 334 1
197 358 100 0
197 405 172 1
197 406 82 1
197 513 314 1
197 514 149 0
198 516 82 1
199 391 39 0
199 392 9 0
199 527 38 0
200 487 166 1
201 471 53 0
204 402 88 0
204 488 19 0
205 402 66 0
205 517 83 0
206 207 21 0
206 209 56 0
206 354 150 1
206 401 33 0
207 209 78 1
207 354 58 0
208 209 102 0
208 354 242 1
209 354 36 0
210 433 34 1
210 438 47 0
210 479 118 0
210 480 142 0
210 520 170 0
211 212 30 1
211 438 49 0
212 479 131 0
212 480 155 0
212 520 183 0
213 252 19 0
213 254 164 1
214 364 32 0
214 399 76 1
215 252 64 1
216 221 42 1
216 223 36 1
216 442 8 0
217 389 50 1
218 383 39 0
218 454 30 0
219 290 248 1
219 291 45 0
219 292 62 1
219 319 56 1
219 320 42 0
219 451 45 0
220 319 38 0
220 320 15 0
220 365 37 0
221 411 104 1
221 442 25 0
221 452 36 0
222 223 7 0
222 452 46 1
223 389 24 0
223 411 124 1
224 294 94 0
224 489 28 1
225 478 10 1
225 489 30 1
226 229 37 0
226 444 88 1
227 444 34 0
228 538 53 0
229 375 152 1
230 484 39 0
231 536 47 0
232 235 70 1
233 235 16 0
233 484 90 1
235 440 82 1
236 490 20 1
236 491 30 1
237 238 25 0
237 490 38 0
237 509 74 0
238 253 94 0
238 254 228 1
238 490 32 1
239 325 130 1
241 460 36 1
241 481 96 1
241 482 20 0
241 483 49 0
241 518 27 0
244 245 50 1
244 506 80 1
245 335 36 1
246 359 56 1
246 360 60 1
247 359 36 0
248 337 36 1
248 387 43 0
248 388 54 1
249 386 62 1
249 387 7 0
249 388 20 0
250 269 17 0
250 270 6 0
250 486 27 0
251 269 54 1
251 270 92 1
252 399 45 0
253 499 44 0
253 503 45 0
254 503 63 0
255 297 50 1
256 257 22 0
256 496 212 1
257 297 22 1
257 418 16 0
258 505 218 1
259 455 56 0
259 500 49 0
259 501 50 0
259 504 294 1
260 328 36 1
262 435 42 0
262 533 186 1
262 534 230 1
263 279 108 0
263 286 65 0
264 286 108 1
264 433 47 0
264 438 56 0
265 321 36 1
265 350 72 1
267 339 54 1
267 340 26 1
267 424 25 0
268 339 82 1
269 486 82 1
270 486 29 0
271 376 168 1
271 377 182 1
272 403 31 0
273 378 76 1
273 379 56 1
273 399 280 1
273 400 83 0
273 507 43 0
274 378 30 1
274 379 25 0
276 469 100 1
276 532 178 1
280 414 48 0
281 282 41 0
281 498 288 1
283 419 22 1
287 449 40 0
287 494 42 1
288 494 22 1
289 521 96 0
290 291 87 0
290 292 117 0
290 293 138 1
290 319 107 0
290 376 168 1
290 467 52 0
291 376 222 1
292 293 138 1
292 376 141 0
293 376 300 1
293 391 33 0
293 467 40 0
294 462 101 0
294 464 238 1
295 461 48 1
296 315 84 1
296 525 54 1
297 418 26 0
298 330 72 0
298 333 236 1
298 384 108 0
299 330 86 0
299 333 264 1
299 384 122 0
299 439 121 0
301 309 28 0
301 510 31 0
302 355 45 0
302 356 19 0
303 304 10 0
303 356 24 0
303 422 28 0
304 356 17 0
304 421 16 0
304 422 42 1
305 468 62 0
306 307 20 0
306 342 38 1
307 342 20 0
308 468 55 0
309 510 50 1
310 470 26 0
310 492 18 0
310 493 20 0
310 526 84 1
311 471 30 0
311 493 16 1
311 526 76 1
312 426 68 1
312 427 92 1
312 428 40 0
312 483 132 0
312 524 116 1
313 428 22 1
313 483 135 0
314 525 46 0
315 461 66 1
316 393 228 1
316 507 94 1
316 536 180 1
317 341 43 0
317 443 31 0
319 376 85 0
320 469 44 0
322 347 21 0
323 325 32 0
324 347 44 0
324 454 106 1
325 327 278 1
325 357 468 1
325 358 478 1
325 431 200 1
325 436 148 0
325 531 130 0
326 436 30 0
326 437 82 1
326 513 200 1
326 514 184 1
327 436 18 0
327 437 39 0
328 367 86 1
330 384 57 0
331 443 36 0
332 384 68 1
332 404 58 1
333 384 30 0
333 404 62 1
335 486 63 0
336 502 104 1
336 508 54 1
336 528 80 0
341 445 84 1
343 374 198 1
345 346 9 0
346 425 49 0
348 410 55 0
351 357 42 1
351 395 238 1
351 397 78 1
351 529 31 0
351 530 238 1
352 397 60 1
354 421 82 1
355 356 104 1
356 421 17 0
357 395 260 1
357 436 224 1
357 529 42 0
357 530 130 0
357 531 210 1
358 395 157 0
358 436 234 1
358 513 137 0
358 514 258 1
358 530 137 0
358 531 110 0
360 390 68 1
362 364 84 1
362 412 47 0
363 364 42 0
363 412 5 0
364 412 90 1
366 393 38 0
368 512 28 1
369 416 58 1
369 463 54 0
369 464 80 1
369 512 54 1
370 512 24 1
370 514 28 0
371 416 84 1
372 434 56 1
372 468 86 0
373 434 25 0
373 533 70 0
373 534 184 1
375 489 90 0
376 467 266 1
378 507 26 1
380 474 30 0
380 475 48 1
383 454 31 0
385 435 150 1
385 473 94 1
386 387 32 0
391 527 76 1
392 527 62 1
393 536 188 1
395 431 118 0
395 474 30 0
395 475 29 0
395 523 13 0
395 529 89 0
395 530 134 1
396 424 60 1
396 474 17 0
398 459 50 1
408 409 44 0
409 465 34 0
411 442 39 0
413 535 11 0
413 536 53 0
416 464 78 1
420 522 28 1
421 429 90 1
422 429 42 0
424 523 20 0
426 524 36 0
427 524 30 0
428 483 288 1
430 436 152 1
430 530 30 0
430 531 58 1
431 436 182 1
432 443 21 0
434 533 92 1
434 534 68 0
435 473 45 0
435 533 104 1
435 534 148 1
436 529 258 1
436 530 208 1
436 531 148 1
438 479 161 0
438 480 185 0
438 520 426 1
441 486 36 0
444 472 85 0
446 456 114 1
446 457 114 1
447 477 37 0
447 515 30 0
448 477 29 0
448 515 58 1
449 453 2 1
450 451 72 0
450 494 88 1
451 485 58 1
451 532 50 0
452 503 39 0
455 457 56 1
455 458 37 0
455 500 116 1
455 501 74 1
455 504 107 0
456 457 22 1
457 501 94 1
460 482 24 0
461 525 21 0
462 519 173 0
463 464 16 0
465 495 52 1
465 519 28 0
466 527 72 1
466 528 19 0
469 532 92 0
470 492 39 0
470 526 33 0
476 513 66 1
479 520 117 0
482 518 8 0
485 532 52 1
486 511 114 1
488 517 101 0
495 519 39 0
497 533 76 1
497 534 1 0
497 537 53 0
498 533 84 1
502 508 144 1
502 528 178 1
503 506 52 1
508 528 81 0
513 514 34 1
529 530 178 1
529 531 122 0

CENÁRIO 4
PROBABILIDADE: 479/1429 = 0.335199
QTD_ARESTAS_REQUERIDAS: 681
QTD_ARESTAS_NAO_REQUERIDAS: 644
1 2 98 1
1 3 20 0
1 4 31 0
5 6 84 1
7 8 17 0
9 10 48 0
11 12 22 1
13 14 49 0
13 15 46 0
16 17 58 1
18 19 84 1
20 21 4 0
22 23 74 1
22 24 43 0
25 26 45 0
25 27 30 0
28 29 86 1
28 30 42 0
31 32 76 1
31 33 38 1
31 34 72 1
31 35 62 1
31 36 7 0
37 38 49 0
39 40 32 1
41 42 68 1
41 43 96 1
41 44 44 0
45 46 46 1
45 47 48 1
48 49 57 0
50 51 35 0
50 52 15 0
53 54 50 1
53 55 56 1
14 56 35 0
14 57 64 1
58 59 27 0
58 60 80 1
61 62 56 1
61 63 64 1
64 65 42 0
66 67 4 1
66 68 30 0
66 69 16 0
6 70 102 1
70 71 29 0
70 72 28 0
73 74 55 0
75 76 52 1
77 78 30 0
77 79 60 1
80 81 6 0
82 83 55 0
84 85 100 1
84 86 86 1
84 87 46 0
84 88 30 0
84 89 25 0
90 91 16 0
92 93 50 0
94 95 45 0
96 97 29 0
23 96 55 0
98 99 44 1
100 101 8 1
102 103 102 1
56 104 20 0
56 105 47 0
106 107 62 1
106 108 8 1
109 110 62 1
111 112 72 1
111 113 31 0
46 97 32 0
59 114 30 0
114 115 24 0
116 117 106 1
116 118 86 1
119 120 118 1
121 122 50 1
123 124 74 1
125 126 15 0
127 128 58 1
129 130 48 1
131 132 82 1
131 133 46 0
131 134 104 1
131 135 42 1
136 137 34 1
138 139 108 1
138 140 52 0
141 142 32 0
141 143 110 1
144 145 102 1
144 146 50 0
147 148 80 1
147 149 38 0
150 151 70 1
150 152 44 1
153 154 21 0
85 89 88 1
155 156 142 1
60 155 64 0
155 157 32 0
158 159 29 0
117 160 44 1
161 162 21 0
163 164 36 0
165 166 32 0
167 168 56 0
67 69 15 0
169 170 28 0
171 172 8 0
173 174 34 1
173 175 60 1
176 177 40 1
176 178 26 0
176 179 52 1
145 180 116 1
181 182 44 0
183 184 42 0
183 185 40 0
186 187 29 0
186 188 80 1
189 190 82 1
191 192 102 1
191 193 31 0
51 194 16 1
194 195 23 0
196 197 88 1
196 198 35 0
199 200 57 0
115 199 40 0
168 201 47 0
202 203 13 0
204 205 90 1
120 206 52 1
120 207 20 1
120 208 134 1
120 209 90 1
210 211 42 1
210 212 20 0
213 214 45 0
213 215 26 0
216 217 12 1
132 218 63 0
219 220 78 1
221 222 19 0
221 223 28 1
224 225 28 0
226 227 82 1
226 228 40 0
225 229 36 0
40 229 68 1
148 203 78 1
230 231 88 1
230 232 28 0
230 233 19 0
230 234 34 0
230 235 30 1
236 237 47 0
236 238 23 0
133 239 62 1
239 240 26 0
241 242 76 1
243 244 38 0
243 245 32 0
243 246 26 0
243 247 44 1
248 249 92 1
250 251 86 1
214 252 36 0
253 254 48 1
177 178 9 0
255 256 15 0
255 257 27 0
258 259 178 1
187 260 18 1
261 262 54 1
179 261 30 0
263 264 124 1
265 266 88 1
152 265 78 1
267 268 48 0
269 270 40 1
271 272 40 0
47 271 36 0
273 274 46 0
117 275 70 1
117 276 37 0
206 277 34 0
278 279 68 1
280 281 53 0
280 282 42 0
283 284 55 0
283 285 10 1
279 286 47 0
287 288 38 1
287 289 70 1
46 290 41 0
291 292 64 1
291 293 80 1
142 294 86 1
295 296 24 1
256 297 54 1
298 299 34 1
300 301 18 1
24 300 48 1
113 300 68 1
302 303 31 0
302 304 29 0
305 306 36 0
305 307 80 1
305 308 38 1
24 309 58 1
113 309 56 1
310 311 21 0
312 313 80 1
314 315 34 0
2 316 46 0
306 317 64 1
317 318 32 1
319 320 49 0
266 321 28 0
322 323 54 1
322 324 108 1
322 325 50 0
326 327 39 0
328 329 34 1
330 331 43 0
193 330 31 0
19 294 46 1
332 333 10 0
244 334 17 0
334 335 33 0
245 334 24 0
334 336 114 1
95 334 62 1
337 338 8 1
6 339 25 0
339 340 38 1
341 342 39 0
108 343 58 0
344 345 116 1
344 346 63 0
323 347 94 1
325 347 132 1
33 348 39 0
86 349 32 0
86 350 108 1
86 89 20 0
351 352 32 1
83 208 68 1
208 353 26 1
354 355 56 0
354 356 45 0
357 358 29 0
231 233 26 0
359 360 60 1
361 362 30 1
361 363 48 0
361 364 29 0
166 365 31 0
104 366 70 1
266 367 28 0
368 369 16 0
368 370 8 1
211 264 46 0
225 371 40 0
372 373 5 0
308 372 72 1
374 375 74 1
376 377 45 0
378 379 12 0
380 381 14 0
380 382 56 1
383 384 69 0
324 383 36 0
385 386 98 1
387 388 38 1
389 390 20 0
391 392 31 0
83 393 59 0
83 394 116 1
395 396 28 1
397 398 39 0
399 400 136 1
277 401 41 0
402 403 1 0
329 367 36 0
192 404 84 1
405 406 47 0
407 408 50 1
143 407 70 0
407 409 56 0
137 410 33 0
411 412 78 1
170 413 25 0
71 72 29 0
281 414 98 1
282 414 9 0
414 415 40 1
232 234 22 0
416 417 68 1
29 418 78 1
29 289 35 0
419 420 54 1
285 419 8 0
421 422 38 1
260 329 32 1
52 62 52 1
52 423 32 0
340 424 62 1
345 425 112 1
426 427 44 0
139 428 90 1
34 282 76 1
277 429 82 1
430 431 46 1
331 432 54 1
211 433 26 1
434 435 35 0
436 437 48 0
212 433 25 0
433 438 74 1
134 439 46 1
3 440 68 1
335 441 60 1
209 355 60 0
217 442 16 1
318 443 16 0
228 444 66 1
342 445 34 1
307 445 32 0
362 446 28 0
447 448 18 1
288 449 48 1
288 450 52 0
292 451 25 0
178 182 90 1
146 242 52 1
390 452 38 0
275 453 29 0
384 454 92 1
455 456 76 1
457 458 21 0
381 459 50 1
242 460 26 0
139 313 41 0
296 461 14 0
462 463 17 0
462 464 25 0
184 465 94 1
184 185 42 1
466 467 94 1
38 468 26 0
166 469 92 1
470 471 78 1
164 472 35 0
262 473 33 0
474 475 30 0
476 477 38 1
371 478 36 0
479 480 60 1
481 482 53 0
481 483 46 1
242 482 52 1
89 349 33 0
151 350 14 0
8 151 86 1
234 484 80 1
320 485 90 1
486 487 37 0
205 488 56 1
40 489 11 0
490 491 36 1
492 493 34 0
449 494 68 1
118 449 88 1
185 495 56 1
93 496 43 0
497 498 12 1
254 499 86 1
500 501 23 0
162 487 34 0
487 502 66 1
499 503 88 1
504 505 15 0
95 506 30 0
381 382 62 1
274 507 52 1
379 507 16 0
508 509 37 0
122 508 35 0
113 510 14 1
437 463 53 0
285 420 68 1
441 511 56 1
512 513 25 0
512 514 48 1
417 515 33 0
42 516 24 0
42 43 15 0
394 517 34 0
242 518 56 1
409 519 68 1
60 157 52 0
520 521 45 0
425 522 96 1
396 523 12 0
62 63 18 1
91 417 36 1
400 524 65 0
370 513 68 1
456 458 16 0
400 427 84 1
81 521 84 1
315 525 16 0
218 324 68 1
4 440 56 1
471 526 13 0
467 527 44 0
527 528 52 0
352 529 58 1
530 531 72 1
450 532 37 0
533 534 76 1
118 453 44 0
246 247 32 1
282 415 56 1
10 103 62 1
535 536 48 0
17 228 50 1
103 377 35 0
382 475 46 1
498 537 98 1
17 538 70 1
76 537 43 0
1 440 16 0
2 3 30 0
2 56 115 0
2 57 180 1
2 274 68 1
2 507 70 1
3 274 108 1
3 379 78 0
4 109 43 0
4 110 47 0
4 314 56 0
5 70 13 0
5 71 17 0
5 72 40 1
6 71 54 1
6 268 78 1
7 150 108 1
7 164 150 1
7 472 120 1
8 150 86 1
8 164 180 1
8 472 56 0
9 61 97 0
9 63 92 0
9 102 90 1
9 103 48 1
9 165 196 1
10 365 41 0
10 377 76 1
11 251 170 1
11 511 58 1
12 251 77 0
12 270 78 1
12 511 54 1
13 64 52 0
13 105 68 1
14 65 280 1
14 105 34 1
14 394 276 1
14 517 165 0
15 27 190 1
15 105 82 1
15 215 37 0
16 125 32 0
16 374 28 0
16 375 52 0
17 163 138 1
17 374 31 0
18 142 102 1
18 224 162 1
18 294 21 0
19 142 114 1
19 462 166 1
19 464 202 1
20 180 42 0
20 458 27 0
20 504 69 0
21 259 85 0
21 455 90 1
21 458 28 0
21 504 136 1
22 300 42 1
22 301 29 0
23 26 222 1
23 65 106 0
23 98 58 1
23 99 48 1
24 45 42 0
24 46 120 1
24 47 57 0
24 97 81 0
24 301 21 0
25 64 40 1
25 491 78 1
26 64 58 0
26 65 174 1
26 98 130 0
26 99 222 1
26 237 53 0
27 64 43 0
27 215 138 1
27 236 40 0
27 254 126 0
27 491 54 1
28 92 94 1
28 156 120 1
28 256 45 0
28 257 32 0
28 418 17 0
28 496 63 0
29 92 39 0
30 60 23 0
30 155 61 0
30 157 122 1
30 256 82 1
30 257 56 0
30 418 58 0
32 34 30 1
32 414 33 0
32 415 15 0
33 35 58 1
33 36 15 0
33 535 102 1
34 414 60 1
34 415 12 0
35 36 70 1
36 70 196 0
36 72 193 0
36 149 88 0
36 348 36 0
36 410 65 0
37 181 39 0
37 331 39 0
37 432 126 1
38 181 154 1
38 331 46 1
38 432 16 0
39 225 17 0
39 229 21 0
39 478 34 1
40 225 12 1
41 196 77 0
41 198 72 0
41 271 142 0
41 272 296 1
41 376 173 0
41 516 35 0
43 196 160 1
43 198 75 0
43 516 35 0
44 102 72 1
44 271 118 0
44 272 248 1
44 376 292 1
45 97 50 0
46 47 88 1
46 96 54 0
48 53 39 0
48 54 56 1
48 55 60 1
48 278 68 1
49 186 76 1
49 187 76 1
50 62 40 0
50 117 190 1
50 160 94 0
50 194 64 1
50 276 73 0
50 423 58 1
51 53 27 0
51 195 22 0
51 423 9 0
52 63 62 1
53 195 44 1
53 278 58 1
53 279 110 1
53 286 116 1
54 55 4 0
54 278 42 0
55 61 27 0
56 57 60 1
56 65 244 1
56 316 172 1
56 378 236 1
56 394 120 0
56 507 212 1
56 517 147 0
57 104 92 1
57 316 122 1
57 378 186 1
57 507 162 1
58 115 64 0
58 255 62 1
58 256 70 1
59 115 49 0
59 255 33 0
60 256 84 1
60 257 124 1
60 418 64 0
63 165 84 1
65 99 206 1
65 104 121 0
65 394 70 0
65 517 188 1
66 153 68 1
67 153 70 1
67 284 112 1
68 224 58 1
68 229 40 0
68 375 130 1
68 489 28 0
69 143 314 1
69 153 66 1
69 283 32 0
69 284 92 1
70 136 264 1
70 169 524 1
70 170 484 1
70 202 268 1
70 348 186 0
70 410 132 0
72 136 258 1
72 169 259 0
72 170 239 0
72 202 262 1
72 302 56 1
72 348 183 0
72 410 258 1
73 299 208 1
73 439 136 1
74 184 104 1
74 299 296 1
74 439 54 0
75 248 42 0
75 337 82 1
75 338 40 0
76 248 76 1
76 388 68 1
77 263 110 0
78 79 42 1
78 263 86 0
79 279 58 0
80 289 104 1
81 289 110 1
82 104 56 0
82 316 120 0
82 366 56 1
82 393 22 1
82 536 100 0
83 353 39 0
83 366 45 0
84 349 35 0
84 448 81 0
84 476 89 0
84 477 154 1
85 405 56 1
85 448 80 0
85 476 176 1
85 477 152 1
87 88 92 1
87 151 54 0
87 349 60 1
88 447 100 1
88 476 182 1
88 477 79 0
89 405 112 1
90 227 41 0
90 417 7 0
90 515 35 0
91 227 112 1
91 447 80 1
91 515 46 1
92 156 126 1
92 496 106 1
94 238 105 0
94 253 56 1
94 254 102 1
94 499 60 0
94 503 38 1
94 506 26 0
95 238 182 1
95 244 42 1
96 98 86 1
97 122 108 0
97 466 202 1
97 467 93 0
97 528 220 1
98 121 53 0
100 167 18 0
100 201 136 1
101 167 21 0
101 201 65 0
104 394 238 1
104 517 292 1
106 343 112 1
106 425 66 1
107 108 56 1
107 344 78 1
107 425 108 1
108 344 130 1
108 425 36 0
109 158 92 1
109 314 104 1
109 525 84 1
110 158 35 0
110 159 62 0
110 173 43 0
110 175 74 1
111 205 34 1
111 402 80 0
111 510 33 0
111 517 80 0
112 205 40 1
112 402 50 0
112 488 20 0
113 301 54 1
115 391 54 1
115 392 37 0
116 160 44 0
116 275 34 0
117 532 91 0
118 210 172 0
118 212 370 1
118 275 90 1
118 438 430 1
118 479 238 1
118 520 92 0
119 129 118 0
119 204 94 1
119 401 33 0
120 353 61 0
120 354 65 0
120 401 80 1
121 237 132 1
121 509 16 0
122 466 101 0
122 467 186 1
122 509 13 0
122 528 110 0
123 142 114 0
123 240 110 1
123 462 180 1
123 519 184 1
124 240 53 0
124 325 256 1
124 327 72 0
124 430 200 1
124 431 200 1
124 462 109 0
124 531 98 0
125 343 122 1
125 538 33 0
126 163 84 1
126 228 78 0
126 343 74 0
126 538 52 1
127 154 70 1
127 425 66 1
127 522 44 1
128 154 35 0
128 343 73 0
128 375 44 1
129 277 72 0
129 381 42 1
129 401 188 1
129 459 14 1
130 380 62 1
130 381 19 0
130 382 64 1
130 397 39 0
130 398 62 1
130 459 44 1
131 239 114 1
131 323 55 0
132 134 25 0
132 135 104 1
132 439 94 1
133 135 74 1
133 240 54 0
133 495 39 0
134 299 278 1
135 239 61 0
136 148 60 1
136 202 26 0
136 203 76 1
137 147 92 1
137 148 34 0
137 202 42 0
138 313 73 0
138 428 82 0
138 483 75 0
139 312 26 1
139 426 72 1
139 483 120 0
140 483 30 0
141 407 54 1
141 408 74 1
142 407 32 1
142 519 190 1
143 171 414 1
143 283 155 0
143 284 116 0
143 408 56 0
144 399 92 1
144 524 32 0
145 146 3 0
146 518 98 1
147 281 164 1
147 498 144 0
148 202 64 1
148 281 103 0
148 498 168 0
149 169 167 0
149 170 147 0
149 348 78 0
149 410 37 0
150 189 100 1
151 152 30 1
152 350 38 1
153 283 68 1
153 285 35 0
153 419 58 1
153 420 34 0
154 420 23 0
154 522 24 0
156 256 206 1
156 496 30 1
157 199 296 1
157 200 95 0
157 487 144 0
159 310 86 1
159 311 126 1
159 470 22 0
159 492 100 1
159 493 124 1
160 275 86 1
160 276 49 0
161 487 33 0
161 502 29 0
162 335 122 1
162 441 34 0
162 486 22 1
162 502 46 0
162 511 110 1
163 228 76 0
163 444 108 0
163 538 70 1
164 444 92 0
165 220 92 1
165 365 50 1
166 220 32 1
166 319 102 1
166 320 21 0
167 201 168 1
167 280 109 0
168 280 152 1
169 348 206 1
169 410 262 1
169 413 86 1
170 348 83 0
170 410 111 0
170 535 35 0
171 284 143 0
171 285 192 1
172 345 13 0
172 346 8 0
172 425 54 0
173 492 34 1
174 175 50 1
174 232 48 1
174 492 62 1
175 235 35 0
177 182 88 1
180 361 70 0
180 362 65 0
180 456 22 1
180 458 16 0
181 305 222 1
181 308 208 1
181 372 270 1
181 468 53 0
183 409 64 1
183 465 68 1
183 519 52 0
185 465 62 1
186 260 74 1
186 405 232 1
187 329 46 1
188 329 33 0
188 405 92 0
189 265 130 1
190 266 57 0
190 321 100 1
191 317 120 1
191 318 50 0
191 332 58 1
191 404 30 0
191 443 44 0
192 318 67 0
192 341 23 0
192 443 136 1
193 298 94 0
193 299 216 1
193 332 42 1
193 333 56 1
193 384 35 0
194 423 28 1
195 286 44 0
196 405 224 1
196 406 132 1
196 516 46 0
197 326 167 0
197 358 100 0
197 405 172 1
197 406 41 0
197 513 157 0
197 514 298 1
198 516 82 1
199 391 39 0
199 392 18 1
199 527 38 0
200 487 83 0
201 471 106 1
204 402 88 0
204 488 19 0
205 402 132 1
205 517 83 0
206 207 42 1
206 209 112 1
206 354 75 0
206 401 66 1
207 209 39 0
207 354 58 0
208 209 102 0
208 354 121 0
209 354 72 1
210 433 34 1
210 438 47 0
210 479 236 1
210 480 284 1
210 520 340 1
211 212 30 1
211 438 49 0
212 479 262 1
212 480 310 1
212 520 366 1
213 252 38 1
213 254 164 1
214 364 64 1
214 399 38 0
215 252 32 0
216 221 42 1
216 223 36 1
216 442 16 1
217 389 50 1
218 383 39 0
218 454 60 1
219 290 124 0
219 291 90 1
219 292 62 1
219 319 28 0
219 320 42 0
219 451 45 0
220 319 76 1
220 320 15 0
220 365 37 0
221 411 52 0
221 442 25 0
221 452 72 1
222 223 7 0
222 452 23 0
223 389 24 0
223 411 124 1
224 294 94 0
224 489 28 1
225 478 5 0
225 489 15 0
226 229 74 1
226 444 44 0
227 444 34 0
228 538 53 0
229 375 152 1
230 484 78 1
231 536 94 1
232 235 70 1
233 235 16 0
233 484 90 1
235 440 82 1
236 490 20 1
236 491 15 0
237 238 25 0
237 490 76 1
237 509 74 0
238 253 94 0
238 254 228 1
238 490 16 0
239 325 130 1
241 460 36 1
241 481 48 0
241 482 40 1
241 483 98 1
241 518 27 0
244 245 25 0
244 506 80 1
245 335 36 1
246 359 28 0
246 360 60 1
247 359 36 0
248 337 36 1
248 387 43 0
248 388 27 0
249 386 62 1
249 387 7 0
249 388 40 1
250 269 17 0
250 270 12 1
250 486 54 1
251 269 27 0
251 270 46 0
252 399 45 0
253 499 44 0
253 503 45 0
254 503 63 0
255 297 50 1
256 257 22 0
256 496 106 0
257 297 22 1
257 418 32 1
258 505 109 0
259 455 56 0
259 500 49 0
259 501 50 0
259 504 294 1
260 328 36 1
262 435 42 0
262 533 186 1
262 534 230 1
263 279 216 1
263 286 65 0
264 286 108 1
264 433 47 0
264 438 112 1
265 321 36 1
265 350 72 1
267 339 27 0
267 340 13 0
267 424 50 1
268 339 82 1
269 486 41 0
270 486 58 1
271 376 84 0
271 377 91 0
272 403 31 0
273 378 76 1
273 379 56 1
273 399 140 0
273 400 83 0
273 507 86 1
274 378 15 0
274 379 25 0
276 469 50 0
276 532 89 0
280 414 96 1
281 282 82 1
281 498 144 0
283 419 22 1
287 449 40 0
287 494 42 1
288 494 22 1
289 521 96 0
290 291 174 1
290 292 117 0
290 293 69 0
290 319 214 1
290 376 168 1
290 467 52 0
291 376 111 0
292 293 138 1
292 376 282 1
293 376 300 1
293 391 66 1
293 467 80 1
294 462 101 0
294 464 238 1
295 461 24 0
296 315 42 0
296 525 27 0
297 418 26 0
298 330 144 1
298 333 118 0
298 384 108 0
299 330 172 1
299 333 132 0
299 384 244 1
299 439 242 1
301 309 28 0
301 510 62 1
302 355 90 1
302 356 38 1
303 304 10 0
303 356 24 0
303 422 28 0
304 356 34 1
304 421 16 0
304 422 42 1
305 468 62 0
306 307 20 0
306 342 38 1
307 342 40 1
308 468 55 0
309 510 25 0
310 470 52 1
310 492 36 1
310 493 20 0
310 526 84 1
311 471 30 0
311 493 16 1
311 526 76 1
312 426 34 0
312 427 46 0
312 428 40 0
312 483 264 1
312 524 116 1
313 428 11 0
313 483 270 1
314 525 46 0
315 461 66 1
316 393 228 1
316 507 94 1
316 536 180 1
317 341 43 0
317 443 62 1
319 376 85 0
320 469 88 1
322 347 21 0
323 325 64 1
324 347 44 0
324 454 53 0
325 327 139 0
325 357 468 1
325 358 239 0
325 431 100 0
325 436 148 0
325 531 260 1
326 436 30 0
326 437 41 0
326 513 100 0
326 514 184 1
327 436 18 0
327 437 39 0
328 367 43 0
330 384 114 1
331 443 72 1
332 384 68 1
332 404 58 1
333 384 60 1
333 404 62 1
335 486 63 0
336 502 104 1
336 508 54 1
336 528 80 0
341 445 42 0
343 374 198 1
345 346 18 1
346 425 49 0
348 410 110 1
351 357 21 0
351 395 238 1
351 397 39 0
351 529 31 0
351 530 238 1
352 397 30 0
354 421 41 0
355 356 104 1
356 421 34 1
357 395 130 0
357 436 112 0
357 529 84 1
357 530 260 1
357 531 210 1
358 395 314 1
358 436 234 1
358 513 137 0
358 514 258 1
358 530 274 1
358 531 110 0
360 390 34 0
362 364 84 1
362 412 94 1
363 364 84 1
363 412 10 1
364 412 90 1
366 393 38 0
368 512 14 0
369 416 29 0
369 463 54 0
369 464 80 1
369 512 54 1
370 512 12 0
370 514 28 0
371 416 42 0
372 434 28 0
372 468 172 1
373 434 50 1
373 533 140 1
373 534 184 1
375 489 90 0
376 467 133 0
378 507 26 1
380 474 60 1
380 475 48 1
383 454 62 1
385 435 75 0
385 473 47 0
386 387 64 1
391 527 76 1
392 527 31 0
393 536 94 0
395 431 118 0
395 474 60 1
395 475 29 0
395 523 13 0
395 529 178 1
395 530 67 0
396 424 60 1
396 474 34 1
398 459 50 1
408 409 88 1
409 465 68 1
411 442 39 0
413 535 22 1
413 536 53 0
416 464 78 1
420 522 28 1
421 429 45 0
422 429 84 1
424 523 20 0
426 524 72 1
427 524 60 1
428 483 288 1
430 436 152 1
430 530 60 1
430 531 58 1
431 436 182 1
432 443 21 0
434 533 92 1
434 534 68 0
435 473 90 1
435 533 104 1
435 534 74 0
436 529 129 0
436 530 208 1
436 531 148 1
438 479 161 0
438 480 370 1
438 520 213 0
441 486 72 1
444 472 85 0
446 456 57 0
446 457 114 1
447 477 37 0
447 515 30 0
448 477 58 1
448 515 29 0
449 453 2 1
450 451 72 0
450 494 44 0
451 485 58 1
451 532 50 0
452 503 39 0
455 457 56 1
455 458 74 1
455 500 58 0
455 501 74 1
455 504 214 1
456 457 22 1
457 501 94 1
460 482 48 1
461 525 21 0
462 519 173 0
463 464 16 0
465 495 26 0
465 519 56 1
466 527 72 1
466 528 19 0
469 532 92 0
470 492 39 0
470 526 33 0
476 513 33 0
479 520 234 1
482 518 8 0
485 532 26 0
486 511 57 0
488 517 101 0
495 519 39 0
497 533 76 1
497 534 2 1
497 537 106 1
498 533 42 0
502 508 144 1
502 528 89 0
503 506 52 1
508 528 162 1
513 514 17 0
529 530 178 1
529 531 122 0

CENÁRIO 5
PROBABILIDADE: 625/2858 = 0.218684
QTD_ARESTAS_REQUERIDAS: 674
QTD_ARESTAS_NAO_REQUERIDAS: 651
1 2 98 1
1 3 20 0
1 4 31 0
5 6 84 1
7 8 34 1
9 10 48 0
11 12 11 0
13 14 98 1
13 15 46 0
16 17 58 1
18 19 84 1
20 21 8 1
22 23 74 1
22 24 43 0
25 26 45 0
25 27 30 0
28 29 43 0
28 30 84 1
31 32 76 1
31 33 38 1
31 34 36 0
31 35 62 1
31 36 14 1
37 38 49 0
39 40 16 0
41 42 34 0
41 43 96 1
41 44 88 1
45 46 46 1
45 47 48 1
48 49 114 1
50 51 70 1
50 52 30 1
53 54 25 0
53 55 56 1
14 56 70 1
14 57 64 1
58 59 27 0
58 60 40 0
61 62 28 0
61 63 32 0
64 65 84 1
66 67 2 0
66 68 30 0
66 69 16 0
6 70 51 0
70 71 58 1
70 72 56 1
73 74 110 1
75 76 26 0
77 78 30 0
77 79 60 1
80 81 6 0
82 83 55 0
84 85 50 0
84 86 86 1
84 87 46 0
84 88 30 0
84 89 25 0
90 91 16 0
92 93 100 1
94 95 90 1
96 97 29 0
23 96 110 1
98 99 44 1
100 101 8 1
102 103 51 0
56 104 20 0
56 105 94 1
106 107 31 0
106 108 4 0
109 110 31 0
111 112 72 1
111 113 31 0
46 97 64 1
59 114 30 0
114 115 24 0
116 117 53 0
116 118 43 0
119 120 118 1
121 122 25 0
123 124 37 0
125 126 15 0
127 128 58 1
129 130 48 1
131 132 41 0
131 133 46 0
131 134 52 0
131 135 42 1
136 137 34 1
138 139 108 1
138 140 104 1
141 142 64 1
141 143 110 1
144 145 51 0
144 146 100 1
147 148 40 0
147 149 76 1
150 151 35 0
150 152 44 1
153 154 21 0
85 89 44 0
155 156 71 0
60 155 128 1
155 157 32 0
158 159 29 0
117 160 44 1
161 162 21 0
163 164 72 1
165 166 64 1
167 168 56 0
67 69 30 1
169 170 28 0
171 172 8 0
173 174 17 0
173 175 30 0
176 177 40 1
176 178 52 1
176 179 26 0
145 180 58 0
181 182 44 0
183 184 42 0
183 185 80 1
186 187 29 0
186 188 80 1
189 190 41 0
191 192 51 0
191 193 31 0
51 194 8 0
194 195 46 1
196 197 44 0
196 198 35 0
199 200 114 1
115 199 80 1
168 201 94 1
202 203 26 1
204 205 90 1
120 206 26 0
120 207 10 0
120 208 134 1
120 209 90 1
210 211 21 0
210 212 20 0
213 214 90 1
213 215 52 1
216 217 12 1
132 218 126 1
219 220 78 1
221 222 38 1
221 223 28 1
224 225 28 0
226 227 82 1
226 228 40 0
225 229 36 0
40 229 34 0
148 203 78 1
230 231 44 0
230 232 28 0
230 233 38 1
230 234 68 1
230 235 15 0
236 237 94 1
236 238 23 0
133 239 62 1
239 240 26 0
241 242 38 0
243 244 38 0
243 245 32 0
243 246 52 1
243 247 44 1
248 249 92 1
250 251 86 1
214 252 72 1
253 254 48 1
177 178 9 0
255 256 15 0
255 257 27 0
258 259 89 0
187 260 18 1
261 262 54 1
179 261 60 1
263 264 62 0
265 266 88 1
152 265 39 0
267 268 48 0
269 270 40 1
271 272 40 0
47 271 72 1
273 274 92 1
117 275 70 1
117 276 37 0
206 277 34 0
278 279 68 1
280 281 53 0
280 282 84 1
283 284 55 0
283 285 10 1
279 286 47 0
287 288 38 1
287 289 70 1
46 290 41 0
291 292 64 1
291 293 80 1
142 294 86 1
295 296 24 1
256 297 27 0
298 299 34 1
300 301 9 0
24 300 24 0
113 300 34 0
302 303 62 1
302 304 29 0
305 306 72 1
305 307 40 0
305 308 38 1
24 309 58 1
113 309 56 1
310 311 21 0
312 313 40 0
314 315 34 0
2 316 46 0
306 317 64 1
317 318 32 1
319 320 98 1
266 321 28 0
322 323 27 0
322 324 108 1
322 325 100 1
326 327 39 0
328 329 34 1
330 331 86 1
193 330 62 1
19 294 23 0
332 333 10 0
244 334 34 1
334 335 33 0
245 334 24 0
334 336 57 0
95 334 62 1
337 338 4 0
6 339 50 1
339 340 19 0
341 342 78 1
108 343 116 1
344 345 116 1
344 346 63 0
323 347 94 1
325 347 132 1
33 348 78 1
86 349 64 1
86 350 108 1
86 89 40 1
351 352 32 1
83 208 34 0
208 353 26 1
354 355 112 1
354 356 45 0
357 358 29 0
231 233 52 1
359 360 30 0
361 362 30 1
361 363 48 0
361 364 58 1
166 365 31 0
104 366 70 1
266 367 28 0
368 369 32 1
368 370 8 1
211 264 46 0
225 371 40 0
372 373 5 0
308 372 36 0
374 375 37 0
376 377 45 0
378 379 12 0
380 381 28 1
380 382 56 1
383 384 69 0
324 383 72 1
385 386 98 1
387 388 38 1
389 390 40 1
391 392 31 0
83 393 59 0
83 394 116 1
395 396 28 1
397 398 39 0
399 400 136 1
277 401 41 0
402 403 1 0
329 367 36 0
192 404 84 1
405 406 94 1
407 408 50 1
143 407 140 1
407 409 112 1
137 410 33 0
411 412 39 0
170 413 50 1
71 72 29 0
281 414 98 1
282 414 9 0
414 415 40 1
232 234 22 0
416 417 68 1
29 418 39 0
29 289 35 0
419 420 27 0
285 419 8 0
421 422 19 0
260 329 32 1
52 62 52 1
52 423 32 0
340 424 62 1
345 425 56 0
426 427 88 1
139 428 90 1
34 282 76 1
277 429 82 1
430 431 23 0
331 432 27 0
211 433 26 1
434 435 35 0
436 437 48 0
212 433 25 0
433 438 37 0
134 439 46 1
3 440 68 1
335 441 30 0
209 355 60 0
217 442 16 1
318 443 32 1
228 444 33 0
342 445 17 0
307 445 64 1
362 446 56 1
447 448 18 1
288 449 48 1
288 450 104 1
292 451 50 1
178 182 45 0
146 242 52 1
390 452 38 0
275 453 29 0
384 454 92 1
455 456 76 1
457 458 21 0
381 459 25 0
242 460 26 0
139 313 82 1
296 461 14 0
462 463 34 1
462 464 25 0
184 465 47 0
184 185 21 0
466 467 47 0
38 468 52 1
166 469 92 1
470 471 39 0
164 472 35 0
262 473 66 1
474 475 30 0
476 477 19 0
371 478 36 0
479 480 60 1
481 482 106 1
481 483 23 0
242 482 52 1
89 349 33 0
151 350 14 0
8 151 86 1
234 484 80 1
320 485 45 0
486 487 74 1
205 488 28 0
40 489 22 1
490 491 18 0
492 493 68 1
449 494 34 0
118 449 44 0
185 495 56 1
93 496 43 0
497 498 12 1
254 499 86 1
500 501 46 1
162 487 68 1
487 502 66 1
499 503 44 0
504 505 15 0
95 506 30 0
381 382 62 1
274 507 52 1
379 507 16 0
508 509 74 1
122 508 70 1
113 510 14 1
437 463 53 0
285 420 68 1
441 511 28 0
512 513 25 0
512 514 48 1
417 515 66 1
42 516 24 0
42 43 15 0
394 517 68 1
242 518 56 1
409 519 68 1
60 157 104 1
520 521 45 0
425 522 48 0
396 523 24 1
62 63 18 1
91 417 36 1
400 524 130 1
370 513 68 1
456 458 32 1
400 427 84 1
81 521 42 0
315 525 32 1
218 324 68 1
4 440 56 1
471 526 13 0
467 527 88 1
527 528 52 0
352 529 58 1
530 531 36 0
450 532 74 1
533 534 38 0
118 453 88 1
246 247 32 1
282 415 28 0
10 103 62 1
535 536 96 1
17 228 50 1
103 377 35 0
382 475 23 0
498 537 49 0
17 538 35 0
76 537 43 0
1 440 32 1
2 3 30 0
2 56 230 1
2 57 180 1
2 274 68 1
2 507 35 0
3 274 54 0
3 379 156 1
4 109 43 0
4 110 47 0
4 314 56 0
5 70 26 1
5 71 17 0
5 72 20 0
6 71 27 0
6 268 39 0
7 150 108 1
7 164 150 1
7 472 60 0
8 150 43 0
8 164 90 0
8 472 112 1
9 61 194 1
9 63 184 1
9 102 90 1
9 103 24 0
9 165 196 1
10 365 82 1
10 377 38 0
11 251 170 1
11 511 58 1
12 251 77 0
12 270 39 0
12 511 27 0
13 64 52 0
13 105 34 0
14 65 280 1
14 105 34 1
14 394 138 0
14 517 330 1
15 27 95 0
15 105 41 0
15 215 74 1
16 125 64 1
16 374 28 0
16 375 104 1
17 163 138 1
17 374 31 0
18 142 51 0
18 224 162 1
18 294 42 1
19 142 57 0
19 462 83 0
19 464 101 0
20 180 42 0
20 458 27 0
20 504 138 1
21 259 170 1
21 455 45 0
21 458 28 0
21 504 136 1
22 300 21 0
22 301 29 0
23 26 111 0
23 65 212 1
23 98 58 1
23 99 48 1
24 45 42 0
24 46 120 1
24 47 57 0
24 97 162 1
24 301 21 0
25 64 20 0
25 491 39 0
26 64 58 0
26 65 174 1
26 98 260 1
26 99 111 0
26 237 53 0
27 64 43 0
27 215 69 0
27 236 40 0
27 254 252 1
27 491 27 0
28 92 94 1
28 156 120 1
28 256 90 1
28 257 32 0
28 418 34 1
28 496 63 0
29 92 78 1
30 60 46 1
30 155 122 1
30 157 122 1
30 256 41 0
30 257 112 1
30 418 116 1
32 34 15 0
32 414 33 0
32 415 30 1
33 35 29 0
33 36 15 0
33 535 51 0
34 414 30 0
34 415 24 1
35 36 70 1
36 70 196 0
36 72 193 0
36 149 176 1
36 348 72 1
36 410 65 0
37 181 78 1
37 331 39 0
37 432 126 1
38 181 77 0
38 331 46 1
38 432 32 1
39 225 34 1
39 229 21 0
39 478 34 1
40 225 12 1
41 196 77 0
41 198 72 0
41 271 284 1
41 272 148 0
41 376 346 1
41 516 35 0
43 196 160 1
43 198 150 1
43 516 35 0
44 102 36 0
44 271 118 0
44 272 248 1
44 376 292 1
45 97 100 1
46 47 88 1
46 96 108 1
48 53 78 1
48 54 28 0
48 55 60 1
48 278 68 1
49 186 38 0
49 187 38 0
50 62 40 0
50 117 190 1
50 160 94 0
50 194 32 0
50 276 146 1
50 423 58 1
51 53 54 1
51 195 44 1
51 423 9 0
52 63 31 0
53 195 22 0
53 278 29 0
53 279 110 1
53 286 58 0
54 55 8 1
54 278 84 1
55 61 54 1
56 57 60 1
56 65 244 1
56 316 172 1
56 378 118 0
56 394 120 0
56 507 212 1
56 517 294 1
57 104 46 0
57 316 122 1
57 378 186 1
57 507 81 0
58 115 64 0
58 255 62 1
58 256 35 0
59 115 49 0
59 255 66 1
60 256 84 1
60 257 124 1
60 418 128 1
63 165 84 1
65 99 206 1
65 104 242 1
65 394 140 1
65 517 94 0
66 153 68 1
67 153 35 0
67 284 112 1
68 224 58 1
68 229 80 1
68 375 65 0
68 489 28 0
69 143 157 0
69 153 33 0
69 283 32 0
69 284 92 1
70 136 264 1
70 169 262 0
70 170 242 0
70 202 134 0
70 348 186 0
70 410 264 1
72 136 258 1
72 169 518 1
72 170 239 0
72 202 131 0
72 302 28 0
72 348 366 1
72 410 258 1
73 299 208 1
73 439 68 0
74 184 52 0
74 299 148 0
74 439 108 1
75 248 84 1
75 337 82 1
75 338 40 0
76 248 38 0
76 388 34 0
77 263 220 1
78 79 42 1
78 263 86 0
79 279 58 0
80 289 52 0
81 289 110 1
82 104 56 0
82 316 120 0
82 366 28 0
82 393 11 0
82 536 100 0
83 353 78 1
83 366 45 0
84 349 35 0
84 448 162 1
84 476 178 1
84 477 154 1
85 405 28 0
85 448 80 0
85 476 88 0
85 477 152 1
87 88 92 1
87 151 54 0
87 349 60 1
88 447 50 0
88 476 182 1
88 477 158 1
89 405 56 0
90 227 41 0
90 417 14 1
90 515 35 0
91 227 56 0
91 447 40 0
91 515 23 0
92 156 63 0
92 496 106 1
94 238 105 0
94 253 56 1
94 254 102 1
94 499 120 1
94 503 38 1
94 506 26 0
95 238 91 0
95 244 21 0
96 98 86 1
97 122 108 0
97 466 101 0
97 467 93 0
97 528 220 1
98 121 53 0
100 167 36 1
100 201 136 1
101 167 21 0
101 201 130 1
104 394 238 1
104 517 146 0
106 343 56 0
106 425 66 1
107 108 56 1
107 344 39 0
107 425 54 0
108 344 130 1
108 425 36 0
109 158 46 0
109 314 104 1
109 525 84 1
110 158 70 1
110 159 124 1
110 173 43 0
110 175 37 0
111 205 17 0
111 402 160 1
111 510 33 0
111 517 80 0
112 205 40 1
112 402 50 0
112 488 20 0
113 301 27 0
115 391 54 1
115 392 74 1
116 160 44 0
116 275 68 1
117 532 91 0
118 210 344 1
118 212 370 1
118 275 90 1
118 438 430 1
118 479 119 0
118 520 92 0
119 129 236 1
119 204 94 1
119 401 66 1
120 353 61 0
120 354 65 0
120 401 80 1
121 237 132 1
121 509 16 0
122 466 101 0
122 467 93 0
122 509 13 0
122 528 110 0
123 142 114 0
123 240 110 1
123 462 180 1
123 519 184 1
124 240 106 1
124 325 128 0
124 327 144 1
124 430 200 1
124 431 100 0
124 462 109 0
124 531 196 1
125 343 61 0
125 538 66 1
126 163 42 0
126 228 156 1
126 343 148 1
126 538 26 0
127 154 70 1
127 425 66 1
127 522 44 1
128 154 70 1
128 343 146 1
128 375 44 1
129 277 144 1
129 381 21 0
129 401 188 1
129 459 14 1
130 380 31 0
130 381 38 1
130 382 32 0
130 397 78 1
130 398 31 0
130 459 22 0
131 239 114 1
131 323 55 0
132 134 50 1
132 135 52 0
132 439 47 0
133 135 37 0
133 240 108 1
133 495 39 0
134 299 278 1
135 239 61 0
136 148 60 1
136 202 52 1
136 203 38 0
137 147 46 0
137 148 34 0
137 202 42 0
138 313 146 1
138 428 82 0
138 483 75 0
139 312 26 1
139 426 36 0
139 483 240 1
140 483 30 0
141 407 54 1
141 408 37 0
142 407 16 0
142 519 95 0
143 171 414 1
143 283 310 1
143 284 116 0
143 408 112 1
144 399 92 1
144 524 64 1
145 146 6 1
146 518 49 0
147 281 82 0
147 498 144 0
148 202 64 1
148 281 103 0
148 498 168 0
149 169 334 1
149 170 147 0
149 348 78 0
149 410 37 0
150 189 50 0
151 152 15 0
152 350 38 1
153 283 34 0
153 285 70 1
153 419 58 1
153 420 68 1
154 420 46 1
154 522 48 1
156 256 103 0
156 496 15 0
157 199 296 1
157 200 190 1
157 487 144 0
159 310 86 1
159 311 126 1
159 470 44 1
159 492 50 0
159 493 62 0
160 275 43 0
160 276 98 1
161 487 66 1
161 502 58 1
162 335 122 1
162 441 68 1
162 486 11 0
162 502 46 0
162 511 55 0
163 228 76 0
163 444 108 0
163 538 70 1
164 444 92 0
165 220 92 1
165 365 50 1
166 220 32 1
166 319 102 1
166 320 42 1
167 201 168 1
167 280 218 1
168 280 152 1
169 348 103 0
169 410 262 1
169 413 86 1
170 348 166 1
170 410 111 0
170 535 35 0
171 284 286 1
171 285 192 1
172 345 26 1
172 346 8 0
172 425 108 1
173 492 17 0
174 175 25 0
174 232 48 1
174 492 31 0
175 235 70 1
177 182 88 1
180 361 140 1
180 362 130 1
180 456 22 1
180 458 32 1
181 305 222 1
181 308 104 0
181 372 270 1
181 468 53 0
183 409 32 0
183 465 34 0
183 519 104 1
185 465 31 0
186 260 37 0
186 405 232 1
187 329 23 0
188 329 66 1
188 405 184 1
189 265 130 1
190 266 114 1
190 321 100 1
191 317 60 0
191 318 50 0
191 332 58 1
191 404 60 1
191 443 44 0
192 318 134 1
192 341 46 1
192 443 68 0
193 298 94 0
193 299 216 1
193 332 21 0
193 333 56 1
193 384 70 1
194 423 28 1
195 286 44 0
196 405 224 1
196 406 66 0
196 516 46 0
197 326 167 0
197 358 200 1
197 405 172 1
197 406 41 0
197 513 157 0
197 514 298 1
198 516 41 0
199 391 39 0
199 392 18 1
199 527 38 0
200 487 83 0
201 471 53 0
204 402 176 1
204 488 38 1
205 402 66 0
205 517 166 1
206 207 21 0
206 209 56 0
206 354 75 0
206 401 33 0
207 209 78 1
207 354 58 0
208 209 204 1
208 354 242 1
209 354 36 0
210 433 34 1
210 438 47 0
210 479 236 1
210 480 142 0
210 520 340 1
211 212 30 1
211 438 98 1
212 479 262 1
212 480 155 0
212 520 183 0
213 252 38 1
213 254 164 1
214 364 32 0
214 399 38 0
215 252 32 0
216 221 21 0
216 223 18 0
216 442 16 1
217 389 50 1
218 383 78 1
218 454 60 1
219 290 248 1
219 291 45 0
219 292 31 0
219 319 56 1
219 320 42 0
219 451 90 1
220 319 38 0
220 320 30 1
220 365 37 0
221 411 52 0
221 442 25 0
221 452 36 0
222 223 7 0
222 452 23 0
223 389 48 1
223 411 62 0
224 294 188 1
224 489 14 0
225 478 5 0
225 489 30 1
226 229 37 0
226 444 88 1
227 444 68 1
228 538 53 0
229 375 76 0
230 484 39 0
231 536 94 1
232 235 70 1
233 235 16 0
233 484 90 1
235 440 41 0
236 490 20 1
236 491 30 1
237 238 25 0
237 490 76 1
237 509 74 0
238 253 188 1
238 254 114 0
238 490 16 0
239 325 65 0
241 460 36 1
241 481 96 1
241 482 40 1
241 483 98 1
241 518 54 1
244 245 50 1
244 506 40 0
245 335 18 0
246 359 28 0
246 360 30 0
247 359 72 1
248 337 36 1
248 387 86 1
248 388 54 1
249 386 62 1
249 387 7 0
249 388 20 0
250 269 34 1
250 270 12 1
250 486 27 0
251 269 27 0
251 270 92 1
252 399 90 1
253 499 88 1
253 503 45 0
254 503 126 1
255 297 50 1
256 257 22 0
256 496 106 0
257 297 11 0
257 418 32 1
258 505 109 0
259 455 112 1
259 500 98 1
259 501 100 1
259 504 294 1
260 328 36 1
262 435 84 1
262 533 93 0
262 534 115 0
263 279 108 0
263 286 130 1
264 286 108 1
264 433 47 0
264 438 56 0
265 321 36 1
265 350 36 0
267 339 54 1
267 340 13 0
267 424 25 0
268 339 82 1
269 486 41 0
270 486 29 0
271 376 168 1
271 377 91 0
272 403 62 1
273 378 76 1
273 379 28 0
273 399 280 1
273 400 83 0
273 507 86 1
274 378 30 1
274 379 50 1
276 469 100 1
276 532 178 1
280 414 96 1
281 282 82 1
281 498 288 1
283 419 22 1
287 449 80 1
287 494 21 0
288 494 11 0
289 521 192 1
290 291 174 1
290 292 117 0
290 293 69 0
290 319 214 1
290 376 84 0
290 467 104 1
291 376 222 1
292 293 69 0
292 376 282 1
293 376 150 0
293 391 33 0
293 467 40 0
294 462 101 0
294 464 119 0
295 461 48 1
296 315 42 0
296 525 54 1
297 418 52 1
298 330 72 0
298 333 236 1
298 384 216 1
299 330 172 1
299 333 132 0
299 384 244 1
299 439 242 1
301 309 56 1
301 510 62 1
302 355 90 1
302 356 19 0
303 304 20 1
303 356 24 0
303 422 56 1
304 356 34 1
304 421 32 1
304 422 21 0
305 468 124 1
306 307 40 1
306 342 38 1
307 342 40 1
308 468 110 1
309 510 25 0
310 470 26 0
310 492 18 0
310 493 20 0
310 526 84 1
311 471 60 1
311 493 8 0
311 526 38 0
312 426 34 0
312 427 92 1
312 428 40 0
312 483 264 1
312 524 58 0
313 428 11 0
313 483 135 0
314 525 92 1
315 461 66 1
316 393 228 1
316 507 94 1
316 536 90 0
317 341 43 0
317 443 31 0
319 376 85 0
320 469 88 1
322 347 42 1
323 325 64 1
324 347 88 1
324 454 106 1
325 327 278 1
325 357 234 0
325 358 239 0
325 431 100 0
325 436 148 0
325 531 260 1
326 436 30 0
326 437 41 0
326 513 200 1
326 514 184 1
327 436 18 0
327 437 39 0
328 367 43 0
330 384 57 0
331 443 72 1
332 384 68 1
332 404 58 1
333 384 30 0
333 404 31 0
335 486 63 0
336 502 104 1
336 508 54 1
336 528 160 1
341 445 84 1
343 374 198 1
345 346 18 1
346 425 49 0
348 410 110 1
351 357 42 1
351 395 238 1
351 397 39 0
351 529 31 0
351 530 238 1
352 397 60 1
354 421 82 1
355 356 104 1
356 421 17 0
357 395 130 0
357 436 224 1
357 529 84 1
357 530 260 1
357 531 210 1
358 395 314 1
358 436 117 0
358 513 137 0
358 514 129 0
358 530 274 1
358 531 110 0
360 390 68 1
362 364 42 0
362 412 94 1
363 364 84 1
363 412 5 0
364 412 45 0
366 393 76 1
368 512 14 0
369 416 29 0
369 463 108 1
369 464 40 0
369 512 27 0
370 512 12 0
370 514 28 0
371 416 42 0
372 434 56 1
372 468 172 1
373 434 25 0
373 533 140 1
373 534 92 0
375 489 180 1
376 467 266 1
378 507 13 0
380 474 30 0
380 475 48 1
383 454 62 1
385 435 150 1
385 473 94 1
386 387 32 0
391 527 38 0
392 527 31 0
393 536 188 1
395 431 236 1
395 474 30 0
395 475 29 0
395 523 26 1
395 529 178 1
395 530 67 0
396 424 30 0
396 474 34 1
398 459 25 0
408 409 44 0
409 465 34 0
411 442 39 0
413 535 11 0
413 536 53 0
416 464 39 0
420 522 14 0
421 429 45 0
422 429 42 0
424 523 20 0
426 524 36 0
427 524 60 1
428 483 144 0
430 436 76 0
430 530 30 0
430 531 58 1
431 436 182 1
432 443 21 0
434 533 92 1
434 534 68 0
435 473 90 1
435 533 104 1
435 534 148 1
436 529 129 0
436 530 104 0
436 531 74 0
438 479 161 0
438 480 185 0
438 520 213 0
441 486 72 1
444 472 85 0
446 456 114 1
446 457 57 0
447 477 74 1
447 515 30 0
448 477 58 1
448 515 58 1
449 453 2 1
450 451 72 0
450 494 44 0
451 485 58 1
451 532 100 1
452 503 78 1
455 457 56 1
455 458 74 1
455 500 58 0
455 501 37 0
455 504 214 1
456 457 11 0
457 501 47 0
460 482 24 0
461 525 21 0
462 519 346 1
463 464 16 0
465 495 26 0
465 519 28 0
466 527 36 0
466 528 38 1
469 532 92 0
470 492 78 1
470 526 66 1
476 513 66 1
479 520 234 1
482 518 8 0
485 532 26 0
486 511 57 0
488 517 101 0
495 519 78 1
497 533 38 0
497 534 2 1
497 537 53 0
498 533 84 1
502 508 144 1
502 528 178 1
503 506 26 0
508 528 81 0
513 514 34 1
529 530 89 0
529 531 244 1

